	TCGA-OR-A5J1-01A-11D-A29J-05	TCGA-OR-A5J2-01A-11D-A29J-05	TCGA-OR-A5J3-01A-11D-A29J-05	TCGA-OR-A5J4-01A-11D-A29J-05	TCGA-OR-A5J5-01A-11D-A29J-05	TCGA-OR-A5J6-01A-31D-A29J-05	TCGA-OR-A5J7-01A-11D-A29J-05	TCGA-OR-A5J8-01A-11D-A29J-05	TCGA-OR-A5J9-01A-11D-A29J-05	TCGA-OR-A5JA-01A-11D-A29J-05	TCGA-OR-A5JB-01A-11D-A29J-05	TCGA-OR-A5JC-01A-11D-A29J-05	TCGA-OR-A5JD-01A-11D-A29J-05	TCGA-OR-A5JE-01A-11D-A29J-05	TCGA-OR-A5JF-01A-11D-A29J-05	TCGA-OR-A5JG-01A-11D-A29J-05	TCGA-OR-A5JI-01A-11D-A29J-05	TCGA-OR-A5JJ-01A-11D-A29J-05	TCGA-OR-A5JK-01A-11D-A29J-05	TCGA-OR-A5JL-01A-11D-A29J-05	TCGA-OR-A5JM-01A-11D-A29J-05	TCGA-OR-A5JO-01A-11D-A29J-05	TCGA-OR-A5JP-01A-11D-A29J-05	TCGA-OR-A5JQ-01A-11D-A29J-05	TCGA-OR-A5JR-01A-11D-A29J-05	TCGA-OR-A5JS-01A-11D-A29J-05	TCGA-OR-A5JT-01A-11D-A29J-05	TCGA-OR-A5JV-01A-11D-A29J-05	TCGA-OR-A5JW-01A-11D-A29J-05	TCGA-OR-A5JX-01A-11D-A29J-05	TCGA-OR-A5JY-01A-31D-A29J-05	TCGA-OR-A5JZ-01A-11D-A29J-05	TCGA-OR-A5K0-01A-11D-A29J-05	TCGA-OR-A5K1-01A-11D-A29J-05	TCGA-OR-A5K2-01A-11D-A29J-05	TCGA-OR-A5K3-01A-11D-A29J-05	TCGA-OR-A5K4-01A-11D-A29J-05	TCGA-OR-A5K5-01A-11D-A29J-05	TCGA-OR-A5K6-01A-11D-A29J-05	TCGA-OR-A5K8-01A-11D-A29J-05	TCGA-OR-A5K9-01A-11D-A29J-05	TCGA-OR-A5KO-01A-11D-A29J-05	TCGA-OR-A5KT-01A-11D-A29J-05	TCGA-OR-A5KU-01A-11D-A29J-05	TCGA-OR-A5KV-01A-11D-A29J-05	TCGA-OR-A5KW-01A-11D-A29J-05	TCGA-OR-A5KX-01A-11D-A29J-05	TCGA-OR-A5KY-01A-11D-A29J-05	TCGA-OR-A5KZ-01A-11D-A29J-05	TCGA-OR-A5L3-01A-11D-A29J-05	TCGA-OR-A5L4-01A-11D-A29J-05	TCGA-OR-A5L5-01A-11D-A29J-05	TCGA-OR-A5L6-01A-11D-A29J-05	TCGA-OR-A5L8-01A-11D-A29J-05	TCGA-OR-A5L9-01A-11D-A29J-05	TCGA-OR-A5LA-01A-11D-A29J-05	TCGA-OR-A5LB-01A-11D-A29J-05	TCGA-OR-A5LC-01A-11D-A29J-05	TCGA-OR-A5LD-01A-11D-A29J-05	TCGA-OR-A5LE-01A-11D-A29J-05	TCGA-OR-A5LG-01A-11D-A29J-05	TCGA-OR-A5LH-01A-11D-A29J-05	TCGA-OR-A5LJ-01A-11D-A29J-05	TCGA-OR-A5LK-01A-11D-A29J-05	TCGA-OR-A5LL-01A-11D-A29J-05	TCGA-OR-A5LM-01A-11D-A29J-05	TCGA-OR-A5LN-01A-11D-A29J-05	TCGA-OR-A5LO-01A-11D-A29J-05	TCGA-OR-A5LP-01A-11D-A29J-05	TCGA-OR-A5LR-01A-11D-A29J-05	TCGA-OR-A5LS-01A-11D-A29J-05	TCGA-OR-A5LT-01A-11D-A29J-05	TCGA-OU-A5PI-01A-12D-A29J-05	TCGA-P6-A5OF-01A-11D-A29J-05	TCGA-P6-A5OG-01A-22D-A29J-05	TCGA-PA-A5YG-01A-11D-A29J-05	TCGA-PK-A5H8-01A-11D-A29J-05	TCGA-PK-A5H9-01A-11D-A29J-05	TCGA-PK-A5HA-01A-11D-A29J-05	TCGA-PK-A5HB-01A-11D-A29J-05
ABR-cg06968724-17-1012579	-0.351938432031555	0.439341072729187	0.973427906957703	0.559939248754578	-0.312761508874817	0.434086656713562	0.429071834875183	0.113745770177917	0.454725604833679	0.538630858373718	0.307525705175476	0.468889130834656	0.410771153661804	0.43647039816864	0.283094774389343	0.4993028689328	0.698699398412781	0.462802059850769	0.403947444006043	0.419022299963074	0.529767850195007	0.422668267309265	0.438024431249695	0.374368202428894	0.415006890417175	-0.114219020044251	0.416086875890808	0.83825685129364	0.515452421972351	0.423091218664246	0.50201538632782	0.427880271703796	0.547860477758484	0.42078737082489	0.436990452795105	0.22387836313446	0.417238655248718	0.474052513708191	0.877644109777527	-0.0695150234622194	0.540294359350281	-0.0474324284915162	1.02583574765594	-0.0898578998049926	0.035058003576355	0.390344151464539	0.488114172582703	0.491550714757996	0.766778181493835	0.428124999303894	0.421243404028015	0.394811568517761	0.174495787633972	0.303286239233093	0.416839552709656	0.422640568395691	0.529679810644226	-0.126908533716125	0.499047013891296	0.622834199316101	0.430840057897644	0.417426174841003	1.13222805588348	-0.0496841455325318	0.317008295263367	0.00701589371307376	0.413597136938171	0.470840500951843	0.419893243871765	0.415294001073914	0.392984225683289	0.0588867028561401	0.42167812851532	0.61382908164032	0.22953062851532	0.42167812851532	0.324628651995789	0.526140802468445	-0.101545738414368	0.659523664835632
ABR-cg23568341-17-1011974	-0.383075654321594	0.413467850439148	0.874499684667664	0.515257026464539	-0.297984731164856	0.406975434423523	0.395845612585144	0.203010547887878	0.40828738254364	0.421173636083679	0.280952482885437	0.479745908544617	0.394299931371765	0.384558175878601	0.569635552099304	0.394768646642761	0.732024176122742	0.39212783756073	0.993883221716003	0.484919077673035	0.430480627904968	0.400986045019226	0.386504208959656	0.869903980138855	0.410691668127136	0.0138767576657105	0.387528653600769	0.685331629003601	0.453878199682312	0.394005996374207	0.456066164037781	0.397236049413757	0.437440255468445	0.538933148534851	0.412202230505066	0.556080140844421	0.388537432958679	0.410717291418152	0.721534887487488	0.597232754247742	0.467242137060242	0.772820349218445	0.902930525365906	0.590823877904968	0.012251781286316	0.3847109291745	0.436598950292664	0.420324492467957	0.939347959203796	0.759559777013855	0.388821181737976	0.434739346227722	0.151532565343933	1.01750701694305	0.388855330419617	0.393357346105652	0.488614588354187	-0.0495767560061646	0.438709791601257	0.562462977026062	0.399264835607605	0.538827952550964	1.09516583359344	-0.0705953678225707	0.480929072973328	0.000413671423034723	0.386308914648132	0.425689278661804	0.399201021581726	0.539472778783874	0.44085400339325	0.0724304805661011	0.42167812851532	0.59831708164032	0.24504262851532	0.42167812851532	0.187620656136414	0.37919080660907	0.472418265726257	0.466813089976257
ABR-cg24479027-17-1012576	-0.348273627954407	0.445114876806335	0.988262711034851	0.557187052831726	-0.314149704797669	0.43536446079071	0.476849638952331	0.114215574255066	0.495478408910828	0.548468662450867	0.310323509252625	0.555337934911804	0.408203957738953	0.489565202245789	0.283772578466492	0.524660673009949	0.756738202489929	0.514717863927918	0.405907248083191	0.415431104040222	0.529118654272156	0.419212071386414	0.476810235326843	0.372702006506042	0.417964694494324	-0.114566215967102	0.422442679967957	0.881530655370789	0.521463226049499	0.421093022741394	0.513622190404968	0.426121075780945	0.549853281835632	0.424691174902039	0.472144256872253	0.225117167211609	0.419235459325867	0.478051317785339	0.909514913854675	0.308670780614929	0.556499163427429	-0.0457446244143677	1.08046055173309	-0.0882330957278442	0.0288458076535034	0.394910955541687	0.498960976659851	0.543675518835144	0.851553985570984	0.429467803381042	0.419258208105164	0.39317337259491	0.174380591711121	0.296478043310242	0.416355356786804	0.421365372472839	0.543342614721374	-0.124250729638977	0.508352817968445	0.62706800339325	0.422447861974793	0.417453978918152	1.14886285996063	-0.0480863414553832	0.318956099340515	0.00959269779022226	0.41259894101532	0.501247305028992	0.419648047948914	0.416049805151062	0.524059029760437	0.0622285069332886	0.42167812851532	0.62028858164032	0.22307112851532	0.42167812851532	0.324335651995789	0.526433802468445	-0.103311738414368	0.710753543835632
ACOT7-cg16034168-1-6336711	0.438559590063171	0.347341094823914	0.0153139290524292	0.418117270849304	0.22533351321991	0.502679678808289	0.42226085696991	0.277851792272644	0.344876626928406	0.306785880468445	0.818070727270203	0.348647152929382	0.429016175756531	0.420617420263367	1.06488379648407	0.427944891027527	0.791043420507507	0.417201081945496	0.518314466100769	0.4115663220578	0.379104872289734	1.16061028940399	0.412723453344421	1.12342122452362	0.431363912511902	0.655541002050476	0.345532897985535	0.602306873388367	0.448198444067078	0.312715240758972	0.420215408422546	0.352016293798523	0.39937249985321	0.344161392919617	0.425128474889832	1.01874038522919	0.289050677343445	-0.396144464197083	0.810441131872253	0.558551998632507	-0.515558618554993	0.74607859360321	1.05925776975067	-0.152625877710266	0.803704025671082	0.276197173559265	0.408054194677429	0.478325736852722	-0.036947796411438	0.502398021398621	0.385661426122742	0.493803590612488	0.792783809728699	0.15265226132782	1.17346357480438	0.631966590490417	0.443136832738953	-0.256242511621399	0.358718035986023	-0.333441778589173	0.337580079992371	0.52867019693573	0.23163007797821	0.177174876562195	0.393400317358093	0.4539839158078	0.550212159032898	0.39400152304657	0.911697265966492	0.41048802316864	0.518830247778015	0.869992724950867	0.42167812851532	0.0229495816403198	0.82041012851532	0.42167812851532	0.399869605034851	0.981860755507507	0.447833214624695	0.393866767874695
ACOX3-cg18631798-4-8396163	0.415011419042664	0.339273923803406	0.0249897580319214	-0.0544369001712037	-0.369931657800598	0.638317507787781	0.439407685949402	0.302393621252136	0.454806455907898	0.426554709447937	1.09727255624969	0.412268981908875	0.470779004736023	-0.351239750757141	0.268589625463562	0.201200720007019	0.507538249486999	-0.409529089075012	0.650106295080261	0.742871151037293	0.062816701269226	1.20580011838348	-0.213662717676086	0.452992053503113	0.750145741491394	-0.218123168970032	0.381321726965027	0.950908702367859	0.15754627304657	0.522135069738464	0.444985237402039	1.10977512277802	-0.525142671167297	0.542831221899109	0.427805303869324	0.682907214208679	1.14366850632294	0.27756336478241	-0.0838330391482546	-0.177699172388	-0.493371789575501	-0.155891577417297	0.391059598730164	-0.190780048730774	0.760945854650574	0.604641002538757	-0.443631976343079	0.475951565832214	0.158476032568054	0.764372850378113	0.472902255102234	0.63573841959198	0.921858638708191	0.205494090307312	1.11303840378387	0.75446641946991	0.435396661718445	-0.195995682641907	-0.457607135034485	-0.40473594960968	0.351105908971863	0.779850025915222	0.249019906957703	0.264541705541687	0.255258146337585	0.802341744787292	0.50815998801239	0.360846352026062	0.473396094945984	0.527939852148132	0.532167076757507	-0.0329684460696412	0.42167812851532	0.0552575816403199	0.78810212851532	0.42167812851532	0.529165605034851	0.930497755507507	0.318537214624695	0.270569018874695
ACSS1-cg23676480-20-25039812	0.387407751318054	0.340167256078796	0.792759090307312	-0.442332567895813	0.373755674474793	0.339527840063171	0.370900018224792	-0.00715904647247317	0.386753788183289	-0.110779958276672	0.421872888525085	0.444794314184265	0.481071337011414	-0.0991294184817505	0.915063957738953	0.40449705228241	0.79130758176239	0.417650243200378	0.615086627355652	0.320082483312683	-0.506742966455383	0.640219450658875	-0.429157385400696	0.702045385778503	0.655910073766785	0.574119163305359	0.438417059240418	0.62054503464325	0.45394460532196	1.02376840201386	-0.463541430322571	0.370176455053406	0.341872661108093	1.1680445541745	0.302631636144714	0.95603554648407	0.684793838598328	-0.2913563029422	0.663242293127136	0.56027815988739	0.38310054269989	0.712611754858093	0.552750931005554	0.639846283544617	0.0975121869259643	1.05963333481415	-0.465895644067688	0.436411898107605	-0.0070786351565551	0.402414182653503	0.329065587377624	0.349561751867371	0.538722970983581	1.0423064225827	1.02488373605927	0.5957037517453	0.418957993993835	-0.0767933503665161	-0.462606802759094	-0.37085461733429	0.299246241247253	0.391832358190613	0.615161239233093	0.565388037817078	0.284635478612976	0.653169077062683	0.528776320287781	0.360081684301453	0.325128427221375	0.485142184423523	0.442384409032898	0.54327388620575	0.42167812851532	0.62448608164032	0.21887362851532	0.42167812851532	0.413822505128601	0.403456655601257	0.462501114718445	0.433851494968445
ADAM5P-cg14742937-8-39172097	-0.169821463891907	0.408663040868835	0.0867108750973511	0.226314216894226	0.104492459264831	0.58663762485321	0.443499803014831	0.863948738317566	0.277370572973328	0.446914826513367	1.12355867331512	0.438635098974304	0.532929121801453	0.480519366308289	1.08652474252899	0.466130837072449	0.121592366552429	-0.326180972009582	0.506377412145691	0.466779268102722	-0.172700181665344	0.462886235448914	0.498396399389343	0.420688170568543	0.414141858556824	0.722132948095398	1.29822484403046	0.993609819433289	-0.306670609888	0.461393186803894	0.458748354467468	0.406531239843445	-0.436864554101868	0.418431338964539	0.213343420934753	0.200640331274109	0.701047623388367	-0.0246145181521607	0.312473077917175	0.610011944677429	0.506312327489929	-0.0975234603518675	0.540789715795593	-0.117734931665344	-0.000284028283996596	0.349239119604187	0.447439140722351	-0.228203317102356	0.0529611496334839	0.677327967443542	1.12343337216766	0.50472853665741	0.164126755773621	0.237863207372742	0.387580520849304	0.938525536535339	-0.290660221216125	-0.171200565576477	0.452864982030945	-0.34028683254425	1.28903602603729	0.423398142980652	0.338150024023132	0.737904822607117	1.10145926340302	0.317221861852722	0.47114710507782	-0.406736530908508	0.425274212011414	0.383724969213562	-0.281202806177063	0.912722670995789	0.42167812851532	0.0719465816403198	0.77141312851532	0.42167812851532	0.293160618175476	0.612921768648132	0.45251522776532	0.39042203401532
ADAM5P-cg19659741-8-39172099	-0.246962794092102	0.42242571066864	0.0890745448971558	0.164140886694031	0.174568129064636	0.786657294653015	0.433049472814636	0.857801408117371	0.317232242773132	0.435033496313171	1.12159834311493	0.458012768774109	0.660709791601257	0.469318036108093	1.0710204123288	0.448314506872253	0.127700036352234	-0.346804302209778	0.546970081945496	0.452756937902527	-0.11783051186554	0.464108905248718	0.486111069189148	0.400608840368347	0.437821528356628	0.723554617895203	1.21283951383026	0.953890489233093	-0.330985940088196	0.564793856603699	0.485942024267273	0.37397390964325	-0.451045884302063	0.450695008764343	0.141482090734558	0.195142001073914	0.763820293188171	-0.00703984835235594	0.36168974771698	0.586352614477234	0.483172997289734	-0.109648790552063	0.607554385595398	-0.122621261865539	0.000761641515808154	0.337818789403992	0.398065810522156	-0.226021647302551	0.0347028194332886	0.666711637243347	1.09268204196747	0.515545206457214	0.144989425573425	0.228347877172546	0.391611190649109	0.873750206335144	-0.266303551416321	-0.177094895776672	0.439869651830749	-0.352705162744446	1.2572026958371	0.421955812780457	0.392410693822937	0.734494492406921	1.10012393320282	0.378703531652527	0.468463774877625	-0.418661861108704	0.418901881811218	0.377827639013367	-0.283210136377258	0.875389340795593	0.42167812851532	0.0530515816403198	0.79030812851532	0.42167812851532	0.275583974175476	0.547498124648132	0.46538658376532	0.37755067801532
ADCY4-cg13631572-14-24803903	0.461662471166687	0.395847975927429	0.616914810155945	0.48218115195282	0.202649394323425	0.384892559911804	0.367501738073425	0.20412567337616	0.442602508031921	0.186955761571961	0.368460608373718	0.519200034032898	0.361165056860046	0.397621301366882	0.894067677587586	0.455568772131043	0.337753301611023	0.447532963049011	0.363331347204285	0.766498203161316	0.46681375339325	0.375193170507507	0.421847334447937	0.353456105627136	0.423161793615418	0.353368883153992	0.53562877908905	0.317856754491882	0.450514325170593	0.368403121862488	0.478612289526062	0.998786174902039	0.476468380956726	0.367847274023132	0.426995355993347	0.359805266332703	0.359333558446961	0.456192416906433	0.375767012975769	0.313645879736023	0.451927262548523	0.766666474706726	0.770865650854187	0.56665200339325	-0.027843093225403	0.963950054662781	0.458336075780945	0.105443617956238	0.180676084692078	0.374988902502136	0.487360307226257	0.390577471716003	0.166220690832214	0.895696142431335	0.369122455907898	0.383661471593933	0.456343713842468	0.690682369482116	0.420058917089539	0.567237102514343	0.873404961095886	0.375007078039246	0.891279959081726	0.41112175766571	0.305108198461609	0.219959796911316	0.880685040136414	0.433471404150086	0.591518147070007	0.374891904272156	0.352431128881531	0.921982606054382	0.42167812851532	0.63693258164032	0.20642712851532	0.42167812851532	0.335622651995789	0.515146802468445	0.223044261585632	0.546121548835632
ADCY4-cg14287235-14-24804339	0.478360559423523	0.415169064184265	0.490174898412781	0.485590240209656	0.228867482580261	0.41066864816864	0.418498826330261	0.617443761632996	0.487315596288757	0.364630849828796	0.985457696630554	0.443796122289734	0.395435145116882	0.430384389623718	0.906157765844421	0.460505860387878	0.500150389867859	0.476260051305847	0.670584435461121	0.911392291418152	0.473260841650085	0.400509258764343	0.473950422704773	0.371554193883972	0.417631881872253	0.405979971410828	0.397344867345886	0.453509842748718	0.00600141342742916	0.461035210119324	0.445435377782898	0.404402263158874	0.366860469213562	1.17801936227997	0.410389444250183	0.272077354589539	0.394134646703796	0.405510505163269	0.422759101232605	0.287262967992859	0.162384350805359	0.195223562963562	0.400963739111023	0.668460091650086	0.114498995031433	1.13080414291962	0.403547164037781	-0.0553462937869263	0.562850172948914	0.404064990758972	0.408105395483093	0.440413559972839	0.33506377908905	0.942553230688171	0.403731544164734	0.398731559850769	0.398268802099304	0.578950457738953	0.464899005346374	0.613423190771179	0.436607049352722	0.391005166296082	1.07904404733856	0.513765845922546	0.369851286718445	0.282606885168152	0.50061112839325	0.469895492406921	1.02146123532684	0.393008992528992	0.128325217138367	0.703100694311218	0.42167812851532	0.57990458164032	0.26345512851532	0.42167812851532	0.908302978042663	0.38838012851532	0.457652587632507	-0.243144171117493
ADCY4-cg16215203-14-24803917	0.469202155004578	0.38336265976532	0.861854493993836	0.46359883579071	0.455338078161316	0.378564243749695	0.375056421911316	0.22872835721405	0.427374191869812	0.204954445409851	0.531963292211609	0.499537717870789	0.363344740697937	0.399496985204773	0.289838361425476	0.495285455968933	0.187638985448914	0.444135646886902	0.350369031042175	0.807479886999207	0.47404243723114	0.364623854345398	0.431486018285828	0.375887789465027	0.396370477453308	0.390450566991882	0.355317462926941	0.0896554383297729	0.434785009008484	0.406645805700378	0.476847973363953	0.419494858739929	0.479668064794617	0.358455957861023	0.434177039831238	0.170186950170593	0.361410242284851	0.423335100744324	0.53702569681366	0.597557563573914	0.454063946386414	0.818593158544617	0.828492334692078	0.55590068723114	-0.0287774093875122	1.03293373850067	0.465553759618835	0.147058301794128	0.169063768529968	0.372631586340027	0.888304991064148	0.375028155553894	0.160283374670105	1.14270182626923	0.361731139745789	0.359800155431824	0.496352397680359	0.692208053320007	0.450892600927429	0.565141786352234	0.856608644933777	0.366861761877136	1.01361764291962	0.471517441503601	0.3807938822995	0.260873480749207	0.414210723974304	0.467725087987976	0.358147830907898	0.358145588110046	0.412983812719421	0.889448289892273	0.42167812851532	0.62756108164032	0.21579862851532	0.42167812851532	0.385219543628601	0.537565694101257	0.289178153218445	0.462454456468445
ADCY4-cg23179456-14-24803873	0.452020599706726	0.348415104467468	0.314169938695984	0.486274280492859	0.508620522863464	0.343579688451843	0.409472866613464	0.294955801916199	0.44396163657196	0.246447890112	0.210578736913757	0.493219162572937	0.319498185400086	0.436172429906921	0.291813806127625	0.454574900671082	0.604090430151062	0.44907609158905	0.325666475744324	0.589245331701355	0.434002881933289	0.342037299047546	0.424983462987976	0.283236234167175	0.855163922155457	0.398237011694031	0.362521907629089	0.618999883031921	0.488482453710632	0.328534250402527	0.448858418066101	0.726752303442078	0.451149509496765	0.352017402563171	0.384260484533386	0.659680394872742	0.320584686986999	0.406354545446472	0.571609141515808	0.295146008276062	0.414268391088562	0.256738603246765	0.241876779394226	0.607422131933289	-0.0649389646853638	0.90511618320282	0.440911204320984	0.176529746496277	0.459213213232117	0.335353031042175	0.709689435766296	0.380480600256043	0.181907819372254	1.04641927097137	0.324798584447937	0.422901600133972	0.442699842382507	0.660557498022156	0.420326045629578	0.537068231054382	0.510259089635925	0.337978206579285	0.790016087621765	0.26538388620575	0.325585327001648	0.430343925451355	0.353144168676453	0.437215532690125	0.403622275610046	0.325494032812195	0.46977025742157	0.771344734594421	0.42167812851532	0.53390208164032	0.30945762851532	0.42167812851532	0.335070651995789	0.515698802468445	0.660185261585632	0.0690565468356323
ADCY4-cg25556905-14-24803925	0.445048499975281	0.420796004736023	0.531143838964539	0.456237180761414	0.550028423132019	0.415572588720398	0.342487766882019	0.281419702184753	0.427367536840515	0.160440790380554	0.724586637182312	0.469290062841492	0.40495508566864	0.316158330175476	0.259043706396179	0.402237800939636	0.309864330419617	0.470348991857605	0.382517376012878	0.44386723196991	0.488224782201843	0.401777199316101	0.408378363256531	0.35477613443573	0.834818822424011	0.393209911962585	0.391742807897644	0.127026783300476	0.503313353979187	0.561407150671082	0.449332318334656	0.540481203710632	0.50400040976532	0.402911302831726	0.375898384801941	0.201702295141296	0.396475587255554	0.419935445715027	0.529101041784363	0.456746908544617	0.510973291357117	0.82442150351532	0.688069679662781	0.604933032201843	0.00605393558319089	0.870424083471375	0.460322104589539	0.152145646764831	0.421264113500671	0.41172693131073	0.876421336034851	0.411714500524597	0.160735719640808	1.19291317123993	0.393551484716492	0.401764500402527	0.416807742651062	0.69794539829071	0.442182945898132	0.587040131322937	0.51669698990448	0.417418106847839	0.63964598789032	0.501842786474304	0.296043227270203	0.23028082571991	0.408821068945007	0.448760432958679	0.409477175878601	0.392949933080749	0.489644157690124	0.460833634862976	0.42167812851532	0.57323958164032	0.27012012851532	0.42167812851532	0.435027605034851	0.619983755507507	0.412675214624695	0.128906916874695
AGMAT-cg02900441-1-15911134	0.43552784750946	0.409344352270203	0.115527186498718	0.516636528295593	-0.330840229333801	0.401254936254578	-0.391217885583801	0.474358049718933	0.371579884374695	0.525623137914734	0.271414984716492	0.505759410375671	0.38319243320282	0.430281677709656	1.03997905393036	0.506131148473816	0.775394677953796	0.456544339391785	0.377304723547058	0.390997579504089	0.505398129736023	0.388497546850281	0.44450971079071	0.38207148196991	0.383811169958191	-0.0893157405032349	1.10546215543182	0.563598130834656	0.526086701513367	0.395416498205261	0.364357665868835	0.407892551244812	0.525603757299499	0.548324650365906	0.510156732336121	0.231042642675476	0.386710934789734	0.473705793249206	0.830983389318543	0.644729256078796	0.250144638891296	-0.0715061489505005	0.31174202719696	0.731657379736023	0.474122283117371	0.358035431005554	0.501688452123718	0.494287994299011	0.172590461034851	0.40119127884491	0.386150683569031	0.371918848058777	0.163945067174988	0.827124518774109	0.391865832250671	0.390207847936707	0.530338090185242	-0.14484725417511	0.501793293432312	0.571955478857117	0.39663133743866	0.412667454382019	0.343317335424499	0.611127134008484	1.09954257480438	0.464405173254089	0.827688416479187	0.273952780492859	1.04691952341278	1.18478428061493	-0.300528494775696	0.973197982397156	0.42167812851532	0.31902108164032	0.52433862851532	0.42167812851532	0.967177336675476	0.253559487148132	0.39707694626532	0.44586031551532
AHDC1-cg07792636-1-27878409	-0.0386748294924927	0.48135567526825	0.0714095094967652	0.47839485129364	-0.0583299063357544	1.21361125925262	0.452592437414246	0.93097537271698	-0.269505792627258	0.482679460912781	1.12423830771454	-0.00979126662628171	0.613023756200867	0.497964000707703	0.293864376928406	-0.428950528528137	0.334912000951843	0.451713662389832	0.528480046545105	0.515038902502136	-0.33465254726593	1.23634486984833	0.488068033788757	0.853363804967956	0.428982492956238	-0.168394417505188	0.385451478429871	0.314750453832703	-0.253076975488587	0.346856821203308	0.465187988866882	0.384725874242859	0.406657080297546	0.851723973363953	-0.0639359446658326	0.219986965673523	0.325667257787781	0.410317116247253	-0.00705428768341065	-0.260522420923157	-0.308525038110657	0.0538331740475463	0.544299350195007	-0.0141172972659302	0.658660606115418	0.325133754003601	0.330071775121765	0.570841317297058	0.915668784032898	0.497575601842957	0.416339006567078	0.551220171056824	0.393202390173035	0.245781841772156	0.487740155248718	0.755557170934753	-0.0805495868167114	-0.064443931177063	0.315933616430359	0.499811801855164	0.359411660436707	0.521095777380066	1.09567265842255	0.760939457006531	0.377344897802429	0.210656496252136	0.505605739477234	0.429095103490906	0.517198846410828	0.432308603612976	0.470246828222351	0.837867305395203	0.42167812851532	-0.21806841835968	1.06142812851532	0.42167812851532	0.459192105034851	1.03059125550751	0.388510714624695	-0.253220759125305
AHNAK2-cg01987417-14-105434159	0.43865683164032	0.432195336401062	0.831107170629578	0.468305512426453	0.517838754797058	0.432718920385437	0.365675098547058	0.541147033849793	0.378721868505554	0.414210122045593	0.296365968847351	0.423271394506531	0.413825417333679	0.409986661840515	0.279534038061218	0.457639132604675	0.313405662084656	0.457834323522644	0.403716707677918	0.414502563634949	0.500253113866882	0.41453353098114	0.43817469492157	0.579425466100769	0.41280615408905	0.675428243627624	0.528895139562683	0.145173114965515	0.358128685644226	0.415761482336121	0.305729649999695	0.423269535375671	0.515141741430359	0.440016634496765	0.42665371646698	0.290799626806335	0.420041918920593	0.442828777380066	0.466281373449402	-0.165624759790344	0.518756623022156	0.816864835180359	0.48574701132782	0.175552363866882	0.09335526724823	0.384826415136414	0.463880436254578	0.249432978429871	0.66163044516571	0.422909262975769	0.42226766769989	0.412587832189636	0.694104051305847	0.402606502904968	0.419522816381531	0.416212832067566	0.189696074316101	0.603388729955749	0.430961277563171	0.457329462987976	0.712463321569519	0.420262438512878	0.280227319555359	0.523905118139343	0.323333558935242	0.643009157384949	0.439393400610046	0.437840764623718	0.41439850754364	0.410591264745789	0.412356489355164	0.0658269665280151	0.42167812851532	0.59005808164032	0.25330162851532	0.42167812851532	0.604779948175476	0.346656098648132	0.38772955776532	0.45520770401532
AJAP1-cg02837536-1-4771682	0.558715683691101	0.434923188451843	0.391408022680359	0.512602364477234	0.599589606847839	0.478817772436218	0.535532950597839	0.134292885900574	0.484901720556335	0.421044974096375	0.698469820898132	0.202649246557312	0.410288269384461	0.544753513891296	1.133193890112	0.544293984655457	0.112184514135437	-0.145005824426575	0.394023559728699	1.09913341568573	0.509897965917664	0.403054383031921	0.567325546972351	0.37511031815155	0.398369006139832	0.387650095678406	0.387806991613464	0.134566967016296	-0.305100462304993	0.402315334386902	-0.367908497949524	0.399426387426453	0.52095359348114	1.03992648654755	0.510682568517761	0.207813478857117	0.388459770971375	0.521981629430847	0.879722225500183	-0.244022907739563	0.529574475072937	0.69952968723114	0.325249863378601	-0.115352784082336	0.0015721192990113	0.367281267187195	-0.042571711694641	0.543629830480652	0.0683552972164918	0.42455511502655	0.384951519750671	0.421332684240417	0.159970903356628	0.743819354955749	0.392180668432312	1.14684368411835	0.557209926366882	0.777663582006531	0.506594129613953	0.610545315038757	1.3278711736203	1.22815029056366	1.14082117160614	0.206807970190125	0.375128410986023	0.02242000943573	0.387114252660828	0.5234316166745	0.400994359594421	1.13087511679657	0.563584341405945	0.0346288185787963	0.42167812851532	0.37386158164032	0.46949812851532	0.42167812851532	0.0403149780426635	0.39047312851532	0.455559587632507	0.480367863882507
AJAP1-cg13495205-1-4714033	0.547227885595398	0.42864639035614	0.317780224584656	0.534849566381531	0.609675808752136	0.423030974340515	0.486875152502136	0.424438087804871	0.473698922460632	0.381262176000671	1.08975302280243	0.611922448461609	0.397087471288757	0.518656715795593	0.314932092016296	0.347062186559753	0.076827716039734	0.534463377477722	0.420493761632996	1.10203361759003	0.517129167821961	0.416445584936218	0.399405748876648	0.379278520055847	0.400645208044128	0.721677297582703	0.409910193517761	0.173482168920593	-0.123733260400696	1.2810835362912	0.560399703954773	0.40621458933075	0.337642795385437	0.416703688451843	0.541451770422058	0.235757680761414	0.402427972875671	0.518345831335144	0.05114142740448	0.445584294164734	0.517825676977234	0.0294038891354371	0.336149065282898	0.774823417821961	0.877902321203308	0.884042469091492	0.530114490209656	0.535959032384949	0.661586499120789	0.416477316930847	0.400791721654968	0.396741886144714	0.173685105260925	0.648245556860046	0.402070870336609	0.451294886022644	0.559881128271179	-0.0793812160891725	0.519367331518249	0.421187516943054	0.440472375524597	0.416746492467957	0.951523373510437	0.311852172094421	0.32751561289032	0.556885211340027	0.407765454565125	0.530048818578796	0.403827561498718	0.399058318700867	0.566880543310242	0.0474170204830933	0.42167812851532	0.42183608164032	0.42152362851532	0.42167812851532	0.134496978042664	0.33468412851532	0.511348587632507	0.589280165882507
AKAP13-cg25947619-15-86233220	-0.0472457268313597	0.327606777929382	0.863353612157898	0.441526953954773	0.461978196325378	0.798390361913757	0.402176540075378	0.596609475378113	-0.477048689966126	0.447889563573914	0.958284410375671	-0.335637163965149	0.288679858862	0.341225103368835	0.882591479589539	0.387739574132996	-0.0337138963870239	0.401334765050964	0.272898149206238	0.294431005163269	0.375614555395203	0.38491797250946	0.42957313644989	0.257571907629089	0.308582595617371	0.658635685155945	0.810464581091003	0.0306495564938354	0.434999127172546	0.288356923864441	0.447474091528015	0.312798976903992	0.406703182958679	1.08917407602509	0.2615151579953	0.394348068334656	1.21674536044891	-0.505630781091614	0.778564814977722	0.520792681737976	0.393400064550476	0.737918276708679	0.78834845285614	0.616045805395203	0.80906170877655	1.11085885666473	0.390066877782898	0.356556419958191	0.483012886694031	1.11964570450409	0.50821410922821	0.277614273717957	0.600734492834167	0.165435944433289	0.291857257909851	0.837150273595886	0.443121515844421	0.64005717148407	0.365595719091492	0.497848904516296	0.834794763097839	0.459352880041199	1.01887676108368	0.394635559667664	0.660532000463562	0.642707598913269	0.283794842138367	0.395203206152039	0.30957394907196	0.312910706274109	0.411752930883484	0.860917408056336	0.42167812851532	0.48752358164032	0.35583612851532	0.42167812851532	0.720581652128601	0.848922802601257	-0.0436427382815551	0.127092347968445
AKNA-cg13995427-9-117134861	0.437424457983093	0.415521962743835	0.0964867969723511	0.518612138769226	0.194924381139832	0.42412954672821	0.454629724889831	0.646044660192566	0.466329494848328	-0.326511251611633	0.929492595190125	-0.134613979150696	0.407712043676453	0.328126288183289	0.945569664403992	0.420719758947449	0.382408288427429	0.508505949865417	0.401589334020691	0.415822189977722	-0.372011259790344	0.816310157323914	0.459695321264343	0.375647092443542	0.405543780431824	0.600520869970398	0.390020765905457	0.117392741308289	0.491158311986999	0.421517108678894	0.394792276342468	0.423793161718445	0.117830367773132	0.431309260839539	0.431178342809753	0.362089253149109	0.395706545263367	0.339870403722839	0.100965999792175	0.565024866552429	0.428852249364929	0.594749461523132	0.659507637670593	0.521072990209656	0.744377893591003	0.383184041479187	-0.226835937402649	0.452173604772644	0.0926810715084839	0.422636889318542	0.398208294042664	0.51590845853241	0.172297677648621	0.656844129247742	0.466672442724304	0.398346458410339	0.491954700658874	0.576313356298523	0.352904903905945	0.509227089330749	0.818385947912292	0.517434064855652	1.10107594589813	-0.0620792555178833	0.317798185278015	0.749597783727722	0.41357002695282	0.392159390966492	0.422808133886414	0.392281891088562	0.492985115697937	0.169985592870789	0.42167812851532	0.58697258164032	0.25638712851532	0.42167812851532	0.230755106675476	1.08875725714813	0.32179871626532	0.52113854551532
ALK-cg03602297-2-30142128	-0.377158936059875	0.380062568700867	0.880988402929382	-0.332213255273743	0.488205987096863	0.451844152685242	0.404676330846863	0.172638266149597	-0.367142899194641	0.382068354345398	0.325222201147156	0.509161626806335	1.17957064963348	-0.33742810585968	0.997772270361023	0.43562236490448	0.76331289438446	0.418711555822449	0.930005939977722	1.02780079593475	-0.513857653833313	0.762935763280945	-0.242757072778626	1.01663669840057	1.16255538638885	0.472584475927429	0.349082371862488	0.38668934726532	0.446900917944031	0.391992714635925	-0.4387281177005	0.383268767675476	-0.490956026269836	1.10604386679657	-0.385946051233215	0.97398685910614	0.339081151220398	0.285434009679871	0.0470636057492065	-0.281682527490539	-0.462431144678039	-0.107596932519836	0.687943243627624	0.689684596166687	-0.0488795004519654	1.16442364743622	-0.456889331445618	0.459970210729675	0.0125666774655151	0.992646495275574	1.04557389999969	0.978544064489441	0.299067283605652	1.03047973520477	1.12422304868134	1.03441906436737	0.435503306615906	-0.187268037744446	-0.033106490137024	-0.330358304712219	0.420773553869324	1.14736467081268	0.246744551855164	0.159067350439148	0.356376791235046	0.608238389684753	0.499897632909851	0.422287996923523	1.13167173984345	0.459968497045593	0.485724721654968	0.77394219882782	0.42167812851532	0.36748908164032	0.47587062851532	0.42167812851532	1.13272197804266	0.84417712851532	0.00185558763250732	-0.0855883281174926
ALX1-cg13916459-12-85673221	0.0986922496090699	1.01144975436981	0.109736588598328	0.471842930395203	0.483361172765808	0.382337338354187	0.420810516515808	0.798174451818543	0.427474286474304	0.461179540014343	1.0075133868161	0.481729812475281	1.00191783530243	0.402436079809265	1.04733345602997	0.331247550573425	0.00263008005340581	0.0823187414913941	0.358595125646668	0.374392981603699	0.374493531835632	0.44457794894989	0.43565411289032	0.336145884069519	0.9653025720578	0.669803661596374	1.07476255753143	0.0930555329342652	0.504901103612976	1.12247290030487	0.439110067968445	0.784842953344421	0.225361159399109	0.316657052465515	0.29434313443573	0.982488044775085	0.299144336889343	0.402984195348816	0.0377477914181519	-0.0715133418215944	0.400468040990906	0.722712253149109	0.34066742929657	0.561685781835632	0.75929368521698	0.311916833105164	0.395060854223328	0.529608396398621	0.90454086313446	0.892725680944519	1.06803808566864	0.665678250158386	0.126573469274597	0.804909920873718	0.924450234350281	0.367842250036316	0.402966492284851	0.0679791479244995	0.381329695531921	0.146821880956726	0.371695739538269	0.369663856481628	1.05803773752411	0.220463536108093	0.661498976903992	0.752297575353699	0.351575818578796	0.420171182592468	0.74046192551239	0.383970682714539	0.211626907323914	0.668150384496765	0.42167812851532	0.46817308164032	0.37518662851532	0.42167812851532	0.884146107175476	0.279678257648132	0.42135771676532	0.42157954501532
ALX1-cg16413687-12-85672623	-0.363597829736633	0.481450675024109	0.987920509252625	-0.326227148950501	0.613488093420105	1.06627425900848	0.107167437170105	0.130532372472839	0.514213207128601	0.58299546066864	0.453303307470398	0.233431733129578	1.09613275595673	-0.275134999536438	0.632569376684265	0.466513471227722	0.0635700007077027	-0.319466337854309	0.395674046300964	0.421374902257996	-0.0705955475100709	0.849959869604187	0.389849033544617	0.414746804723816	0.657314492712097	0.705727582250671	1.19949747818573	0.119605453588562	0.407747024267273	1.16737182095917	-0.298792011377258	1.27569487399872	-0.390986919946594	0.401369973119812	-0.345258944909973	0.819678965429382	0.39528225754364	0.393061116003113	0.441914712072449	0.284111578832703	-0.360679038354797	0.265110173803406	0.329819349950867	-0.0947282975100707	0.824829605871277	0.42646275375946	-0.418588225122375	0.565204317052918	0.987688783788757	0.403516601598816	0.641979006322937	0.934514170812683	0.204966389928894	1.08766284152802	0.393630155004578	0.474309170690613	0.300249412939148	-0.0439939314212036	0.482189616186218	-0.316269198388977	0.419076660192566	0.842819777135925	0.424200658178406	0.54742245676239	0.412919897558289	0.850675496007996	1.13720673923309	0.438771103246765	1.09742784616669	0.423302603368835	0.310133827978211	0.749970305151062	0.42167812851532	0.51476158164032	0.32859812851532	0.42167812851532	0.637587478042664	0.47330962851532	0.372723087632507	0.354657015882507
ALX4-cg00268840-11-44332653	0.492742649267273	0.402467154028015	0.876460988256531	0.520821330053406	-0.307124427575989	0.39680773801239	0.403929916174011	0.754382851476746	0.437018686132507	0.491432939672546	0.280971786474304	0.460918212133484	0.375259234960632	0.437292479467468	0.241185855688171	0.454515950231628	0.0774494797116091	0.448686141149597	0.369642525304871	0.464556381261902	0.493526931493835	0.388456348608093	0.447898512548523	0.339733283727722	0.398058971716003	0.225483061254578	0.388633957189636	0.336601932592468	-0.332761496728821	0.392364299963074	0.493650467626648	0.389958353002625	0.508980559057312	0.994204452123718	0.480934534093933	1.01009144443329	1.29276973654755	0.458138595007019	-0.0162478089236449	-0.0436059421633911	0.508195440649109	0.789508652807312	0.308471828954773	0.644047181493836	-0.00925791512481672	0.350662232763367	0.482721253881531	-0.278101203943176	0.374663262792664	0.393263080602722	0.376823485326843	0.392322649816589	0.9759188689328	0.533561320531921	0.975451634008484	0.386194649694519	-0.400106108056946	0.568592547582703	0.466515095190125	0.590968280614929	0.634087139196472	0.397026256139832	0.247952137182312	0.593278935766296	0.281496376562195	0.783440975011902	0.373387218237	0.449823582250671	0.387393325170593	0.931199082372742	0.501745306982117	0.0246387841549683	0.42167812851532	0.48626708164032	0.35709262851532	0.42167812851532	0.967596259675476	0.296808410148132	0.41422686926532	0.42871039251532
ALX4-cg04578774-11-44332664	0.48146423019989	0.409002734960632	0.868142569189148	0.503231910986023	-0.266848846643372	0.404717318945007	0.386870497106628	0.735499432409363	0.434467267065125	0.477137520605164	0.327677367406921	0.429346793066101	0.378248815893249	0.419832060400085	0.250671436620789	0.424168531164246	0.0799540606442261	0.414463722082214	0.374358106237488	0.484013962194519	0.491170512426453	0.38991392954071	0.43153509348114	0.347482864660339	0.452722552648621	-0.143740357812805	0.393771538122253	0.574425513525086	-0.323530915796204	0.391370880895691	0.453540048559265	0.392552933935242	0.516395139989929	1.08331403305634	0.46640911502655	0.972961025365906	1.29720131748016	0.453533175939636	-0.00983622799102785	0.144591638769226	0.519835021581726	0.773220233739929	0.33904040988739	0.662146762426453	-0.00601533419219963	0.358363813695984	0.478644834814148	-0.269248623010559	0.361736843725281	0.397317661535339	0.38340206625946	0.431880230749207	0.960903449865417	0.560953901464539	0.899832214941101	0.387726230627136	-0.389288527124329	0.42167812851532	0.460390676122742	0.590446861547546	0.909851720129089	0.411543837072449	0.251569718114929	0.538692516698914	0.288624957494812	0.763476555944519	0.385575799169617	0.424810163183289	0.38898190610321	0.758511663305359	0.417290887914734	0.0313993650875854	0.42167812851532	0.51425858164032	0.32910112851532	0.42167812851532	0.949032521675476	0.297879672148132	0.40491313126532	0.43802413051532
ALX4-cg04970352-11-44327399	0.453416633886414	0.341645138647156	0.879001972875672	0.486128314672546	0.496890557043152	0.331185722631531	0.400901900793152	0.705787836095886	0.400203670751648	0.454869924291687	0.203114771093445	0.476820196752625	0.324417219579773	0.397989464086609	0.888089840307312	0.396697934850769	0.0721324643307495	0.407509125768738	0.372225509924011	0.534659365881043	0.441940916112976	0.324122333227234	-0.369265502832336	0.573171268346863	0.359417956335144	0.406363045873718	0.351359941808777	0.520582917211609	0.28718348789032	0.331636284582214	0.418482452245789	0.325860337621765	0.451428543676453	0.395325436742859	0.419213518713074	0.960458429052429	1.25323872116669	0.41236857962616	-0.0603268243045045	0.555528042455749	0.46863342526825	0.703658637426453	0.548164813573914	0.498786166112976	-0.0692369305056763	1.08188121738251	0.437536238500672	0.362574780675964	0.620135247411804	0.343456065221863	0.319022469945984	0.29463463443573	0.681973853551941	0.999039305151062	0.468880618627625	0.31698863431366	0.464278876562195	0.617409532201843	0.433272079809265	0.54111326523407	0.322786123815613	0.534708240758972	0.189196121801453	0.530478920385437	0.777591361181335	-0.0766300403689574	0.31355120285614	0.421886566869812	0.319531309789734	0.940619066991882	0.321349291601257	0.877676768774109	0.42167812851532	0.31067058164032	0.53268912851532	0.42167812851532	0.928859507175476	0.349729657648132	0.41209911676532	0.43083814501532
ALX4-cg08149193-11-44333067	0.423277000341492	0.334971505102234	0.870839339330749	0.480618681127624	-0.27984407650177	0.323077089086609	0.36115226724823	0.717687202550964	0.365680037206726	0.449972290746765	0.625575137548523	0.443635563207703	0.303289586034851	0.376160830541687	0.65021420676239	0.132983301305847	0.130759830785828	0.397822492223816	0.306237876379089	0.415366732336121	0.421751282568054	0.339828699682312	0.419127863622742	0.308473634801941	0.816916322790222	0.613096412328796	0.360296308263855	0.631421283666687	-0.405022145654602	0.451575651037292	0.446670818700867	0.440043704076843	0.437953910131531	0.857406803197937	0.434665885168152	0.946523795507507	1.25059708762177	0.435648946081238	-0.0921524578494263	-0.0355475910891725	0.441588791723328	0.752688003881531	0.750631180028992	0.647295532568054	-0.0891975640505981	0.276414583837585	0.435179604955749	0.198802147131042	0.337606613866882	0.313167431676941	0.303345836401062	0.473359000890808	0.950690220007019	0.48791367160614	1.0029379850827	0.314917000768738	-0.472306756982727	-0.0197461013430788	0.395864446264343	0.525655631689148	0.310766490270691	0.65605560721405	0.190531488256531	0.441693286840515	0.363905727636414	0.73884432608612	0.312802569311218	0.39779393332489	0.504657676244812	0.99861743344696	-0.356960341943665	-0.0499418647708131	0.42167812851532	0.34769908164032	0.49566062851532	0.42167812851532	0.975049610175476	0.263042760648132	0.42679621976532	0.41614104201532
ALX4-cg08993172-11-44327267	0.422546692236023	0.407894196996765	0.857033031225281	0.456304373022156	0.0477846153927612	0.42303478098114	0.404572959142761	0.662894894445496	0.418260729101257	0.439591982641296	0.297295829443054	0.420153255102234	0.537872277929382	0.435526522436218	0.313312898656921	0.425011993200378	0.120036522680359	0.439077184118347	0.431838568273621	0.591214424230652	0.421604974462585	0.394100391576843	-0.289078444482727	0.377793326696472	0.444132014684753	0.0772111042233277	0.409177000158386	0.132625975561218	0.157758546239929	0.416253342931824	0.444556510595398	0.396866395971374	0.437163602026062	1.09195349509247	0.443757577062683	0.938133487402039	1.2159377795163	0.401922637975769	0.0267192340451051	0.301855100805359	0.452357483617859	0.761020695776062	0.571098871923523	0.679349224462585	-0.00484587215606685	0.373821275732117	0.425191296850281	-0.00502416097442626	0.290690305761414	0.399522123571472	0.406162528295593	0.379541692785339	0.53462591190155	0.734594363500671	0.473755676977234	0.399564692663269	-0.352783065088196	0.446283590551453	0.373019138158874	0.509085323583679	0.392794182165222	0.488705299108582	0.283584180151062	0.519434978735046	0.553764419530945	0.000234017980652035	0.42901326120575	0.403182625219421	0.408336368139343	0.507074125341492	0.465128349950867	0.0873938271237183	0.42167812851532	0.44987758164032	0.39348212851532	0.42167812851532	0.773426827175476	0.354713977648132	0.43462343676532	0.40831382501532
ALX4-cg10560393-11-44327015	0.408481166479187	0.409891671239929	0.135982505468445	0.45943884726532	0.0344030896359252	0.412555255224304	0.402434433385925	0.61913036868866	0.417659203344421	0.38623945688446	0.269970303686218	0.470950729345398	0.421517752172546	0.378149996679382	0.285288372900085	0.390952467443542	0.361955996923523	0.432031658361511	0.655105042516785	0.615535898473816	0.379613448705749	0.384607865820007	-0.345801970239563	0.454678800939636	0.439887488927917	0.358089578466492	0.93449047440155	0.437308449804382	0.469106020483093	0.397439817174988	0.429541984838562	0.403465870214539	0.388491076269226	1.16946796933563	0.396827051305847	1.0024749616452	1.21256325375946	0.373779112218933	0.0512817082882691	0.572136575048523	0.421024957861023	0.738449170019226	0.541433346166687	0.684815698705749	-0.0190503979129029	0.495665749975281	0.407980771093445	0.494723313268738	0.621513780004578	0.394924597814636	0.436763002538757	0.853121167028503	0.780675386144714	0.836598837743835	0.808850151220398	0.376956166906433	-0.393528590845032	0.309095064794617	0.385827612402038	0.488132797826843	0.853492656408386	0.482489773351746	0.310737654394226	0.51346445297821	0.327797893774109	0.615364492223816	1.14592673544891	0.408203099462585	0.392332842382507	1.17894959958466	0.490175824194031	0.419904301366882	0.42167812851532	0.56849308164032	0.27486662851532	0.42167812851532	0.941055299175476	0.411333449648132	0.42019590876532	0.42274135301532
ALX4-cg25363445-11-44326516	0.4318453197995	0.367790824560242	0.891815658788757	0.469787000585632	0.213832242956238	0.355690408544617	0.379334586706238	0.628946522008972	0.367068356664734	0.425937610204773	0.711897457006531	0.39491088266571	0.350432905492859	0.446258149999695	0.337389526220398	0.352088620763855	0.489206150243835	0.424120811681824	0.366408195837097	0.536800051794128	0.385727602026062	0.35681501914032	-0.361524816919251	0.376838954259949	0.39020664224823	0.658471731786804	0.470164627721863	0.634865603124695	0.436926173803406	1.1510679704953	0.428435138158875	0.353376023534851	0.410510229589539	1.18458912265594	0.37847720462616	0.978448114965515	1.22663240707977	0.407516265539246	0.228060861608582	0.574483728368835	0.403168111181335	0.738458323339539	0.384101499486999	0.667457852026062	-0.0633912445925904	0.349086903295593	0.398317924413757	-0.14436053341095	0.86277193332489	0.347181751134949	0.33630315585907	0.440778320348816	0.952341539465027	0.499045991064148	1.12730230454071	0.974852320226746	-0.430663437524719	0.0173222181149291	0.388559765722351	0.485477951147156	0.419386809728699	0.611817926672058	1.05140580771454	0.520495606298523	0.268584047094421	0.728715645544128	0.848440888769226	0.392044252782898	0.37885599570282	0.701380752904968	-0.169731022485657	0.546813454687195	0.42167812851532	0.52847458164032	0.31488512851532	0.42167812851532	0.981842483675476	0.308885634148132	0.41015109326532	0.43278616851532
AMH-cg05345154-19-2250901	0.275617342138367	0.380402846899109	0.549287681127624	0.475705022924499	0.532737265295105	0.467073430883484	0.402447609045105	0.661791544347839	0.382916379003601	0.46611963254364	0.938536479345398	0.413245905004578	0.361974927831726	0.402776172338562	0.229126548559265	0.200874643102722	0.306798172582703	0.440905834020691	0.471418218175964	0.363173074132996	0.475205624364929	0.441366041479187	0.420269205419617	0.677651976598816	0.359080664587097	0.267829754125671	0.83422065006073	0.563081625463562	0.484853196142273	1.05851899283417	0.450834160497742	0.368160045873718	0.483810251928406	0.357547144994812	0.400677226965027	0.346497137304382	0.35601542941864	0.221415287878113	0.176071883947449	0.315325750707703	0.482723133520203	-0.104824654321594	0.351577521825867	0.653299874364929	0.604872777746277	0.34526292563446	0.472356946752625	0.456221488927917	0.515621955663757	0.383247773473816	0.362986178197937	0.444950342687683	0.532428561803894	0.219752013403015	0.364802326879578	0.377635342565613	0.441786584814148	0.0172482404537963	0.421042788061218	0.463256973486023	0.543032832067566	0.385668949010925	1.12687983005341	0.09491462863739	0.479782069433289	0.765000667882995	0.726754911108093	0.417629275121765	0.360566018041687	0.428244775243835	0.28874999985321	0.791641477026062	0.42167812851532	0.19534958164032	0.64801012851532	0.42167812851532	0.0819473381754761	0.943698488648132	0.42245194776532	0.42048531401532
AMPD3-cg12685539-11-10472001	0.316842669897156	0.415868174657898	0.130995008886414	0.483460350683289	-0.191064406946106	0.426070758642273	0.422309936803894	0.514420872106628	0.43602370676239	0.350994960302429	0.267909807104187	0.338684232763367	0.401834255590515	0.471568500097351	0.811805876318054	0.441416970861511	0.214925500341492	0.49538316177948	0.412173545934753	0.562707401891785	0.425777952123718	0.415520369237976	0.269851533178406	0.389019304357605	0.425373992345886	-0.13772891811554	0.418611977819519	0.117281953222351	0.446571523901062	0.386289320592957	0.490774488256531	0.418397373632507	0.446201579687195	0.407326472753601	0.465148554723816	0.294278465063171	0.420997757177429	0.450023615636902	0.828451211706238	0.615589078466492	0.456254461278992	0.785029673437195	0.778943849584656	0.0734892021237182	0.594945105505066	0.393866253393249	0.463385274511414	0.426286816686707	0.372968283422546	0.439245101232605	0.430551505956726	0.414382670446472	0.186395889562683	0.847578341161804	0.501519654638367	0.402717670324402	0.480626912572937	0.715034568212585	0.0782001158200072	0.547885301244812	0.398688159826355	0.449743276769714	0.312486157812195	-0.0490590436038209	0.433780397192078	0.392110995641785	0.398534238866882	0.437793602880554	0.413512345800476	0.427961103002625	-0.0781816723880006	0.201193804784851	0.42167812851532	0.55279708164032	0.29056262851532	0.42167812851532	0.388814893128601	0.629827043601257	0.0540815027184449	0.458859106968445
AMPD3-cg13177786-11-10472099	0.28840233164032	0.435926836401062	0.107083670629578	0.482579012426453	0.141346254797058	0.430390420385437	0.403168598547058	0.765961533849792	0.472842368505554	0.506416622045593	0.299604468847351	0.242202894506531	0.403757917333679	0.465335161840515	0.532085538061218	0.474697632604675	0.106633162084656	0.504440823522644	0.401699207677918	0.426352063634949	0.526718613866882	0.42504403098114	0.26826719492157	0.375703966100769	0.41907365408905	0.0452357436276244	0.411640639562683	0.146605614965515	0.528904185644226	0.414916982336121	0.539089149999695	0.423429035375671	0.546341241430359	0.417337134496765	0.50717821646698	0.475641126806335	0.413836418920593	0.488643277380066	0.848201873449402	-0.0212842597903444	0.548865123022156	0.688876335180359	0.33223851132782	-0.0934451361331174	0.32315576724823	0.868053915136414	0.507567936254578	0.386321478429871	0.10074494516571	0.422443762975769	0.42273316769989	0.398449332189636	0.175926551305847	0.454812002904968	0.461415316381531	0.421593332067566	0.457295574316101	0.757128229955749	0.00278377756317133	0.627838962987976	0.420938821569519	0.420299938512878	0.283230819555359	-0.0510463818606568	1.07486605893524	0.0869556573849487	0.430218900610046	0.501379264623718	0.41486800754364	0.415903764745789	0.449405989355164	0.707227466528015	0.42167812851532	0.56960008164032	0.27375962851532	0.42167812851532	0.179780478042664	0.38420162851532	0.461831087632507	0.530535804882507
AMPD3-cg23100152-11-10472156	0.27367902316864	0.444255527929382	0.110544362157898	0.491195703954773	-0.297001053674622	0.443910111913757	0.434456290075378	0.752945225378113	0.433354060033874	0.306308313573914	0.304451160375671	0.292790586034851	0.415899608862	0.456082853368835	0.295793229589539	0.477627324132996	0.0869618536129761	0.325188515050964	0.410707899206238	0.424881755163269	0.542363305395203	0.43105572250946	0.30307688644989	0.379808657629089	0.424032345617371	-0.103516564844055	0.422599331091003	0.155678306493835	0.504284877172546	0.424296673864441	0.507465841528015	0.431884726903992	0.551331932958679	0.431607826025085	0.4579399079953	0.234569818334656	0.420239110448914	0.489114968908386	0.855361564977722	-0.134483568262024	0.520235814550476	0.206455026708679	0.34510720285614	-0.0870234446047973	0.0370254587765503	0.405368606664734	0.504581627782898	0.358168169958191	0.106194636694031	0.435808454504089	0.42232985922821	0.404495023717957	0.181731242834168	0.296767694433289	0.565055007909851	0.427669023595886	0.484797265844421	0.72268192148407	0.0106754690914917	0.583678654516296	0.432999513097839	0.424050630041199	0.294435511083679	-0.0438466903323363	0.834885750463562	0.0327893489132691	0.417779592138367	0.467601956152039	0.42790069907196	0.417946456274109	0.526315680883484	0.384735158056335	0.42167812851532	0.60167208164032	0.24168762851532	0.42167812851532	0.174650478042664	0.37887862851532	0.467154087632507	0.489564854882507
ANK1-cg13152952-8-41570554	-0.429999390283508	0.368005114477234	0.88307194870575	-0.403321709497376	0.35803353287323	0.380334698461609	0.37303887662323	0.253580811925964	0.441530646581726	-0.393947099878235	0.230337746923523	0.514639172582703	1.06082319540985	0.399913439916687	0.20799281613739	0.432935910680847	0.600117440160828	-0.391477898401184	0.458774485754089	0.348829341711121	0.447255891943054	0.360118309057312	0.418985472997742	0.372449244176941	0.330718932165222	0.671450021703796	0.513678917638855	0.606192893041687	0.403912463720398	1.05574226041229	0.472739428075867	0.991467313451843	0.463681519506531	1.19058341257294	0.454144494543152	0.954993404882507	1.27677669699677	0.413384555456238	0.782111151525574	0.564913018285828	0.461324401098328	0.173763613256531	0.845656789403992	0.326138141943054	0.390663045324402	0.306605193212585	0.45824021433075	0.234589756506042	0.0218932232418824	0.348382041051941	0.341749445776062	0.494192610265808	0.963255829382019	0.48717528098114	0.747091594457703	0.841733610143738	0.479833852392273	0.716880508031921	0.442942055639343	0.475637241064148	0.346937099645691	1.07709821658905	0.211186097631531	0.103256896215515	0.237427337011414	0.331026935461121	0.370557178686218	0.42209254269989	0.347781285619812	0.39256004282196	0.404539267431335	0.917345744604187	0.42167812851532	0.62232408164032	0.22103562851532	0.42167812851532	0.823870414136414	0.38245356460907	0.255625023726257	0.463550331976257
ANK1-cg14904662-8-41655673	0.544902028051453	0.439043532812195	0.0957953670407105	-0.330818291162415	-0.327061048791809	0.42396711679657	0.492702294958191	0.706252230260925	-0.359290935083313	0.0978633184567261	0.604615165258484	0.315172590917664	0.415832613744812	0.513686858251648	0.303554234472351	0.372068329015808	0.568215858495789	0.0327425199337768	0.45890990408905	0.446402760046082	0.527441310278015	0.420121727392273	0.0988998913327027	0.551402662511902	0.410048350500183	0.798846440038757	0.445737335973816	0.152938311376648	-0.0659021179446412	0.404432678747253	0.550081846410828	0.408533731786804	0.544148937841492	0.406310830907898	0.517795912878113	0.247578823217468	0.397955115331726	0.524420973791199	0.919939569860535	-0.219377563379211	-0.396190180566711	0.447148031591492	1.03927820773895	0.0589485602780151	0.0189034636593628	0.446736611547546	-0.143357367334289	0.543627174841004	0.0873466415768433	0.427090459386902	0.407142864111023	0.390075028600769	0.57407924771698	0.261201699316101	0.639023012792663	0.556823028478699	0.556965270727234	-0.139563073633118	0.525135473974304	0.641140659399109	0.421083517980652	0.416489634924011	0.288272515966492	0.614929314550476	1.06694075534637	0.648933353796082	0.411584597021179	0.498444961034851	0.451071703954773	0.410029461156921	0.401091685766296	0.958451162939148	0.42167812851532	0.37487758164032	0.46848212851532	0.42167812851532	0.764047835675476	0.249016986148132	0.42383044526532	0.41910681651532
ANKRD53-cg15165122-2-71206291	-0.432045337549133	0.384809167211609	0.837443001440125	0.431681343236999	0.499819585607605	0.344081751195984	0.428750929357605	0.781119864660339	0.391680699316101	0.47172095285614	0.977658799657898	0.302906225317078	0.362557248144226	0.372963492651062	0.236823868871765	0.413508963415222	0.505920492895203	0.428809154333191	0.443630538488464	0.399757394445496	0.214292944677429	0.443059361791687	-0.0695574742678832	0.402614296911316	0.392672984899597	-0.189712925561829	1.15002197037323	0.345426945776062	0.373507516454773	0.600225313146667	0.456711480810242	0.347606366186218	0.458615572240906	1.15040246530731	0.428654547277527	1.01886545761688	1.08124974973114	0.427860608190613	0.778174204259949	-0.195505928979797	0.431502453832703	-0.124119334009094	0.296431842138367	0.642639194677429	0.783428098058777	0.50425024594696	0.445381267065125	0.385809809240417	0.929420275976257	0.353478093786316	0.343268498510437	0.484895663000183	0.599352882116394	0.227537333715515	0.388202647192078	0.363653662878113	0.453125905126648	0.0357935607662964	0.428230108373718	0.542227293798523	0.356814152380066	0.345710269323425	0.214840150365906	0.43024394894989	0.268174389745789	0.550928988195496	0.389924231420593	0.432155595434265	0.355099338354187	0.340058095556335	0.18374232016571	0.503473797338562	0.42167812851532	0.31338308164032	0.52997662851532	0.42167812851532	0.255883978042664	0.42059012851532	0.425442587632507	0.519414278882507
ANO8-cg12526923-19-17439208	-0.364334370630188	0.498413134130554	0.0943359683590698	0.490778310155945	-0.38622944747345	0.480345718114929	0.46214689627655	0.838022831579285	-0.316349333764954	0.387600919775085	0.250758766576843	0.550518192236023	0.391580215063171	-0.230246540429993	0.62441683579071	0.426708930334168	0.797319459814148	0.446771121252136	0.37316750540741	0.395874361364441	0.422015911596375	0.502996328710632	-0.238999507348938	0.990512263830261	0.420771951818542	-0.172512958642883	0.444836937292175	0.198842912695007	0.469164483373718	0.318969280065613	-0.423605552270813	1.25139533310516	0.274601539159851	0.384898432226257	0.212706514196472	0.578903424535828	0.431833716650085	0.304270575109558	-0.075596828821106	-0.132940962060852	0.445382420751648	0.535393632909851	0.593690809057312	-0.194088838403625	0.840359064977722	0.351106212865906	0.42381823398407	0.548739776159363	0.924738242895203	0.444293060705261	1.18210346542938	0.330793629919128	0.980867849035339	0.17670430063446	1.10911161411102	0.437381629797058	0.438433872045593	-0.153741472314758	-0.521402924707336	-0.405995739282532	0.316196119299011	0.344938236242371	0.334106117284851	0.639565915868836	0.230448356664734	0.694140955114441	0.373756198339539	0.44595256235321	0.461051305273132	0.677158062475281	0.197277287084656	0.0459917642575072	0.42167812851532	0.17951708164032	0.66384262851532	0.42167812851532	0.743585978042663	0.56128112851532	0.284751587632507	0.281123770882507
AQP5-cg26328335-12-50354840	0.145194833227234	0.446625337987976	0.0838801722164917	-0.373470485986633	-0.0165162436160279	0.428349921972351	0.498060100133972	0.821784035436706	0.538132870092468	0.322625123632507	0.287299970434265	0.608086396093445	0.455125418920593	-0.307945336572571	0.303743039648132	0.349080134191589	0.87455266367157	0.466463325109558	0.966423709264831	0.465730565221863	0.256572115453796	0.732619532568054	0.292499696508484	0.388253467687683	1.23147415567596	0.522781245214539	0.564057141149597	0.255896116552429	0.55317468723114	1.14161448392303	0.0628016515866089	0.913594536962585	0.344317743017273	0.381816636083679	0.482314718053894	1.05841462839325	0.409369920507507	0.23614277896698	0.576689375036316	-0.0751727582034303	-0.23694137539093	0.197405836767273	0.311685012914734	0.695005365453796	0.00824626883514401	0.338260416723328	-0.391533562158508	0.331073980016785	0.0665314467526245	0.488425264562683	0.925705669286804	0.61417383377655	0.936562052892761	0.260399504491882	0.632571817968445	0.46641283365448	0.270079075903015	0.232879731542664	0.481230279150085	-0.34748753542511	0.376327323156433	0.416661440099793	0.370807321142273	0.718931119726257	0.300047560522156	0.781857158971863	0.50729140219696	0.504768766210632	0.406575509130554	0.470754266332703	0.581138490942078	0.884988968114929	0.42167812851532	0.57058758164032	0.27277212851532	0.42167812851532	0.877606685175476	0.251166835648132	0.40978629476532	0.43315096701532
ARHGAP8;PRR5-ARHGAP8-cg06516947-22-45148223	0.327233816991882	0.445795321752624	0.32595115598114	0.518772497778015	-0.228229259851379	0.421145905737	-0.26678691610138	0.582773019201355	-0.187587146142883	0.243685107397156	0.236394954198914	-0.0111806201419066	1.15298640268524	-0.212972352807922	0.269439023412781	-0.160907882043762	0.208499647436218	0.480754308874207	0.41959069302948	0.471088548986511	0.223259099218445	0.369738516332703	0.505505680273132	0.335452451452332	0.394035139440613	0.724863228979187	0.358391124914246	0.655340100317078	0.539221670995789	0.424034467687683	-0.313778364648743	1.26920752072723	0.465515726781921	1.20660861984833	0.206262701818543	1.0815176121579	0.754019904272156	-0.387290237268372	0.801747358800964	0.600938225561218	0.434006608373718	0.592869820531921	1.03341099667938	0.185794349218445	-0.0181347474002075	0.369248400487976	-0.25338057839386	0.569536963781433	0.824684430517273	0.467811248327332	1.26283065305145	0.438547817541199	0.70959303665741	1.07686048825653	0.386467801733093	0.544452817419128	-0.178091940332336	0.725020715307312	0.448109262914734	0.147421448339539	0.432067306921082	0.395955423864441	0.984181304906921	0.0899821034909059	0.425150544286804	0.553580142736511	0.409050385961609	0.228040749975281	0.381973492895203	1.21086625009735	-0.248835525293274	0.230947951879578	0.42167812851532	0.47434408164032	0.36901562851532	0.42167812851532	0.247715478042664	0.39220362851532	0.453829087632507	0.528487927882507
ARPP-21-cg09866743-3-35706038	0.451459389867859	0.429053894628601	0.253956728857117	0.510016070653992	-0.167575686975403	0.529807478612976	0.441053656774597	0.110830592077332	0.529188426733093	0.249463680273132	0.43671652707489	0.13815795273407	1.01851597556122	0.475743220068054	0.278438596288757	0.485556690832214	0.587051220312195	0.416455881750183	0.407018265905457	1.16400812186249	0.482894672094421	0.450801089208679	0.425112253149109	0.638642024328308	0.615193712316589	0.770497801855163	0.783700697790222	0.158455673193054	0.495202243871765	0.40973004056366	0.328791208227234	0.42631409360321	0.015939299657898	0.412567192724304	0.501487274694519	0.225690185033875	0.415652477148132	0.507773335607605	0.883406931676941	-0.171557201562805	-0.365047818750305	-0.0531486065921021	0.571230569555359	0.294250922094421	0.0188048254757691	1.22424697336395	-0.400320005517883	0.45223853665741	0.14545700339325	0.920468821203308	0.406477225927429	0.916033390417175	0.173455609533386	1.02384206113251	0.41194537460907	0.431480390295105	-0.34649136745636	0.244822288183289	0.46225983579071	0.504371021215515	0.416950879797058	0.420461996740418	0.815458877782898	0.551614676366882	0.320100117162781	0.359276715612488	0.409856958837585	0.357777322851257	0.422037065771179	0.423002822973328	0.278514047582703	0.0891755247555542	0.42167812851532	0.30010508164032	0.54325462851532	0.42167812851532	0.278126478042664	0.49269462851532	0.353338087632507	0.564621688882507
ASAM-cg15047774-11-123067275	0.451110182958679	0.395347687719421	0.0407765219479371	0.449296863744812	-0.0932798938845824	0.360831271703796	0.214913449865417	0.775038385168152	0.417600219823914	0.449893473363953	0.695112320165711	0.52588374582489	0.377697768652039	0.281034013158875	0.220194389379578	0.384301483923035	0.590695013403015	0.463494674841003	0.767820058996277	0.408900914953308	-0.511918534814758	0.5624958822995	0.330861046239929	0.898844817419128	0.60661150540741	0.455186594945984	1.02125049088104	0.709180466283875	0.464933036962585	1.16604083365448	0.00120500131805434	0.358540886694031	-0.472797907251282	1.21717798581512	0.380389067785339	0.971785978124695	1.14455627023895	-0.438436871301575	0.330468724767761	0.539948591528015	-0.465152025659485	-0.120502813501281	0.456032362646179	0.689504715185242	-0.0283103814334105	0.433180766454773	-0.0151242124270628	0.50862832974823	0.01108079648407	0.356007614294128	0.38113301901825	0.409529183507996	0.721835402624207	0.631564854223328	0.41600216769989	1.05111318338593	0.450098425634461	-0.162179918725891	0.386875628881531	-0.379328185693664	0.339941672887878	0.446579789831238	1.07817167087372	0.298835469457703	0.267800910253601	0.380702508703308	0.937209751928406	0.423132115942078	1.064102858862	0.384939616064148	0.468687840673523	0.781080317846375	0.42167812851532	0.25215958164032	0.59120012851532	0.42167812851532	0.279328208136414	0.48649735860907	0.599614817726257	0.359506537976257
ASCL2-cg07333715-11-2292691	0.499515681249695	1.04411818601044	0.642823020238953	0.454625362035828	0.568305604406433	0.391490769994812	0.424591948156433	0.779499883459167	0.407179718114929	0.477736971654968	0.991843818456726	0.0475782441159058	0.386925266943054	0.46326751144989	0.426872887670593	0.22187598221405	0.416043511694031	0.460350173132019	0.415951557287293	0.397530413244324	0.490517963476257	0.415544380590515	0.464593544530945	0.972714315710144	0.377053003698425	0.681234093237	0.412587989172058	0.11434996457489	-0.302283464746399	0.955406331945496	-0.31307750039093	0.438048384985046	-0.157765408960266	0.50157148410614	0.446463566076355	0.18925947641571	0.381596768529968	0.456947626989441	0.718870223058777	0.0094050898190306	0.291916472631531	0.671772684789734	0.423098860937195	0.658084213476257	0.891739116857605	1.14300826474579	0.478565285863953	0.316798828039246	0.944226294775086	0.404574112585144	0.368766517309265	0.405678681799011	0.964153900915222	0.233548352514343	0.390043665990906	0.376894681676941	-0.302264076074524	-0.0343084204348756	0.481359127172546	0.033948312597351	0.648248171178894	0.393177288122253	0.248753169164734	0.571202967748718	0.618595408544617	0.419910006994324	0.368931250219421	0.457000614233093	0.377261357153015	0.787970114355164	0.0528503389645384	0.11004781613739	0.42167812851532	0.0612115816403199	0.78214812851532	0.42167812851532	0.433369651995789	0.417399802468445	0.523874261585632	0.369272014835632
ASCL2-cg12499235-11-2293173	0.420649908300476	0.571113413061218	0.0661832472897338	0.444040589086609	0.475784831457214	0.865213997045593	0.373168175207214	0.809886110509949	0.35674794516571	0.211858198705749	0.680704045507507	0.307699471166687	0.459849493993835	0.455366738500671	0.288043114721375	0.411506209264832	0.204249738744812	0.4394384001828	0.545770784338074	0.398655640295105	0.377423190527039	0.768592607641296	0.406472771581726	0.556626542760925	0.734681230749207	0.675130320287781	0.442116216222839	0.415352191625671	0.00814676230438227	0.822509558996277	0.428700726659851	0.318919612035828	-0.486629181909485	0.377605711156921	0.428045793127136	0.173957703466492	0.267078995580749	0.398227854040222	-0.0323505498904419	0.569214316869812	-0.019465300317688	-0.168019088159485	0.504269087987976	0.697352440527039	0.805060343908386	0.24391349179657	0.391095512914734	0.480649055090027	-0.0530234781741333	0.606604339635925	0.333367744360046	0.671133908849793	0.420707127966003	0.439488579565124	0.671638893041687	0.606663908727722	0.394308150976257	0.557816806615906	0.364513354223328	-0.0170494603518678	0.686675398229675	0.431696515173035	1.03789139621552	0.173754194799499	0.279634635595398	0.314644234045105	1.1563614772702	0.404009841283874	0.410237584203796	0.672878341405945	0.49052356601532	-0.0244159568118287	0.42167812851532	0.34376708164032	0.49959262851532	0.42167812851532	0.667573978042664	0.32716212851532	0.518870587632507	-0.365981762117492
ASPG-cg14166701-14-104574715	0.408940985937195	0.371100490697937	0.00162132492645267	0.0396816667233276	0.453078909093933	0.538515074682312	0.397877252843933	0.239785188146667	0.407932022802429	-0.363365723657532	0.280905123144226	0.545802548803406	0.742471571630554	0.43625881613739	0.321615192358093	0.41859828690155	0.836549816381531	0.452097477819519	0.561765861974793	0.356560717931824	-0.299128731836243	0.685218685278015	0.437373849218445	0.478065620397644	0.819851308385925	0.6511553979245	0.822030293859558	0.88042826926239	0.451713839941101	1.203131636633	-0.45399119570343	0.431438689672546	-0.520236104272766	0.45680178879364	0.412912870763855	0.91510878110321	1.16119807321747	-0.0661650683230591	-0.0738354722537231	-0.0862226054934691	0.377691777319031	0.165638989477234	0.438099165624695	0.676853518163757	-0.0805075784548949	0.261637569433289	0.376794590551453	0.523977132726746	0.00632759946258549	0.369959417272644	0.380764821996765	0.827075986486511	0.912399205602722	0.303331657201843	1.15244597067841	0.534377986364441	0.422408228612976	-0.000845115747375502	0.360876431860046	-0.438102382715149	0.298445475866394	0.785455592809754	0.226868473852234	0.703215272436218	0.246407713232117	0.790668311681824	0.995368554906922	0.400085918920593	0.483653661840515	1.11575841904266	0.496427643652039	0.20077612082489	0.42167812851532	0.31283658164032	0.53052312851532	0.42167812851532	0.909921978042664	0.34255112851532	0.503481587632507	0.202055337882507
ATHL1-cg18727742-11-288301	0.48071262863739	0.365477133398132	0.119389967626648	0.483869309423523	0.535077551794128	0.399342717382507	0.427360895544128	0.489258830846863	0.454145665502624	0.422947919042664	0.356269765844421	0.549173191503601	0.360599214330749	0.449921458837585	1.03813383505829	0.434310929601746	0.600491459081726	0.482734120519714	0.409935504674988	0.383250360632019	-0.222092089136047	0.35088332797821	-0.36366250808136	0.322935263097839	0.591517951086121	0.733656040624695	0.502113936559753	0.0946219119625854	0.465468482641296	0.491764279333191	0.494328446996765	0.398911332372742	0.309062538427429	0.411535431493835	0.44468151346405	0.175695423803406	0.344780715917664	0.383842574377136	0.0737311704464721	-0.288526962793274	0.432245420019226	0.799384632177429	0.54469280832489	0.522753160863953	0.8607850642453	0.440530212133484	0.202336233251648	0.161047775426941	0.107413242162781	0.359965059972839	0.36045246469696	0.351852629186707	0.291430848302918	0.592359299902039	0.390635613378601	0.415101629064636	0.425361871313171	0.71088252695282	0.446074074560242	-0.0485647400149537	0.420657118566589	0.515941235509949	0.475500116552429	0.560666915136414	0.894427355932312	-0.061765045617981	0.349063197607117	0.444588561620789	0.34866630454071	0.354121061742859	-0.230612713647766	0.715148763525085	0.42167812851532	0.56656708164032	0.27679262851532	0.42167812851532	0.978023478042664	0.34842862851532	0.497604087632507	-0.0336245291174926
ATOH8-cg01472882-2-85980609	0.420785299169617	0.352086803930359	0.478323638158875	-0.411588020044251	0.496600222326355	0.362735387914734	0.407019566076355	0.688214501379089	0.440508336034851	0.44515858957489	0.205275436376648	0.420670862035828	0.338122884862976	0.327965129369812	0.930611505590515	0.428064600133972	0.705542129613953	0.386351791051941	0.856945175207214	0.380924031164246	-0.494698418603821	0.414115998510437	0.267986162450867	0.583511933630066	0.708042621618347	0.130879711156921	1.19415560709198	0.504283582494812	0.403214153173523	0.512317949865418	0.430491117528992	1.10529700290497	0.433049208959656	1.12713910202606	0.323052183996277	0.894419094335632	1.22892038644989	0.402332244909363	-0.0763221590213015	0.561022707738953	0.415623090551453	0.702038302709656	0.289936478857117	0.528420831396179	-0.0664402652224733	0.29646588266571	-0.247527096216126	0.286847445959167	0.0901919126950073	0.329981730505066	0.398050135229187	0.653860299718933	0.961135518835144	0.856005970434265	0.330223283910828	0.893535299596863	0.448631541845398	0.292579197485046	0.139529745092468	-0.348353069482727	0.342509789098816	0.349873906042175	0.232821787084656	0.34347058566864	0.218997026464539	0.744309624914246	0.838908868139343	0.420539232153015	0.451139975072937	0.728241732275085	0.455293956884461	0.869781434057312	0.42167812851532	0.61754658164032	0.22581312851532	0.42167812851532	0.955431401175476	0.327431551648132	0.36148001076532	0.48145725101532
ATOH8-cg24399924-2-85980533	0.45697230844696	0.348086813207703	0.842888647436218	-0.354335010766907	0.526613231603699	0.334296397192078	0.433373575353699	0.686487510656433	0.456887345312195	0.472396598852234	0.212396445653992	0.494162871313171	0.34968089414032	0.457092138647156	0.419709514867859	0.232448609411316	0.725712138891296	0.454538800329285	0.706293184484558	0.342050040441589	-0.483481409326477	0.345972007787781	0.38009217172821	0.42354294290741	0.339760630895691	0.165402720434265	1.14429961636932	0.643605591772156	0.450764162450867	0.333451959142761	0.465352126806335	0.479032012182312	0.450445218237	0.354847111303406	0.437383193273621	0.819076103612976	1.16141339572723	0.425765254186707	-0.0817771497439577	0.207717717016296	0.460781099828796	0.775872311986999	0.25448748813446	0.633810840673523	-0.0573322559451295	0.312459891943054	-0.248803086938782	0.307074455236511	0.609227921972351	0.34136173978241	0.322656144506531	0.352921308996277	0.986033528112488	0.812966979711609	0.335976293188171	0.964401308874207	0.479771551122742	0.0770662067623901	0.366612754369812	-0.0445420602053833	0.33630379837616	0.342194915319519	0.226930796361999	0.503087594945984	0.228851035741882	0.770047634191589	0.347224877416687	0.429137241430359	0.372756984350281	0.370289741552429	0.445981966161804	0.891009443334656	0.42167812851532	0.63806758164032	0.20529212851532	0.42167812851532	0.333336151995789	0.517433302468445	0.670475761585632	0.302030974835632
AVP-cg14065127-20-3063238	-0.0545087134036255	0.450316791357117	0.800862625585632	0.534649967382507	0.516162209753113	0.436163375341492	0.455354553503113	0.137812488805847	-0.350493676538391	0.547061577001648	0.311679423803406	0.509946849462586	0.416733872289734	0.49272711679657	0.281293493017273	0.27322258756073	0.713453117040711	-0.248470221521301	0.409590162633972	0.425401018591003	0.529403568822937	0.423135985937195	0.467786149877624	0.379349921056824	0.416497609045105	0.626086698583679	0.414827594518738	0.57353456992157	0.547646140600281	0.770382937292175	0.531874104955749	0.427156990331726	0.562497196386414	0.43783108945282	0.488113171423035	0.22878908176239	0.417451373876648	0.503233232336121	0.764811828405457	-0.21881730483429	0.16046607797821	0.845755290136414	0.344967466283875	0.171588818822937	0.0318737222042847	0.394606870092468	0.0919648912106324	0.307259433385925	0.195481900121765	0.430532717931824	0.421440122655945	0.526060287145691	0.177784506261902	0.286739957861023	0.419033271337585	0.422182287023621	0.0571945292721558	0.0999961849118042	0.336019732519226	0.612114917944031	0.426759776525574	0.423237893468933	0.288016774511414	0.669715573095398	0.321074013891296	0.714063612341003	0.412697855566101	0.466512219579773	0.423085962499695	0.415808719701843	0.327160944311218	0.72970542148407	0.42167812851532	0.20960508164032	0.63375462851532	0.42167812851532	0.205291238636414	0.35311138910907	0.508170848226257	0.492892507476257
B3GNTL1-cg26725029-17-80921188	0.52075120285614	0.431274707616882	0.954954541845398	0.462151883642273	-0.321516873987122	0.426103291601257	0.469878469762878	0.470532405065613	0.492747239721375	-0.329309506738587	0.338811340063171	0.199246765722351	0.4013627885495	0.470718033056335	1.02720340927704	0.498870503820496	0.724311033300476	-0.278302305261536	0.444926078893738	0.416659934850769	0.507911485082703	0.41426390219696	0.50739806613739	0.484454837316589	0.418872525304871	-0.122835385156555	1.1555015107785	0.139784486181335	0.493859056860046	0.408686853551941	0.496089021215515	1.29252090659149	0.191147112646179	0.408547005712585	0.3741500876828	0.250850998022156	1.32822429013641	0.505256148595886	0.556696744665222	0.621350611425476	0.413004994237976	-0.0364787936038209	0.71223138254364	-0.108190264917297	0.44550563846405	0.385036786352234	0.505688807470398	-0.239992650354309	0.127723816381531	0.433450634191589	0.40550903891571	0.931240203405456	0.178278422521668	0.281081874120789	0.587966187597351	0.841508203283386	-0.294226554468079	0.16325610117157	0.510896648778992	-0.281658165796204	0.412706692785339	0.406405809728699	0.275982690771179	0.486690489355164	0.318700930151062	0.801530528600769	0.736202771825867	0.154649135839539	0.41701787875946	0.415376635961609	0.547960860570984	0.104423337743835	0.42167812851532	0.20696208164032	0.63639762851532	0.42167812851532	0.472593847628601	0.358538998101257	0.554877457218445	0.375080152468445
B4GALNT1-cg01723148-12-58021295	0.42462631235321	0.418722817113953	0.576326651342468	0.463202993139343	0.501101235509949	0.387321401098328	0.417413579259949	0.681809514562683	0.434158349218445	0.443732602758484	0.315351449560242	0.359076875219421	0.86949789804657	0.439139142553406	0.682341518774109	0.084295613317566	0.256634142797546	-0.0159551957644653	0.459292188390808	0.444154044347839	0.403881594579773	0.422963011694031	0.43441017563446	0.40925594681366	0.446335634801941	0.391253724340515	0.390796620275574	0.302599595678406	0.436497166357117	0.374760963049011	0.420258130712585	0.364913016088562	0.21345422214325	0.385471115209656	0.437718197179871	0.205743107519226	0.413413399633484	0.406431258092957	0.722952854162293	0.608422720922546	-0.0469358962649535	0.79100331589325	0.315778492040711	0.657126844579773	0.412831747961121	1.1165148958493	0.364248916967468	0.463607459142761	0.0668449258786012	0.45363374368866	0.401836148412781	0.400830312902527	0.602350532018738	0.283283983617859	0.441295297094421	0.460275312780457	0.473098555028992	0.41169821066864	0.429176758276062	0.467098943700867	0.38898880228241	0.523820919225769	0.297251800268249	0.310134598852234	0.846473039648132	0.162723638097839	0.373913881322937	0.451312245336609	0.414269988256531	0.439726745458679	0.466409970068054	0.734092447240906	0.42167812851532	0.55043608164032	0.29292362851532	0.42167812851532	0.444364651995789	0.406404802468445	0.401679261585632	0.478167462835632
B4GALNT1-cg21361094-12-58021917	0.367344299047546	0.450914803808289	0.867944638036804	0.430709979833679	0.521636222204285	0.373748387792664	0.374581565954285	0.695937501257019	0.360345335912781	0.45152358945282	0.335895436254578	0.459036861913757	0.541927884740906	0.333927129247742	0.848126505468445	0.391173600011902	0.571701129491882	0.440863790929871	0.371584175085144	0.381376031042175	0.472172581274109	0.378535998388367	0.375645162328796	0.653152933507996	0.373854621496277	0.585336711034851	0.38201660696991	0.309350582372742	0.467136153051453	1.03023394974335	0.435739117406921	0.370591002782898	0.468680208837585	0.419047101903992	0.354876183874207	0.270447094213562	0.39022438632782	0.398162244787292	0.655841840856628	0.582711707616882	0.257473090429382	0.721765302587585	0.297315478735046	0.596346831274109	0.786008734655457	1.06769188254364	0.410985903661804	0.358456445837097	0.079879912572937	0.412219730382996	0.423423135107117	0.400131299596863	0.566692518713074	0.794370970312195	0.379471283788757	0.421905299474793	0.476451541723328	0.536550197362976	0.401093744970398	-0.192715069604797	0.373215788976746	0.365643905920105	0.380379786962585	0.30899558554657	0.388374026342468	0.734592624792175	0.548632868017273	0.421235232030945	0.442129974950867	0.526723732153015	0.42493995676239	0.872947433935242	0.42167812851532	0.53510008164032	0.30825962851532	0.42167812851532	0.655708606175476	0.377815756648132	0.40530321576532	0.43763404601532
BAG2-cg10230427-6-57038227	-0.385847485010071	0.419194019750671	0.840583853979187	-0.330925804223938	0.569128438146667	0.406717603735046	0.410312781896668	0.114838717199402	0.400105551855164	0.422219805395203	0.34620665219696	0.52712107785614	0.477770100683289	-0.284531654809876	0.360103721410828	0.460023815954285	0.615153345434265	0.454043006872253	0.455631391027527	0.570470246984558	-0.461170202783509	0.41766121433075	-0.334950621728821	0.420153149450378	0.41507783743866	0.729708926977234	0.497342822912292	0.161097798315125	0.456030368993835	0.68126516568573	0.347593333349304	1.24943421872528	0.206659424779968	0.470622317846374	-0.395323600183411	0.626785310155945	0.371560602270203	-0.431540539270325	0.855904056799011	0.609022923559265	-0.425465693628235	0.821596518529968	0.629495694677429	0.596109047216492	-0.0138360494021605	1.20617309848602	-0.445399880395813	0.37259066177948	0.07397712851532	0.405366946325378	0.567744351049499	0.463829515539246	0.144114734655457	1.15821918625458	0.41147649973114	0.513938515417175	0.49467175766571	-0.170226586694641	-0.447953039087219	0.546843146337585	0.379934004919128	1.01384812186249	0.289201002904968	-0.0358171985110473	0.291847242284851	0.810303840734558	1.07923508395966	0.407005447973328	0.44758819089325	0.450081948095398	0.498613172704773	0.892974649877625	0.42167812851532	0.55755008164032	0.28580962851532	0.42167812851532	0.764164023175476	0.320433173648132	0.39314563276532	0.44979162901532
BAG2-cg27164797-6-57038231	-0.374020276513977	0.419221228246765	0.907539062475281	-0.365271595727844	0.577018646642761	0.42378681223114	0.477643990392761	0.0905739256954957	0.471913760351257	0.515733013891296	0.301337860693054	0.608890286352234	0.421413309179382	-0.319775446313782	0.297151929906921	0.510032024450378	0.620124553930359	0.539967215368347	0.387325599523621	0.458173455480652	-0.447707994287415	0.423673422826843	-0.351452413232727	0.379471357946472	0.404905045934753	0.741941135473328	0.431438031408386	0.148782006811218	0.546969577489929	0.701618374181824	0.436095541845398	1.22866342722137	0.316303633276062	0.426725526342468	-0.388802391687317	0.295239518652039	0.391693810766296	-0.406798330774231	0.906285265295105	0.599880132055359	-0.411008485132141	0.834881727026062	0.684764903173523	0.698885255712586	-0.00156884090606685	1.25642830698212	-0.433495671899719	0.535431870275574	0.0606503370114136	0.412160154821472	0.417977559545593	0.401008724035339	0.15208994315155	1.14796339475067	0.390799708227234	0.453191723913269	0.524768966161804	-0.141240378198547	-0.442625830591125	0.509168354833679	0.392756213415222	1.05906233035858	0.273561211401062	-0.0600469900149535	0.298615450780945	0.879565049230652	1.14365229245575	0.484929656469421	0.410698399389343	0.412807156591492	0.555684381200867	0.850305858373718	0.42167812851532	0.62623458164032	0.21712512851532	0.42167812851532	0.684270320675476	0.204570471148132	0.40773993026532	0.43519733151532
BAI1-cg02048922-8-143546858	0.418761754003601	0.309665258764343	0.865747092992859	-0.415512565210266	0.457792677160339	0.297428842748718	0.378563020910339	0.0134279562130737	0.422227790868835	0.342857044408874	0.175927891210632	0.521374316869812	0.31071233969696	0.412826584203796	1.0481649604245	0.374755054967957	0.820485584447937	0.433255245885925	0.718254630041199	1.15060848599823	0.361504036230164	0.889740453344421	0.416793617284851	0.97674838846405	1.18191707645233	0.625950165990906	0.259415061925964	0.785687037328796	0.461765608007507	1.1368504046994	-0.489960427637024	0.274080457738953	-0.55245733620636	0.268764556860046	0.398543638830261	0.974095549169617	0.254076841283874	0.377290699743347	0.669374295812683	0.319797162572937	0.391203545385437	0.72170275754364	0.242290933691101	0.659886286230164	0.793369189611511	1.13208133749969	0.370451358617859	0.506789900793152	0.521811367528992	0.28194418533905	1.04761259006317	0.791573754552918	0.0751169736691285	1.05097442526825	0.280230738744812	0.712356754430847	0.408132996679382	0.492141652319031	0.362735199926453	-0.292925614648743	0.2749522439328	1.14271436087616	0.18530324191864	0.649019040502624	0.266398481298523	0.77217207974823	0.498492322973328	0.378019686987	0.526667429906921	0.45944118710907	0.474815411718445	-0.0692221111087037	0.42167812851532	0.50711658164032	0.33624312851532	0.42167812851532	0.179442408175476	0.631011558648132	0.59048101776532	0.25245624401532
BAI1-cg03924566-8-143545478	0.463497200903015	0.402574705663757	0.200959539892273	0.378243881689148	0.529958124059753	0.394371289648132	0.356157467809753	0.164712403112488	0.421337237768249	0.483044491308289	0.386310338110046	0.426679763769226	0.386404786596375	0.33258203110321	0.986203407323914	0.356296501867371	0.656789031347351	0.383113692785339	1.00873207694061	0.923679932897644	0.472659483129578	0.497884900243835	0.380616064184265	0.389657835363464	1.10974252335175	0.59581761289032	0.375161508825378	0.471111484228211	0.414583054906921	1.20695185159882	-0.34256198073761	0.381223904638367	-0.441267889306946	0.37452700375946	0.390800085729675	0.863569996069031	0.380088288183289	0.383377146642761	0.552950742712097	0.533078609472351	0.481037992284851	0.749920204443054	0.590183380590515	0.595793733129578	0.812673636510925	1.17084678439911	0.412147805517273	0.342083347692566	0.906647814428406	0.384130632238464	0.390130036962585	0.451385201452332	0.189789420568543	1.08317187216766	0.421187185644226	0.398056201330261	0.333766443578796	0.689056099218445	0.427351646825867	0.346632832250671	0.379786690832214	1.01780180777557	0.666587688818054	-0.0584505125979614	0.843577928197937	0.745370526647644	0.524630769872742	0.394200133886414	0.391241876806335	0.542892634008484	0.463175858617859	0.0520333357907105	0.42167812851532	0.46418808164032	0.37917162851532	0.42167812851532	0.338317151995789	0.512452302468445	0.510044761585632	-0.0137895611643676
BAI1-cg09968723-8-143545789	0.462742831396179	0.427375336156921	0.219235170385437	0.413033512182312	0.261999754552918	0.419565920141296	0.369808098302917	0.104800033605652	0.426315868261414	0.493006121801453	0.72626096860321	0.34167539426239	0.396222417089539	0.416204661596375	0.940729037817078	0.406343132360535	0.450200661840515	0.470185323278503	0.563031707433777	0.758236563390808	0.511124113622742	0.411913530736999	0.378267694677429	0.372606465856628	0.48150015384491	0.309854243383484	0.400407139318542	0.595722114721375	0.473729685400085	1.24891648209198	-0.363263350244446	0.409660535131531	-0.414486258813782	0.407184634252625	0.396405716222839	0.616477626562195	0.402323918676453	0.450905777135925	0.549578373205261	0.510262239965515	0.457110622778015	0.777127834936218	0.329996011083679	0.636895363622742	0.842117267004089	1.07514941489227	0.464756436010437	0.38742697818573	0.96017744492157	0.415801262731628	0.62473866745575	0.383771831945496	0.163002051061707	1.09813050266083	0.40393081613739	0.425416831823425	0.188320074071961	0.615750729711609	0.456597277319031	0.403070462743835	0.414450321325378	0.429771438268738	0.788996319311218	-0.0521898821047974	0.712682558691101	0.637738157140808	0.399793400365906	0.435441764379578	0.4102315072995	0.402009264501648	-0.135983510888977	0.0614339662838745	0.42167812851532	0.59757758164032	0.24578212851532	0.42167812851532	0.450236105034851	0.582598255507507	0.397466714624695	-0.0778929721253051
BAI1-cg23685597-8-143556749	0.449047222753601	0.658072727514343	0.0983955617428589	0.491480903539734	-0.0744658540896607	0.407710311498718	0.376783489660339	0.113081424963074	0.478604259618835	0.469478513158875	0.284813359960632	0.439598785619812	1.00409080844696	0.448559052953796	0.4599574291745	-0.369777476282043	0.582511053197937	0.428090714635925	0.634852098791199	0.42019095474823	0.474686504980164	0.393562922094421	0.297155086034851	0.76413385721405	0.717457545202332	0.710476634740906	0.411999530675964	0.315948506078796	0.156545076757507	0.421453873449402	-0.373771958887024	0.401629926488953	-0.24892086745636	0.799842025610046	0.462267107580261	0.952284017919617	0.390368310033875	0.451875168493347	0.191638764562683	0.611720631322937	0.536534014135437	0.73874722629364	0.308234402441101	-0.113644245019836	0.180666658361511	0.423232806249695	0.468986827367859	0.406015369543152	0.450476836278992	0.40306665408905	0.397378058813171	0.444495223302918	0.561612442419128	0.26231989401825	0.918906207494812	0.396223223180847	0.0589054654293824	0.367592121069031	0.474142668676453	0.525649854101257	0.4017177126828	0.41971582962616	1.11061371066864	0.0952655092526245	0.546276950048523	0.24773954849823	0.446318791723328	0.455796155737	0.394188898656921	0.78104665585907	0.127786880468445	0.0430993576412963	0.42167812851532	0.45952108164032	0.38383862851532	0.42167812851532	0.251762978042664	0.42237912851532	0.423653587632507	0.433279439882507
BBX-cg06818532-3-107318032	-0.0989345510501097	0.398240953710632	0.928877787939148	0.490301129736023	0.515234372106628	0.441879537695007	0.451161715856628	0.0849986511593628	0.354797485815124	0.435229739355164	0.267610586156921	-0.00258298818389896	0.371010034643249	0.422266279150085	0.310529655370789	0.441543749914246	0.0621092793942261	0.376933940832214	0.378078324987488	0.415558180944519	-0.0300582688235474	0.41017114829071	0.44188931223114	0.341616083410339	0.914784771398621	-0.156093139062805	0.389925756872253	0.510368732275086	0.493163302953796	0.386745099645691	0.456841267309265	0.403298152685242	0.426239358739929	0.399673251806335	0.44454833377655	0.204812244115906	0.400994536230164	-0.419226605310364	0.844180990758972	-0.0129551424807741	0.446686240331726	0.685964452489929	0.93802962863739	0.323061981176453	0.8548488845578	1.16695203244598	0.399881053564148	0.459315595739441	0.0847410624752807	0.824805880285339	1.20716728500946	0.599768449499206	0.174721668615417	0.291995120214539	0.412279433691101	0.400631449377136	0.456215691625671	0.57973334726532	0.426248894872742	0.468585080297546	0.394089938879089	0.528519055822449	0.839962936864929	-0.0761022645510865	0.473242176244812	0.762364774694519	0.859242017919617	0.435009381933289	0.40854212485321	0.420425882055359	0.529621106664734	0.210855583837585	0.42167812851532	0.43914708164032	0.40421262851532	0.42167812851532	0.998566274136413	0.34491242460907	0.147599883726257	0.501091471976257
BCL11B-cg20574436-14-99701416	0.463888684789734	0.424158189550476	0.404112023778992	0.489852365575867	0.593567607946472	0.430916773534851	0.402398951696472	0.129608886999207	0.424260721654968	0.418509975195007	1.00133482199677	-0.173921752344055	0.500595270483093	0.254917514989929	0.288899891210632	0.511774985754089	0.44095351523407	0.511742176672058	0.562389560827332	0.394271416784363	0.509003967016296	0.438574384130554	0.260668548070984	0.366093319250183	0.435361007238464	0.323672096777039	0.395641992712097	0.616538968114929	0.35644853879364	0.416818335485535	0.483212503149109	0.407305388525085	0.324332594579773	0.396548487646179	0.474390569616394	0.19945747995575	0.396781772070007	0.50525063052948	0.789640226598816	0.63686509335907	0.33294847617157	0.288996688329773	0.327500864477234	0.644840217016296	0.256216120397644	1.24656726828583	0.497498289403992	0.409822831579285	1.00004529831512	0.406365116125183	0.390839520849304	0.38417568533905	0.153442904455261	1.13000435605438	0.394531669530945	0.39781868521698	-0.00720207253448479	-0.0997934168948363	0.467102130712585	0.46186631613739	1.04888017471893	0.707715291662293	0.803950172704773	-0.0300330287112426	0.879897412084656	0.683481010534363	0.397048253759461	0.498198617773132	0.397181360693054	0.393344117895203	0.567698342504578	0.447550819677429	0.42167812851532	0.47350158164032	0.36985812851532	0.42167812851532	0.295734105034851	0.574548255507507	0.551968714624695	0.285310815874695
BCL6B-cg24720583-17-6926194	0.354587009985046	0.377036514745789	0.860071348974304	0.489748690771179	0.515995933141785	0.364274098730164	0.432359276891785	0.460149212194519	0.429430046850281	0.44788030039032	0.323036147192078	0.494087572851257	0.327951595678406	0.364099840185242	0.824843216405945	0.0117803109494018	0.175913840429382	0.433746501867371	0.419036886022644	0.350165741979675	0.435427292211609	0.349967709325867	0.442095873266296	0.577454644445496	0.403674332433777	-0.099356578027649	0.33360831790741	0.0963402933102416	-0.330400136011047	1.23539866068085	0.423776828344421	0.350637713720398	0.444770919775086	1.19687781284149	0.430774894811707	0.182927805151062	0.34554609726532	0.424572955724792	0.368555551794128	0.593077418554382	0.458805801366882	0.758099013525086	0.293727189672546	0.655211542211609	0.0340004455929566	1.07789659348114	0.416424614599304	0.448708156774597	0.948929623510437	0.354999441320496	0.363522846044617	0.336266010534363	0.251379229650574	0.807723681249695	0.357907994726257	0.757848010412292	0.425691252660828	0.705695908300476	0.430245455907898	0.527362641332703	0.349130499914246	0.337800616857605	0.217897497900086	0.51494629648407	0.258750737279968	0.597699335729675	0.331003578954773	0.443751942968445	0.362698685888367	0.336142443090515	0.46440566769989	-0.0204248551272584	0.42167812851532	0.57900008164032	0.26435962851532	0.42167812851532	0.382614288128601	0.523472438601257	-0.0785751022815552	0.465059711968445
BMP6-cg13498289-6-7729042	-0.420630074853821	0.368881429906921	0.887919264135437	0.200114605932312	-0.380796151697082	0.375977013891296	0.431704192052917	0.0421211273556518	-0.429236037988586	0.456220215551453	0.23595706235321	0.53491548801239	1.06024151083954	0.417740755346375	0.845245131567078	0.428716226110535	0.743387755590515	-0.388295582971497	0.404877801183777	0.351615657140808	0.462026207372742	0.348286624487	0.102797788427429	0.310719559606628	0.34448624759491	0.700070337133484	0.868360233068542	0.679023208471375	0.501808779150085	0.34238257584198	0.474824743505554	0.352987628881531	0.473896834936218	0.475771728002625	0.437591809972839	0.988599720312195	0.364464012426453	0.302321870885925	0.0887764669552612	0.558271333715515	0.488762716528015	0.162167928686218	0.281976104833679	-0.163157542627258	-0.0477616392459108	0.830478508642273	0.454996529760437	0.42742107193573	0.84596553867157	0.358593356481628	0.864377761205749	0.332328925695496	0.830007144811707	0.277646596410828	0.38566290988739	0.346642925573425	0.47668516782196	0.668460823461609	-0.284263628930969	0.565258556493835	0.345759415075378	0.348485532018738	1.02325641306122	0.615546211645203	0.460889652441101	0.747483250890808	0.350424494115906	0.423917858129578	0.365363601049499	0.343737358251648	0.423199582861023	0.903438060033875	0.42167812851532	0.39055758164032	0.45280212851532	0.42167812851532	0.934700942175476	0.213076092648132	0.43410755176532	0.40882971001532
BMP6-cg17619993-6-7728888	-0.35074201601593	0.439457488744812	0.942363322973328	0.185132664770203	-0.314410092859192	0.471648072729187	0.423895250890808	0.118172186193543	-0.355536979150696	0.516738274389343	0.321943121191101	0.525937546850281	0.775957569677429	0.426979814184265	0.281380190404968	0.456301284948425	0.619510814428406	-0.325082524133606	0.572549860021668	0.414886715978699	0.406833266210632	0.42274768332489	0.04532184726532	0.376725618444519	0.4198923064328	0.646523395971374	0.607253291906433	0.698131267309265	0.542492837987976	0.418090634679871	0.487198802343445	0.426606687719421	0.523435893774109	1.17641278684051	0.48653386881073	0.983919779150085	1.22951407126434	0.101612929723816	0.324519525793152	0.138960392553406	0.544639775365906	0.395592987524109	0.34403616367157	-0.0905864837893676	0.0294564195919801	0.390247567480164	0.380066588598328	0.416308130773621	0.750599597509461	0.426122415319519	0.41339382004364	0.406580984533386	0.653850203649597	0.281829655248718	0.493289968725281	0.424024984411316	0.505720226659851	0.282720882299499	-0.403049570093079	0.604016615331726	0.423794473913269	0.420651590856628	0.289221471899109	0.575181270483093	0.317157711278992	0.187877309728699	0.409927552953796	0.420332916967468	0.42648665988739	0.417709417089539	0.482979641698914	0.968967118871765	0.42167812851532	0.28604658164032	0.55731312851532	0.42167812851532	0.950702043675476	0.299485194148132	0.43445765326532	0.40847960851532
BNC1-cg06523224-15-83953883	0.541525311864929	0.491772816625671	0.276359650854187	0.514247992651062	0.566225235021667	0.417362400610046	0.461236578771667	0.713661514074402	0.460594348730164	0.539213602270203	1.01895844907196	0.28418287473114	0.410884897558289	0.450471142065125	0.293984518285828	0.497214612829285	0.234174142309265	0.104524803747253	0.454021187902527	0.413270043859558	0.445938594091492	0.41298601120575	0.504361175146179	0.539113946325378	0.68780063431366	0.649331723852234	0.402741619787293	0.134440595190125	0.196470165868835	0.64736796256073	0.369815130224304	0.420834015600281	0.0964842216549683	0.412424114721375	0.346032196691589	0.323421107030945	0.428343399145203	0.490713257604675	0.724610853674011	-0.194430279565735	0.461176103246765	0.226468315404968	0.347007491552429	0.351259844091492	0.908303747472839	0.394358895361023	0.457308916479187	0.18999545865448	0.0829159253903199	0.429005743200378	0.403479147924499	0.392626312414246	0.218231531530457	0.734783983129578	0.41001129660614	0.406216312292175	0.557963554540711	0.251985210180359	0.478081757787781	-0.0778470567874145	0.424175801794128	0.470704918737488	0.285992799779968	0.144514598363953	0.799552039159851	0.454267637609558	0.538203880834656	0.372259244848328	0.42742398776825	0.448126744970398	0.490744969579773	0.0782114467526245	0.42167812851532	0.41654908164032	0.42681062851532	0.42167812851532	0.438871105034851	0.562084255507507	0.408831714624695	-0.119193071125305
BNC1-cg16049391-15-83954395	0.512787447118836	0.431565951879578	0.865386786108093	-0.350041872095032	0.560937370275574	0.424486535863953	0.473033714025574	0.656810649328308	0.49650748398407	0.404253737524109	0.668739584325867	0.423763009985046	0.948539032812195	0.452113277319031	0.288305653539734	-0.363672251916809	0.663624277563171	0.52132293900116	0.406559323156433	0.420180179113464	0.451533729345398	0.437430146459656	0.232511310400086	0.397825081579285	0.409091769567566	0.0333548591061402	0.613300755041199	0.143770730444031	-0.313566698877258	1.28956109781464	-0.152710734521789	0.745367150854187	-0.423181643091125	0.408281249975281	-0.107337668054504	0.750912242284851	0.417107534399109	0.414088392858581	0.252322988927917	0.638213855688171	-0.389523761499328	-0.0424835493411255	0.333224626806335	0.290626979345398	0.888596882726746	0.363094030614929	0.269548051733093	0.546048593908386	0.442292060644226	0.783886878454285	0.398434283178406	0.412542447668152	0.212859666784363	0.606692118383484	0.429052431860046	0.426639447546082	-0.385384310205383	-0.137287654565735	0.430185893041687	0.0994140784664916	0.410534937048035	0.419046053991394	0.275925935033875	-0.0408042663821411	0.781865174413757	0.730464772863464	0.963314016088562	0.496423380102234	0.447256123022156	0.474048880224304	0.512072104833679	0.0537615820065307	0.42167812851532	0.57510158164032	0.26825812851532	0.42167812851532	0.331172151995789	0.519597302468445	-0.0117882384143677	0.598250809835632
BNIP3-cg18477674-10-133793527	0.109989060888367	0.424974565649109	0.0926663998776246	0.5170807416745	-0.331488015954895	0.452312149633484	0.530930327795105	0.368886263097839	0.494499097753601	0.40620735129364	1.1554271980954	-0.219498376245422	0.427054646581726	0.471716891088562	0.285931267309265	-0.131736638147278	0.432746891332703	-0.307861447229309	0.493146936925964	0.421099792882996	0.529866343114929	0.514292760229187	0.117171924169617	0.543760695348816	1.2179083833371	0.747056472875671	0.40500936881073	0.869290344213562	0.215985914892273	0.406468711584167	0.548691879247742	0.414489764623718	0.541545970678406	0.405721863744812	0.510262945715027	0.276638856054382	0.40413814816864	0.228656006628113	0.362311602697449	0.681855469457702	0.378964852270203	-0.0684159355715943	0.422671240575867	0.721855593114929	0.318647496496277	1.22456564438446	0.0367776655026246	-0.154428792322083	0.0851316744137573	0.460134492223816	0.407536896947937	0.466877061437683	0.187194280553894	0.297058732153015	0.551624045629578	0.445774061315613	-0.373726696435852	0.694717959203796	0.511070506811218	0.632900692236023	0.912982550817566	0.418578667760925	0.275458548803406	0.0774993473873902	0.325385788183289	0.525653386632996	0.655381629858093	0.00668899387176508	0.471478736791687	0.748094493993835	0.0255607186032104	1.01454119577606	0.42167812851532	0.15511308164032	0.68824662851532	0.42167812851532	0.992078478042664	0.28805862851532	0.557974087632507	-0.373407659117493
C10orf116;AGAP11-cg06744119-10-88730599	0.511449939428406	0.392830444189148	0.947963278417664	0.0925936202145385	0.105623862585144	0.399119028173523	0.507736206335144	0.183481141637878	0.50471497629364	-0.00755077016632083	0.527018076635437	0.263101502294617	0.466695525121765	-0.114313230371399	0.746347145849304	0.454668240392761	0.0314607698727418	0.15985643131073	1.011653815466	1.21794467142303	-0.241439778345032	0.415723638769226	0.280965802709656	0.361919573888855	0.429578261877136	0.27146235141571	0.378385247350769	0.748452222753601	0.568265793432312	0.606113590124207	0.489030757787781	0.394871643163757	0.465640849218445	0.938169742284851	0.378796824255066	0.440763734594421	0.387459026708679	-0.414050114831848	-0.000254518762512201	0.643423347997742	0.111353730810242	0.796766942968445	0.688556119115906	-0.0504015283450318	-0.00905862496368404	1.2041355229245	-0.453685455957336	0.558081086217957	0.0595705529537964	0.385734370763855	0.386109775487976	0.499932939977722	0.138150159093933	1.14806661069305	0.394246924169617	0.388658939855652	0.524184182104187	0.730202837743835	-0.454220614648743	0.177687570776062	1.00822242935761	0.389972546300964	0.831088427343445	0.459265225927429	0.909849666723328	0.864188265173035	0.371302508398132	0.491512872411804	1.01897961533173	0.389487372533875	0.572166597143249	0.936434074316101	0.42167812851532	0.65614608164032	0.18721362851532	0.42167812851532	0.121430477675476	0.797055628148132	0.30400308726532	0.53893417451532
C11orf17;ST5-cg21881798-11-8931708	-0.145114126611633	0.400449378149109	0.0412912123776247	0.309089554174499	0.518877796545105	0.725346962133484	0.420252140295105	0.714722075597839	0.442789910253601	0.42841716379364	0.258922010595398	0.500150436254578	1.15440345908173	0.218442703588562	1.02143307980927	-0.378485825647278	0.447559703832703	0.449481365270691	1.04546774942596	0.451317605382996	-0.0555308443850708	0.404969572729187	0.410079736669617	0.584765507848816	0.794931195837097	-0.186869714624329	0.39896718131073	0.719512156713562	0.447920727392273	0.351287524084168	0.252697691747742	1.23247457712372	0.411606783178406	0.368825676244812	0.267097758215027	0.217991668554382	0.37546496066864	0.420845819128113	0.800960415197449	0.584046281957703	-0.456054335229798	-0.0708011230715941	0.616484053075867	0.682074405614929	0.742869308996277	0.34750145688446	0.414405478002625	-0.0879409798220827	0.840106486913758	0.404223304723816	0.359324709447937	0.925942873937683	0.949052093053894	0.738876544653015	0.445462858129578	0.472955873815613	0.462054116064148	-0.0225802282962037	0.382165319311218	0.195785504736023	0.363070363317566	0.351491480260925	1.04396936130341	0.23197815988739	0.319635600683289	0.245036199132996	1.11811144235809	0.431055806371765	0.361476549291687	1.19677930649384	0.47557453110321	0.886751008276062	0.42167812851532	0.39823458164032	0.44512512851532	0.42167812851532	0.945653320175476	0.303440470648132	0.44650092976532	0.39643633201532
C11orf75-cg15412815-11-93271088	0.431878453222351	0.397975957983093	0.787492792211609	0.459863134008484	-0.263277623620911	0.605239541967468	0.452605720129089	0.744394655431824	0.400547490087585	0.0903417436276244	0.495288590429382	-0.256745983911438	0.47548303891571	0.396075283422546	0.394405659643249	0.410329754186706	0.693361283666687	0.477559945104675	0.545901329259949	0.35304618521698	0.390660735448913	0.400520152563171	0.472034316503601	0.6238810876828	0.433818775671082	0.440928865209656	0.344995761144714	0.132307736547546	0.443114307226257	0.332120103918152	0.440800271581726	0.515611156957703	0.40946436301239	0.436402256078796	0.333097338049011	0.312703248388367	0.408935540502624	0.399844398962097	0.675928995031433	0.579882861791687	0.407452244604187	0.12999945676239	0.972533632909851	0.164210985448913	0.793518888830261	0.329852036718445	0.410385057836609	0.447075600011902	0.389464066747742	0.4007418845578	0.455996289281921	0.935664453771667	0.132798672887878	1.022666124487	0.648168437963562	0.552435453649597	0.430361695898132	0.604580351537781	0.339655899145203	0.485196084570007	0.34748994315155	0.38795606009491	1.06548994113739	-0.0142812602786256	0.276881180517273	-0.0421442210330201	0.390629022192078	0.0387023862057495	0.435667129125671	0.41006488632782	0.439327110937195	0.779085588110046	0.42167812851532	0.43910008164032	0.40425962851532	0.42167812851532	0.877135985136414	0.40077813560907	0.185994594726257	0.445225760976257
C11orf93;C11orf92-cg26459819-11-111169457	-0.391141074975891	0.369970429784851	0.884523264013367	0.431513605810242	-0.363648151819153	0.388854013769226	0.387826191930847	0.761857127233582	0.324721961889343	0.447762215429382	0.44079506223114	-0.20059051210968	0.592968510717468	0.387854755224304	0.258708131445007	0.390318225988464	0.725598755468445	0.452928416906433	0.573479801061707	0.456171657018738	0.365724207250671	0.558611624364929	0.149713788305359	0.826863559484558	0.406410247472839	0.518928337011413	0.348569232946472	0.288590208349304	0.464815779028015	0.34027757571991	0.434793743383484	0.34602662875946	0.444926834814148	1.15662372788055	0.452462809850769	0.241613720190124	0.357316012304382	0.422672870763855	0.393086466833191	-0.251232666406555	0.437169716405945	0.0912539285641479	0.840936104711609	-0.135249542749328	0.017577360632019	0.345947508520203	0.414613529638367	0.46243907181366	0.891785538549499	0.595714356359558	0.820631761083679	0.460994925573425	0.159829144689636	0.780460596288757	0.42000090976532	0.492943925451355	0.44156616769989	-0.166526176660462	0.0924503709469604	0.539108556371765	0.388655414953308	0.449996531896667	0.298277412939148	0.0846672115231323	0.281636652319031	0.441313250768738	0.652586493993836	0.398352858007507	0.518212600927429	0.367148358129578	0.461995582738953	0.832334059911804	0.42167812851532	0.44663658164032	0.39672312851532	0.42167812851532	0.867374205175476	0.299403355648132	0.45369781476532	0.38923944701532
C14orf43-cg20517697-14-74208225	0.426505242895203	0.428292747655945	0.538242581884461	0.473107923681335	0.372306166051941	0.43961033164032	0.419799509801941	0.526819445104675	0.251332279760437	0.452362533300476	0.302461380102234	0.388124805761414	0.435423828588562	0.427850073095398	0.301098449316101	0.400747543859558	0.146252073339539	0.400088734777527	0.4676981189328	0.537467974889832	0.397619525121765	0.537741942236023	0.417456106176453	0.360339877355652	0.545077565343933	-0.112952345117493	0.415331550817566	0.671657526220398	0.465555096899109	0.413604893591003	0.426044061254578	0.413725946630554	0.360562152685242	0.419398045751648	0.420306127721863	0.609881038061218	0.450219330175476	0.414290188634949	0.653791784704285	0.0760356514645384	0.432446034277039	0.792267246435242	0.322842422582703	-0.0987092248782347	0.795078678503113	0.400171826391296	-0.27289215249054	0.455462389684753	0.204002856420593	0.439464674230652	0.516591078954773	0.380936243444519	0.20205546256073	0.386369914159851	0.457263227636414	0.413082243322449	0.470897485570984	-0.110591858789368	-0.212064311181946	0.534485874242859	0.434180732824402	0.851035849767761	1.02681473081024	0.469286529394226	0.314819970190124	0.794168568639831	0.422306811864929	0.448919175878601	0.407732918798523	0.407360676000671	0.424925900610046	0.0892273777828979	0.42167812851532	0.45091008164032	0.39244962851532	0.42167812851532	0.496563651628601	0.998437802101257	0.319938261218445	0.351110348468445
C17orf50-cg05173913-17-34091901	0.277700261694031	0.354281766454773	0.645100600683289	0.465116942480164	-0.378279815149231	0.372911350439148	0.060440528600769	0.807268463903503	0.456554298559265	-0.326837447900696	0.220066398901062	0.543980824560242	1.20683284738739	0.418624091894226	0.983690468114929	0.241653562658386	0.830080092138367	0.460498753576355	0.509814137731629	0.41221799368866	-0.451125456079407	0.656177961034851	-0.115802875024719	0.36772689615448	0.535114584142761	0.273803673681336	0.359997569616394	0.134094545019226	0.451905115697937	0.593642912389832	-0.459488919946594	0.757368965429382	0.40190717148407	0.630016064550476	0.397913146520691	0.902092056860046	1.2240303489743	0.402278207433777	-0.0161481964968871	0.321391670263367	0.311956053075867	0.04202726523407	0.535081441381531	0.200901793920593	-0.015120302698059	0.411996845190125	0.424758866308289	0.523650408483582	0.909058875219422	0.35836269302948	0.718180097753601	0.357677262243347	0.915353481359558	1.01255593295868	1.16939724643524	0.477059262121277	0.458133504369812	0.52482216000946	-0.467817292383118	0.436960893041687	0.33269975162323	0.483421868566589	0.26153574960907	-0.0421464518069457	0.244822988988953	0.53234058743866	0.391299830663757	0.422068194677429	0.523510937597351	0.4700046947995	0.0355139194088745	0.732027396581726	0.42167812851532	0.54669958164032	0.29666012851532	0.42167812851532	0.872911367175476	0.260542517648132	0.37006397676532	0.47287328501532
C17orf93;PRAC-cg04618333-17-46800674	0.493334621435242	0.401447126195984	0.908518960424499	0.513103302221375	0.0865145445919799	0.393071710180359	0.45639388834198	0.742384823644714	0.467809658300476	0.442804911840515	0.267674758642273	0.420457184301453	0.370788207128601	0.430600451635437	0.24419382785614	0.433683922399597	0.170614451879578	0.477785113317566	0.382379497472839	0.381543353429871	0.501526903661804	0.399764320776062	0.443149484716492	0.365003255895691	0.376610943883972	0.738800033422546	1.1029119293576	0.109285904760437	-0.281770524560852	0.593775272131043	0.483229439794617	0.385057325170593	0.518815531225281	0.436713424291687	0.458227506261902	0.256514416601257	0.379483708715515	0.492092567174988	0.149374163244324	0.527107030004578	0.524406412817078	0.785678624975281	0.565160801122742	0.119084153661804	-0.00788194295684813	0.492116204931335	0.4916082260495	0.446559768224792	0.845454234960632	0.412316052770691	0.574088457494812	0.369975621984558	0.546701841100769	0.42207029269989	0.416369606176453	0.383565621862488	-0.396028135888977	0.725336519750671	0.486323067358093	-0.259204747217102	0.390456111364441	0.3812002283078	0.257597109350281	0.235149907934265	0.280022348730164	-0.0293650528201294	0.373792190404968	0.45233655441864	0.411519297338562	1.18174205454071	0.436541279150085	0.142709756322937	0.42167812851532	0.61023008164032	0.23312962851532	0.42167812851532	0.0910754780426635	0.44204062851532	0.403992087632507	0.464231571882507
C17orf93;PRAC-cg12374721-17-46799640	0.506740820776062	0.421550325536804	0.0880371597653199	0.500608501562195	-0.3131552560672	0.417198909521179	0.5132410876828	0.424162022985535	0.488427857641296	0.505631111181336	1.05514095798309	0.463690383642273	0.394195406469421	0.523808650976257	0.26483402719696	0.317927121740417	0.051897651220398	0.545289312658386	0.52515669681366	0.412961552770691	0.511802103002625	0.422889520116882	0.482733684057312	0.394043455236511	0.404612143224792	0.784117232763367	1.25088212869843	0.841433104101257	0.0450216747799683	0.406924471471863	0.363039639135437	0.410211524511414	0.528134730566101	0.417529623632507	0.534833705602722	0.220121615942078	0.403327908056335	0.512620766515808	-0.00292363741485596	0.194252229345398	0.533131612157898	0.176905824316101	0.350502000463562	0.545830353002625	0.0104372563839722	0.374198404272156	0.51164342539032	0.546828967565613	0.0791434343014527	0.429891252111511	0.395722656835632	0.385424821325378	0.852408040441589	0.295176492040711	0.986627805517273	0.405026821203308	-0.375442936548157	0.735418719091492	0.498950266698914	-0.307253547876282	0.432679310705261	0.408928427648621	0.490944308691101	0.512878107275086	0.316281548070984	0.447806146520691	0.405834389745789	0.51884675375946	0.409408496679382	0.509845253881531	0.541375478490906	0.384320955663757	0.42167812851532	0.29599758164032	0.54736212851532	0.42167812851532	0.308761978042664	0.51306012851532	0.332972587632507	0.630263537882507
C17orf93;PRAC-cg17444839-17-46800992	0.474299995336609	0.427156500097351	0.276471334325867	0.518934676122742	-0.185194081506653	0.421628084081726	0.454421262243347	0.283507197546082	0.479594032201843	0.517019285741882	0.29180213254364	0.42989355820282	0.414385581029968	0.486039825536804	0.263083201757507	0.519098296300964	0.0554898257809449	0.525321487218933	0.397505871374207	0.418441727331238	0.498079277563171	0.409003694677429	0.476180858617859	0.359845629797058	0.800989317785339	0.769391407323914	0.564043303258972	0.128479278661804	0.529194849340515	0.40177964603241	0.403062813695984	0.42307469907196	0.511240905126648	0.407064798193054	0.492989880163269	0.535999790502624	0.403068082616882	0.509938941076355	0.00289753714569091	0.650450403905945	0.520443786718445	0.827767998876648	0.344690175024109	0.407414527563171	0.0439444309445191	0.396397578832703	0.510219599950867	0.52408214212616	0.950024608862	0.846685426672058	0.402104831396179	0.399769995885925	0.815884215002136	0.316735666601257	0.41411498007782	0.417172995763855	0.33024623801239	0.776627893652039	0.48280144125946	-0.266574373315735	0.424242485265808	0.401942602209167	0.274192483251648	0.598900281835632	0.312499722631531	0.0198083210812379	0.395215564306335	0.490040928320007	0.403323671239929	1.16455942844208	0.516403653051453	0.158067130224304	0.42167812851532	0.50333558164032	0.34002412851532	0.42167812851532	0.152267708636414	0.34803785910907	0.536988318226257	0.497966037476257
C18orf1-cg25374649-18-13611400	-0.406210678979797	0.524246825780945	0.0590396600094605	0.397256001806335	-0.375090755823059	0.43142440976532	0.416667587926941	0.784968523229675	0.401366357885437	0.378464611425476	0.956287458227234	0.420070883886414	0.393962906713562	0.402484151220398	0.285738527441101	0.389835621984558	0.452110151464539	0.416496812902527	0.5257991970578	0.397333053014831	0.394502603246765	0.424956020361023	0.407175184301453	1.02341995548065	1.15870564346893	0.614205733007507	0.858362628942566	0.438041604345398	0.410571175024109	0.405827971716003	0.297675139379578	1.21437402475555	0.413749230810242	1.15632812387665	0.378431205846863	0.211922116186218	1.23952040830048	0.403633266759949	0.798646862829285	0.569823729589539	-0.363809887597961	-0.0703626754397583	0.439690500707703	0.639462853246765	0.814218756628113	0.377134904516296	0.39370792563446	0.396585467809753	0.421445934545593	1.02558275235565	1.16554615707977	0.579356321569519	0.92928554068573	0.949146992284851	1.02524330576141	0.447725321447449	0.421880563695984	-0.123463780664368	0.391584766943054	0.501251952367859	1.2278608109494	0.376028927892761	0.250939808935242	0.456620607519226	0.288004048315124	0.273636646764832	0.792805889989929	0.417758254003601	0.493653996923523	1.16451575412567	0.481253978735046	0.248043455907898	0.42167812851532	0.11081508164032	0.73254462851532	0.42167812851532	0.909119463675476	0.279853614148132	0.45176707326532	0.39117018851532
C19orf35-cg14337655-19-2282207	0.453802519872742	0.390887024633484	0.891404858862	0.194841200658874	0.40122344302948	0.385643608617859	0.44251378677948	0.0659377220822143	0.418688556737976	0.268027810278015	0.255214657079773	0.521288082738953	0.365964105566101	0.404167350072937	0.31184872629364	0.466696820837097	0.705527350317078	0.464507011755066	0.396584395910339	0.415130251867371	0.0960828020993041	0.376881219213562	0.411790383153992	0.421838154333191	0.369451842321472	0.542296931860046	0.552870827795105	0.573635803197937	0.484807373876648	0.422417170568542	0.0325233382321168	0.411065223608093	-0.439007570337219	0.379638322729187	0.443220404699402	0.954684315038757	0.462326607153015	0.433487465612488	0.148153061681824	0.497993928442078	0.506625311254578	0.742125523412781	0.318081699560242	0.520326052099304	0.444345955480652	0.362913103368835	0.453332124487	0.466543666662292	0.0613151333981324	0.378792951208191	0.592205355932312	0.349317520422058	0.931966739538269	1.04239619113739	0.474864504613953	0.378392520299988	0.484023762548523	0.256038418188171	0.453686965795593	0.329653151220398	0.377172009801941	0.8871431267453	1.04695600778778	0.491994806371765	0.559854247167664	0.789864845617371	0.364333088842468	0.46003745285614	0.369749195776062	0.37900695297821	0.500551177587585	0.017240654760437	0.42167812851532	0.60175458164032	0.24160512851532	0.42167812851532	0.689520204675476	0.289641355148132	0.42636581426532	0.41657144751532
C19orf35-cg26245697-19-2282203	0.419304923925476	0.430229428686218	0.746463262914734	-0.0147053952883911	0.332801847082214	0.425527012670593	0.479568190832214	0.108686126134949	0.45600096079071	0.218559214330749	0.294685061132507	0.503217486791687	0.409394509618836	0.443271754125671	0.292150130346374	0.548073224889831	0.635975754369812	0.4283144158078	0.396701799963074	0.410753655920105	-0.0666327938479614	0.411339623266296	0.479792787206726	0.380016558385925	0.408682246374207	0.527544335912781	0.409206231847839	0.219091207250671	0.470829777929382	0.424143574621277	-0.141458257715149	0.428140627660828	-0.406528166284485	0.412018726781921	0.467721808752136	0.754413719091492	0.44075401120575	0.460294869665222	0.0497354657345582	0.363950332494812	0.538900715307312	0.510272927465515	0.362447103612976	0.505191456152039	0.434823359533386	0.38114750742157	0.470402528539734	0.463782070715027	0.0897305374508668	0.418946355260925	0.430369759985046	0.387129924474792	0.828731143591003	0.930910595190125	0.414950908666687	0.417684924352722	0.537649166601257	0.128373822240906	0.487334369848328	0.196082555273132	0.416100413854675	0.576152530798035	1.02666741184052	0.3468892104245	0.436791651220398	0.763556249670105	0.399172492895203	0.468762856908874	0.411993599828796	0.419291357030945	0.49919158164032	0.0506060588131714	0.42167812851532	0.56592058164032	0.27743912851532	0.42167812851532	0.629687529175476	0.359596679648132	0.46194213876532	0.38099512301532
C1orf14-cg02710296-1-182921851	0.447104976659851	1.18060948142059	0.906521315649109	0.437900657445984	0.502090899816589	0.341016065404968	0.424192243566589	0.574213178869324	0.427705013525085	0.444164267065125	1.00098011386688	0.195267539526062	1.03201656235321	0.460344806860046	1.07513118308075	-0.301096722375793	0.206410807104187	0.463443468542175	1.10940885269745	0.41386870865448	0.392417258886414	0.357913676000671	0.434345839941101	0.3130596111203	0.399641299108582	-0.0793426113528445	1.12205728458221	0.559940259985046	-0.398233169336243	0.421282627355652	0.455503795019226	1.2265766803952	0.36170388644989	1.2066807795163	0.427157861486511	0.171762771825867	1.07881406394012	0.422024922399597	0.479335518468933	0.587160385229187	0.428427768041687	-0.12477301980011	0.381988156347351	-0.139486491113586	-0.0654405877322388	0.296211560155945	0.398007581274109	0.459338123449402	0.253305590185242	0.3278774079953	0.323462812719421	1.06440697720917	0.806113196325378	0.3135116479245	0.377353961401062	0.371455977087097	-0.269845780664368	0.685011874975281	0.387153422582703	0.155262608007507	1.23235446658905	0.37071658353241	1.03652346457489	0.630358263158875	0.344826703954773	-0.0598456975955199	1.03961754562958	0.237215909643249	0.418979652563171	0.32174540976532	-0.0100513656253052	0.870176111547546	0.42167812851532	0.13756208164032	0.70579762851532	0.42167812851532	0.567908105034851	0.811985255507507	0.279794714624695	0.276664263874695
C1orf230-cg16096311-1-151693261	-0.299084988305969	0.439764516454773	0.894797350683289	0.205156692480163	0.020462934850769	0.435602100439148	0.447337278600769	0.180139213903503	-0.340701951440735	0.445409302099304	0.330450148901062	-0.162043425439758	1.00239859738739	0.222733841894226	1.03540721811493	0.496358312658386	0.0963268421383667	0.431401503576355	0.405456887731628	0.87153174368866	0.324980293920593	0.427881711034851	0.417781874975281	0.49432364615448	0.416947334142761	0.401039423681335	0.422474319616394	0.369784295019226	0.453476865697937	0.431455662389832	0.344450830053406	0.429196715429382	-0.0905480785159303	0.418047814550476	0.150956896520691	0.241556806860046	0.422446098974304	-0.377517042566223	0.801413553503113	0.640921420263367	0.448125803075867	0.78270001523407	0.955750191381531	0.604391543920593	0.678137447301941	0.470083595190124	0.281153616308289	0.484705158483582	0.207283625219421	0.51725344302948	0.444133847753601	0.391451012243347	0.186505231359558	1.13354468295868	0.420020996435242	0.434917012121277	0.509726254369812	0.14577191000946	0.425285457616882	0.420329643041687	0.44129050162323	0.428069618566589	0.36566849960907	-0.0433257018069458	0.326250738988953	0.0716373374386597	0.411098580663757	0.476992944677429	0.437810687597351	0.415776444799499	0.504445669408874	0.232427146581726	0.42167812851532	0.57628158164032	0.26707812851532	0.42167812851532	0.331311151995789	0.519458302468445	-0.0999652384143678	0.653189416835632
C1orf230-cg24158160-1-151693222	-0.246084462549133	0.372509042211609	0.899719876440124	0.365992218237	0.464288460607605	0.393336626195984	0.454301804357605	0.399728739660339	-0.273595425683899	0.34782882785614	0.387220674657898	-0.114460899682922	1.07083012314423	0.277563367651062	1.06927174387177	0.461143838415222	0.315428367895203	0.446409029333191	0.382395413488464	0.928286269445495	0.402599819677429	0.412470236791687	0.445767400732117	0.882066171911316	0.357544859899597	0.596056949438171	0.39576184537323	0.525985820776062	0.495820391454773	0.376525188146667	0.426305355810242	0.398708241186218	-0.0489605527590942	0.416594340307312	0.223603422277527	0.271334332616882	0.36433462473114	-0.344012516809387	0.812807079259949	0.614301946020203	0.447924328832703	0.774388540990906	1.01050871713837	0.617849069677429	0.617726973058777	0.48721312094696	0.306446142065125	0.476251684240417	0.428744150976257	0.829555968786316	0.378445373510437	0.356791538000183	0.139494757116394	1.11230720871552	0.361710522192078	0.481170537878113	0.460575780126648	0.202817435766296	0.398036983373718	0.505699168798523	0.718414027380066	0.479727144323425	0.534721025365906	-0.08358217605011	0.451810264745789	0.0432098631954957	0.391118106420593	0.429746470434265	1.03196621335419	0.372156970556335	0.52909719516571	0.291490672338562	0.42167812851532	0.50732558164032	0.33603412851532	0.42167812851532	0.341226151995789	0.509543302468445	-0.110529238414368	0.672987375835632
C1orf70-cg00813378-1-1475209	-0.446742686059875	0.359973818700867	0.870139652929382	-0.426760005273743	0.467148237096863	0.477372402685242	0.320458580846863	0.714135516149597	-0.446270649194641	0.396771604345398	0.954825451147156	0.420592876806335	0.800894899633484	0.13373314414032	0.873527520361023	0.41270761490448	0.605881144384461	-0.156653194177551	1.00038118997772	0.617604045934753	-0.0698414038333131	0.653436013280945	-0.368555822778626	0.496036948400574	0.588772636388855	-0.209954274072571	0.985346621862488	0.52443359726532	0.392699167944031	0.334458964635925	0.3854711322995	0.742185017675476	0.454528223730164	0.41587711679657	0.202376198766785	0.95614910910614	0.370443401220398	0.331033259679871	0.538062855749207	0.53781172250946	0.44659110532196	0.712676317480164	0.286736493627625	0.558093846166687	-0.0606292504519654	1.17622689743622	-0.324802081445618	0.338483460729675	0.874672927465515	0.346948745275574	1.11981814999969	0.514200314489441	0.896806533605652	0.296425985204773	0.366070298681335	0.365391314367371	0.432814556615906	-0.191332787744446	-0.507388240137024	0.537090945287781	0.339821803869324	0.422862920812683	1.03057380185516	0.519305600439148	0.274474041235046	0.649004639684753	0.512165882909851	0.362813246923523	0.378731989843445	0.391209747045593	0.400444971654968	0.86868644882782	0.42167812851532	0.35003258164032	0.49332712851532	0.42167812851532	0.681251075128601	0.769333225601257	0.100414684718445	0.166422924968445
C1orf94;CSMD2-cg01445580-1-34631891	0.463034561254578	0.41514706601532	0.106036900243835	0.42067524204071	-0.077754515588684	0.412889649999695	0.421359828161316	0.21765776346405	0.448606598119812	0.511498851659851	1.03315369846161	0.518834124120789	0.396404146947937	0.450548391454773	0.294425767675476	0.470597862218933	0.735371391698914	0.513793053136902	0.394693437292175	0.397770293249207	0.49180984348114	0.401267260595398	0.468756424535828	0.374280195715027	0.394243883703308	-0.140651026758118	0.934598869176941	0.188575844579773	0.506717415258484	0.397338211950378	0.516224379613953	1.00186526498993	0.523666471044617	0.476461364111023	0.420340446081238	1.01140335642059	1.32551764853485	0.489817506994324	0.00221210306365971	-0.134830030176086	-0.376719647363587	-0.0613864352053832	0.318063740942078	0.67738209348114	-0.00100400313751214	0.365904144750671	0.474632165868835	-0.255973291955872	0.667377174779968	0.405452992590027	0.390540397314148	0.426371561803894	0.996333780920105	0.253685232519226	0.580901545995788	0.401994561681824	0.498391803930359	0.656394459570007	0.491631007177429	-0.141743807397766	0.403854051183777	0.402163168127136	0.260271049169617	0.582542847753601	0.7481412885495	0.388933886999207	0.394600130224304	0.455515494237976	0.400899237157898	0.391759994360046	0.475371218969421	0.735604696142273	0.42167812851532	0.43974858164032	0.40361112851532	0.42167812851532	0.173082978042664	0.37232312851532	0.473709587632507	0.532668989882507
C1orf94;CSMD2-cg25772827-1-34632573	0.46988675766571	0.363169262426453	0.0272350966549684	-0.417256561548157	0.370303680822449	0.352328846410828	0.384845024572449	0.389515959875183	0.413202794530945	0.457292048070984	0.714460894872742	0.512193320531921	0.43179434335907	0.408052587865906	1.00809896408661	0.458857058630066	0.661609588110046	0.408229249548035	0.818758633703308	0.344116489660339	0.428640039892273	0.342840457006531	0.36053462094696	0.40575039212616	0.913028080114441	-0.182168830346985	1.14350906558807	0.669257040990906	0.439478611669617	1.22395840836151	0.473147576025086	1.22632446140106	-0.38434733254425	1.14717756052216	0.416849642492371	0.751167552831726	1.28017684494598	0.424366703405457	0.220210299474793	0.562038166235046	-0.425024450952454	0.20680076120575	0.25709893735321	0.637937289892273	0.273816193273621	0.312189341161804	0.455070362279968	0.390265904455261	0.382863371191101	0.35143818900116	0.477525593725281	0.786354758215027	0.980225977331238	0.255139428930359	1.06669274240692	0.339952758092957	0.478960000341492	-0.17915634401886	0.440789203588562	-0.381770610986633	0.35708524759491	0.355899364538269	0.20698824558075	0.510136044164734	0.281566484960632	0.748663083410339	0.657318326635437	0.432437690649109	0.386053433569031	0.740101190771179	0.0644014153805542	0.821865892553406	0.42167812851532	0.53920408164032	0.30415562851532	0.42167812851532	0.969737536175476	0.317312686648132	0.42403114576532	0.41890611601532
C20orf95-cg01025836-20-37230326	0.21110717539032	0.400000680151062	0.0792835143795778	0.111071856176453	-0.289594901452942	0.392380264135437	0.418776442297058	0.461734377599792	0.456963212255554	0.202385465795593	0.277357312597351	0.553564738256531	0.810031761083679	0.467574005590515	0.290951381811218	0.471159476354675	0.324439005834656	0.406528667272644	0.368253051427917	0.393660907384949	0.463085457616882	0.42036187473114	0.45912003867157	0.360728809850769	0.95114449783905	0.0855515873776245	0.639538483312683	0.115345458715515	0.285263029394226	0.664233826086121	0.481157993749695	0.401026879125671	0.180648085180359	0.424198978246765	0.45881606021698	0.689754970556335	0.710306262670593	0.452319121130066	0.404897717199402	0.616260583959656	0.486563966772156	0.792688178930359	0.32833235507782	0.505230707616882	0.61412261099823	0.347674758886414	0.365915780004578	0.333714322179871	0.0731337889157105	0.387570606725769	0.60082201144989	0.447300175939636	0.580425395055847	0.894628846654968	0.545259160131531	0.786146175817566	0.476029418066101	-0.160262926294251	0.432978621313171	0.531450806737976	0.384155665319519	0.980982782262878	0.259888663305359	0.403369461889343	0.338682902685242	0.478627501134949	0.417333744360046	0.356285108373718	0.75410185129364	0.399955608495789	0.495942833105164	0.443887310278015	0.42167812851532	0.47762758164032	0.36573212851532	0.42167812851532	0.439994105034851	0.649768255507507	0.407708714624695	0.404648939874695
C21orf29-cg17585615-21-46128908	0.477178008031921	1.20355551279266	0.493087347021179	0.461100688818054	-0.34349006881134	0.478343096777039	0.39490227493866	0.128883210241394	0.410994044897156	0.234081298437195	0.991100145238953	0.208159570898132	0.452118593725281	0.431943838232117	1.04727021445282	0.290106308996277	0.104995838476257	0.470634499914246	0.422826884069519	0.39009674002655	0.482011290258484	0.403985707372742	0.420158871313171	0.344970642492371	0.780831330480652	0.178924420019226	0.999545315954285	0.356940291357117	0.0614398620358275	0.666347658727722	-0.398048173608704	0.376474711767273	0.42416891782196	0.370376810888367	0.434138892858581	0.180234803197937	1.28439209531219	0.413378953771667	0.489398549841003	0.518077416601257	0.490767799413757	0.80556801157196	0.441337187719421	0.668432540258484	0.684613443639832	0.878551591528015	0.220222612646179	0.405990154821472	0.123009621557312	0.383691439367371	0.376247844091492	0.409378008581238	0.123638227697449	0.23341367929657	0.479450992773132	1.09023000845917	0.128992250707703	0.694031906347351	0.463336453954773	-0.336923360620422	0.383550497961121	1.11882761490448	0.43256649594696	0.551689294530945	1.02502873532684	-0.00407266622344971	1.08039857700165	0.0466749410153197	0.384007683935242	0.37554144113739	0.505030665746765	0.0199821429196166	0.42167812851532	0.38459308164032	0.45876662851532	0.42167812851532	0.432124784628601	0.606952935101257	0.401411394218445	0.415549215468445
C21orf57-cg20399509-21-47717575	0.342879610326843	1.13516311508759	0.602647949316101	0.423455291112976	0.363284533483582	0.39351969907196	0.378499877233581	0.686304812536316	0.417192647192078	0.400320900732117	0.261657747533874	0.311051173193054	0.539042196020203	0.358521440527039	0.251874816747742	0.435068911291199	0.553504440771179	0.233415102209168	0.803666486364441	0.415262342321472	0.474103892553406	0.492324309667664	0.385776473608093	0.425919244787292	0.487215932775574	0.695467022314148	0.488139918249207	0.685802893652039	0.21698246433075	0.380390261022644	-0.0542065713137815	0.385087314062195	0.179455520116882	0.401009413183289	0.386729495153503	0.187556405492859	0.426910697607117	0.433948556066589	0.587668152135925	-0.103332981103821	0.512657401708679	-0.0839223861331175	0.314450790014343	0.691921142553406	0.429536045934753	0.873265193822937	0.456440214941101	0.303569757116394	0.547086223852234	0.385334041662293	1.17884644638641	0.38214561087616	0.445647829992371	0.968322281591492	0.377011595068054	0.380842610754089	0.503614853002625	0.638794508642273	0.434514056249695	0.5000752416745	0.386350100256042	0.384924217199402	1.03016809824188	0.212961896825867	0.819137337621765	0.0731549360714722	0.37658317929657	0.425007543310242	0.378600286230164	0.549240043432312	0.326947268041687	0.823378745214539	0.42167812851532	0.35923958164032	0.48412012851532	0.42167812851532	0.237380478042664	0.42806462851532	0.417968087632507	0.524181920882507
C2CD4B-cg10426464-15-62457529	0.442285914526062	0.471368419286804	0.0865682535153199	0.452588595312195	-0.2165401623172	0.408193003271179	0.3849001814328	0.577046116735535	0.367741951391296	0.469922204931335	0.277870051733093	0.432360477392273	0.472634500219421	0.401739744726257	0.25667512094696	0.411595215490417	0.617526744970398	0.398303406408386	0.39189479056366	0.393407646520691	0.485225196752625	0.407627613866882	0.349398777807312	0.486712548986511	0.407834236974792	0.530812326513367	0.501581222448425	0.134957197851257	0.443771768529968	0.466734565221863	0.462296732885437	0.408620618261414	0.532737824316101	0.397680717382507	0.418078799352722	0.983726709692078	1.30453100180634	0.450376860265808	0.813190456335144	-0.239644676904602	0.407570705907898	-0.0715900819338988	0.327907094213562	-0.114411553247375	0.578159350133972	0.365040498022156	0.44615351914032	0.379600061315613	0.191398528051453	0.406029345861511	1.13831775058563	0.844889915075378	0.922031134191589	0.29780558579071	0.622125899267273	0.412249914953308	0.521072157201843	0.285913812841492	0.451046360448913	0.189387545873718	0.425317404455261	0.394225521398621	0.692879402441101	0.473631201025085	0.662528641820984	0.542948240270691	0.455292483495789	0.42889684750946	0.399283590429382	0.565965347631531	0.393898572240906	0.0683080494137573	0.42167812851532	0.50576308164032	0.33759662851532	0.42167812851532	0.868420895675476	0.337447046148132	0.38600950526532	0.45692775651532
C2CD4D;LOC100132111-cg05021743-1-151810893	0.482953550756531	0.436794055517273	0.108320889745789	-0.329333768457336	0.551494473913269	0.436475639501648	0.466182817663269	0.115351752966003	0.410572587621765	0.484397841161804	0.299017687963562	0.509217113622742	0.41752013644989	0.416838380956726	0.468088757177429	0.506407851720886	0.240249381200867	0.327061042638855	0.408249426794128	0.42554828275116	0.505861832983093	0.494526250097351	0.404850414037781	0.39653518521698	0.417883873205261	0.138349962743835	0.419469858678894	0.246678834081726	0.509948404760437	0.536719201452332	0.477740369115906	0.435313254491882	0.25124046054657	1.14259635361298	0.426576435583191	0.330328345922546	0.417782638036804	0.450557496496277	0.0309690925656128	0.639984959325867	0.203905342138367	-0.00941444570343014	0.338909730444031	0.0618050829830932	0.0283549863644409	0.518334134252624	0.491632155370789	-0.238366302453918	0.800907164281921	0.43236998209198	0.423036386816101	0.421132551305847	0.182690770422058	0.295440222021179	0.419894535497742	0.431787551183777	-0.283703206567688	0.62089244907196	0.440540996679382	0.619711182104187	0.43170304068573	0.421317157629089	0.31912003867157	0.591632837255554	0.864922278051453	0.70844887650116	0.432673119726257	0.411419483739929	0.422007226659851	0.415139983862	0.522619208471374	0.948169685644226	0.42167812851532	0.47952158164032	0.36383812851532	0.42167812851532	0.752582478042664	0.37411962851532	0.471913087632507	-0.249068437117492
C2CD4D;LOC100132111-cg15015892-1-151810887	0.492065501195984	0.424569005956726	0.100182840185242	-0.305134818017883	0.483886424352722	0.424852589941101	0.443901768102722	0.149833703405457	0.406126538061218	0.458211791601257	0.284105638403015	0.474709064062195	0.420880086889343	0.421818331396179	0.710383707616882	0.278013802160339	0.74343233164032	0.339212993078308	0.396893377233582	0.413790233190613	0.483268783422546	0.557314200536804	0.396652364477234	0.749720135656433	0.394535823644714	0.410634913183289	0.626714809118347	0.481725784521179	0.49693635519989	0.810692151891785	0.480781319555359	0.419342204931335	0.298039410986023	1.09544030405243	0.418737386022644	0.960240296362	0.397172588476257	0.43736144693573	0.0256580430050659	0.58180090976532	0.44387829257782	0.164265504736023	0.324261680883484	0.370267033422546	0.026102936803894	0.445106084692078	0.306641105810242	-0.248069352014465	0.814608114721375	0.412907932531433	0.408968337255554	0.4560105017453	0.205511720861511	0.283686172460632	0.406251485937195	0.40973750162323	-0.0416972561282348	0.685589399511414	0.455380947118835	0.59034613254364	0.412353991125183	0.406456108068542	0.671205989111023	0.303031787695007	0.866652228490906	0.722095826940613	0.58444007016571	0.426960434179382	0.402433177099304	0.406604934301453	0.506118158910828	0.916600636083679	0.42167812851532	0.51167108164032	0.33168862851532	0.42167812851532	1.03980147804266	0.37695062851532	0.469082087632507	0.106864296882507
C2orf55-cg04787024-2-99553442	0.459755845678406	0.365870350439148	0.0224771846676637	0.470252526464539	0.523794768835144	0.353798934423523	0.405096112585144	0.0427700478878785	0.41472488254364	0.434791136083679	0.222867982885437	0.449458408544617	0.331541431371765	0.423693675878601	0.929220052099304	0.449715146642761	0.0407176761227417	0.42526933756073	0.373127721716003	1.04531357767303	0.457447127904968	0.339218545019226	0.432114708959656	0.832657480138855	1.14493316812714	0.51355125766571	0.339829153600769	0.454009129003601	0.416784699682312	0.349822496374207	0.354464664037781	1.16926054941376	0.470176755468445	0.339998648534851	0.408287730505066	0.170943640844421	1.27778493295868	0.445454791418152	-0.0433056125125122	-0.199747745752258	0.480722637060242	-0.126455150781555	0.793526025365906	0.617865377904968	0.299483281286316	1.2303964291745	0.446282450292664	0.403388992467957	0.813776459203796	0.350544277013855	0.344121681737976	0.324288846227722	0.576381065343933	0.714632516943054	0.336534830419617	0.419226846105652	-0.027926911645813	0.368465743993835	0.441907291601257	-0.380315522973938	1.0653893356076	1.06180345255096	1.00166733359344	0.489769132177429	0.651146572973328	0.00815917142303463	0.337375414648132	0.415420778661804	0.342332521581726	0.436455278783874	0.430636503393249	0.075152980566101	0.42167812851532	0.48881608164032	0.35454362851532	0.42167812851532	0.216117978042664	0.40072712851532	0.445305587632507	0.506427867882507
C2orf55-cg17968795-2-99553406	0.441497193212586	0.412806697973328	0.0582705322018434	0.455599873998718	0.109234116369324	0.408767281957703	0.401736460119324	0.311606395422058	0.41020323007782	0.463148483617859	0.256797330419617	0.374314756078796	0.417341778905945	0.465290023412781	0.281899399633484	0.438921494176941	0.372828023656921	0.40214868509491	0.394517069250183	0.572652925207214	0.411327475439148	0.500281892553406	0.404038056493835	0.870297827673035	1.18538951566132	0.67726860519989	0.373483501134949	0.671451476537781	0.419614047216492	0.920026843908386	0.30959701157196	0.378507896947937	0.442969103002625	0.366507996069031	0.434439078039246	0.368973988378601	1.21860128049286	0.440800138952331	0.495411735021668	0.562684601781921	0.439764984594421	-0.0642198032473755	0.824034372900085	0.644292725439148	0.351018628820496	1.16845877670868	0.420905797826843	0.440498340002136	0.900784806737976	0.388445624548035	0.429819029272156	0.500640193761902	0.643313412878113	0.266931864477234	0.375242177953796	0.722649193639831	0.466651435888367	-0.0761989084719848	0.422124639135437	-0.349693175439758	1.01269768314178	0.437642800085144	1.07520368112762	0.519415479711609	0.731379920507507	0.208710518957214	0.383053762182312	0.363174126195984	0.379773869115906	0.422087626318054	0.358272850927429	0.169495328100281	0.42167812851532	0.46039608164032	0.38296362851532	0.42167812851532	0.330381651995789	0.520387802468445	0.551407261585632	-0.000598250164367709
C2orf65-cg02611848-2-74875387	0.442908322118836	1.07390482687958	0.0136396611080934	0.465031002904968	0.497536245275574	0.362261410863953	0.409818589025574	0.805771524328308	0.10579635898407	0.300576612524109	0.994301459325867	-0.240176115014954	0.445455907812195	0.394218152319031	0.205699528539734	0.437728623083191	0.0394211525631715	0.43653481400116	0.411900198156433	1.03129405411346	0.436328604345398	0.523599021459656	0.400321185400085	0.448401956579285	0.524033644567566	0.67492873410614	0.339328630041199	0.772693605444031	0.414711176122742	0.338609972814636	0.45671814047821	0.363529025854187	0.453675231908874	0.341771124975281	0.426939206945496	0.165785117284851	0.321255409399109	0.412334267858582	0.732308863927917	0.196639730688171	0.475949113500671	-0.0088716743411254	0.443744501806335	0.626516854345398	-0.0497712422732544	0.617421905614929	0.451815926733093	0.494955468908386	0.830238935644226	0.388143753454285	0.361194158178406	0.504210322668152	0.108027541784363	0.196641993383484	0.340387306860046	0.481016322546082	0.169556564794617	0.679981220434265	0.439407768041687	0.199626953466492	0.383992812048035	0.499251928991394	1.08704481003387	0.294415608617859	1.03154104941376	-0.0805943521365357	0.461998891088562	0.396025255102234	0.366212998022156	0.345606755224304	0.448756979833679	0.0546614570065308	0.42167812851532	0.21204858164032	0.63131112851532	0.42167812851532	0.164505978042664	0.42467812851532	0.421354587632507	0.595153268882507
C2orf65-cg20945085-2-74875227	0.448591118139343	1.16379062290009	0.0422904571286013	0.454453798925476	0.486107041296082	0.37559320688446	0.405784385046081	0.813943320348816	0.221313155004578	0.238952408544617	1.01161225534637	-0.194702318994446	0.414318703832703	0.422708948339539	0.202635324560242	0.433231419103699	0.153943948583679	0.433702610021667	0.513932994176941	0.359468850133972	0.435452400365906	0.508343817480164	0.415533981420593	0.895509752599793	0.546651440588074	0.663067530126648	0.336986426061707	0.418099401464539	-0.351623027856751	0.369126768835144	0.429198936498718	0.320653821874695	0.449805027929382	0.370821920995789	0.461800002966003	0.173003913305359	0.380511205419617	0.385997063879089	0.799099659948425	0.440864526708679	0.462489909521179	-0.0989198783206174	0.548093297826843	0.339887650365906	-0.0291874462527465	0.364456701635437	0.430089722753601	0.427670264928894	0.862720731664734	0.374580549474793	0.377553954198914	0.47039211868866	0.103629337804871	0.194345789403992	0.335122102880554	0.794770118566589	0.453288360815125	0.623788016454773	0.417997564062195	0.445724749486999	0.344568608068543	0.511080725011902	1.05865060605438	0.575192404638367	0.664033845434265	-0.0871925561160277	0.48896168710907	0.390607051122742	0.398599794042664	0.340778551244812	0.484733775854187	0.190213253027039	0.42167812851532	0.0913120816403198	0.75204762851532	0.42167812851532	0.543132740128601	0.575246890601257	0.254177349718445	0.304541259968445
C5orf38-cg21629500-5-2754753	0.57079337082489	1.27211587558563	0.595731709814148	0.302148051611023	0.617762293981628	0.420601459570007	0.546511637731628	0.564296573034363	0.536204407690124	0.566321661230164	0.327286508031921	-0.0785540663088989	0.40062095651825	0.524539201025085	0.610543577245789	0.503027671789246	0.0945162012692261	0.0948068627072143	0.392613246862488	0.401657102819519	0.445634653051453	0.41852907016571	0.52957523410614	0.397439005285339	0.399442693273621	0.370866782812195	0.425938678747253	0.169647654150086	-0.133633775171204	0.421884021520691	0.531507189184265	0.413999074560242	-0.310465719385071	0.427843173681335	0.30619225565155	0.214493165990906	0.769371458105164	0.536046316564636	0.0214439126339722	-0.238441220605774	0.519534162206726	0.770100374364929	0.33389755051239	0.429819903051453	0.9457258064328	0.390650954320984	0.126915975439148	0.476010517614441	0.636096984350281	0.670971802160339	0.39519820688446	0.413530371374207	0.473518590490417	0.310722042089539	0.423099355566101	0.490253371252136	0.536867613500671	0.75240026914032	0.527172816747742	-0.308648997827453	0.790862860754089	0.421294977697449	1.19478285873993	0.280376657323914	0.565326098119812	0.0725226965695191	0.557236939794617	0.394968303808289	0.40641504672821	0.404883803930359	0.497872028539734	0.0734825057125854	0.42167812851532	0.66231758164032	0.18104212851532	0.42167812851532	0.149591478042664	0.34698262851532	0.499050087632507	0.558680288882507
C6orf132-cg21875532-6-42109999	0.497651019750671	0.422454524511414	0.906499358739929	0.513585700536804	0.55282194290741	0.403274108495789	0.44508128665741	0.745564221960144	0.419637056615906	0.532229310155945	0.284313156957703	0.573318582616882	0.400010605444031	0.478363849950867	0.97525722617157	-0.360537679284973	0.172087850195007	-0.266005488367004	0.381672895788269	0.4061527517453	0.486351301977234	0.428943719091492	0.468623883031921	0.996857654211121	0.656826342199402	-0.136876568262024	0.419420327673035	0.365746303075867	0.522973873754578	0.396909670446472	0.516536838110046	0.418400723486023	0.494056929540711	1.21295482260712	0.477683904577331	0.211946814916687	1.27485210703094	0.446605965490417	0.843941561559753	0.551951428320007	0.501657811132507	0.13448902329071	0.350087199438171	-0.0657344480227662	0.0018514553585815	1.21597560324677	0.480573624364929	-0.064770833459778	0.610331633276062	0.398045451086121	0.469330855810242	0.492413020299988	0.664278239416199	0.25722069101532	0.404528004491882	0.418046020177917	-0.367101737573547	0.692140918066101	0.471244465673523	0.607692651098328	0.404201509679871	0.39366362662323	0.26774950766571	0.385228306249695	0.290269747045593	0.0179903454953003	0.390926588720398	0.31598895273407	0.819736695653992	0.41088045285614	-0.136712322534485	0.179531154638367	0.42167812851532	0.61844058164032	0.22491912851532	0.42167812851532	0.123682116636414	0.38717726710907	0.497128726226257	0.458826629476257
C8orf56;BAALC-cg14025053-8-104153637	0.398044390844421	0.449758895605164	0.114825729833679	0.578814071630554	-0.31025768599884	0.479784479589539	0.47970365775116	0.836647593053894	-0.355028572290344	0.527011681249695	1.08866952805145	0.511900953710632	0.415822976537781	0.506918221044617	0.27864859726532	-0.285150308191223	0.0905782212887574	0.534799882726746	0.418698266882019	0.43224212283905	-0.083139326929016	0.441059090185242	0.488600254125671	0.405887025304871	0.416604713293152	0.405478802831726	0.415791698766785	0.148706674169617	-0.277797755151672	0.426230041540222	0.570447209203796	0.813326094579773	0.534974300634461	0.418317193700867	0.525148275671082	0.296226186010437	0.423827478124695	0.523317336584167	0.871554932653503	-0.206343200586243	0.526693182226257	-0.0425566056155395	0.543333570531921	-0.084323076929016	0.753028826452331	0.398065974340515	0.0601559954586793	0.497507537633972	0.939689004369812	0.436416822179871	1.27094622690399	1.01620039139374	0.403419610509949	0.38914406210907	1.13294737558563	0.435571391271667	-0.346465366479797	-0.122948710840149	0.531132836767273	0.609578022192078	0.431952880773621	0.42823899771698	0.28677087875946	-0.0285843226565551	0.331397118139343	0.0280377165890504	0.419224959814148	0.16801932382782	1.03300206674774	0.42126382394989	-0.265421951440735	0.0681135257321167	0.42167812851532	0.15536958164032	0.68799012851532	0.42167812851532	0.588343669136414	0.33831181960907	-0.276404721273742	0.507692076976257
C8orf56;BAALC-cg18168101-8-104153627	0.413112900732117	0.423150405492859	0.0890422397213745	0.545460581518249	-0.318853176111145	0.725122989477234	0.438714167638855	0.777259102941589	-0.371930062402649	0.51384619113739	1.04390803793915	0.472610463598328	0.409879486425476	0.491725730932312	0.259394107153015	-0.348012798303528	0.136033731176453	0.490066392614441	0.427685776769714	0.412731632726746	0.0576501829586791	0.542950600072937	0.427093764013367	0.461753535192566	0.403096223180847	0.388286312719421	0.38832720865448	0.127940184057312	-0.291326245263977	0.397245551427918	0.540200719091492	0.530456604467468	0.519482810522156	0.398584703588562	0.514375785558777	0.548337695898132	0.49837998801239	0.474236846471863	0.799292442541199	-0.235312690698547	0.501723692113953	-0.0702430957278443	0.709675080419617	-0.105825567041321	0.773189336340027	0.38613248422821	0.119123505346375	0.499157047521667	0.925324514257507	0.411683332067566	1.23804073679169	1.06751790128143	0.500823120397644	0.534921571996765	1.15401588547333	0.436653901159363	-0.356585856592102	-0.136175200952454	0.508450346654968	0.553033532079773	0.421270390661316	0.401852507604675	0.265225388647156	-0.0446118127688599	0.301233628027039	0.0249832264767456	0.395869469701843	0.230118833715515	0.483516576635437	0.395902333837585	-0.28355644155304	0.0428300356198119	0.42167812851532	0.19940158164032	0.64395812851532	0.42167812851532	0.890325573136413	0.34916572360907	-0.210076817273742	0.496838172976257
C9orf122-cg21189438-9-38622559	0.533866287572937	0.527104792333679	0.0899506265621949	0.42864096835907	-0.324630789270325	0.425665376318054	0.482596554479675	0.26804548978241	0.443901324438171	0.36656057797821	0.286214424779968	0.588247850439148	0.403668873266296	0.514886117773132	0.286502493993835	0.555283588537292	0.583997118017273	0.572926779455261	0.393598163610535	0.406151019567566	0.529644569799499	0.419935986913757	0.541669150854187	0.527623922033386	0.407374610021667	-0.0612693004397583	0.4084395954953	0.139187570898132	0.588754141576843	0.418749938268738	0.520752105932312	0.688274991308289	0.532303197362976	0.408250090429382	0.526136172399597	0.209583082738953	0.41995737485321	0.513437233312683	0.890346829382019	0.360844696142273	0.470152078954773	0.805210291112976	0.327843467260437	-0.0552381802005005	0.704407723180847	0.380586871069031	-0.290975107812805	0.585459434362488	0.219117901098328	0.429257718908386	0.400772123632507	0.394510288122253	0.211427507238464	0.269792958837585	0.405392272314148	0.425362288000183	0.545448530248718	-0.140928814111633	0.517569733495788	0.0207029189205932	0.406170777502136	0.405749894445496	1.16483777548798	0.69575457407196	0.758583014867859	-0.006117386682434	0.396869856542664	0.489714220556335	0.411660963476257	0.445186720678406	0.486122945287781	0.984952422460632	0.42167812851532	0.60974308164032	0.23361662851532	0.42167812851532	0.414374151995789	0.436395302468445	0.674350761585632	0.203828048835632
CAB39L-cg15207619-13-49975643	-0.341996743310852	0.40788676144989	0.910048595678406	0.454779937475281	0.525565179845886	0.988573345434265	0.391248523595886	0.611117458898621	0.461439293554382	0.379234547094421	0.517513393896179	-0.119985180444641	0.414611842382507	0.445271086889343	0.254704463110046	0.397935557653503	0.246784087133484	0.465082748571472	0.465851132726746	0.444026988683777	0.40570453891571	0.450651956029968	0.459307119970398	0.448133891149597	0.422546579137878	-0.0573183313235474	1.20543756461151	0.140784540014343	-0.237780889306946	0.371205907384949	0.293725075048523	0.4600209604245	0.401425166479187	0.430890059545593	0.404326141515808	0.212925051855164	0.413570343969421	0.405521202428894	0.76164779849823	-0.161853334741516	0.443941048070984	0.725494260229187	1.00637943637665	-0.0655492110842896	0.871114692297058	0.381423840185242	0.386769861303406	0.473709403478699	0.589032870214539	0.428604688024597	0.384945092748718	0.406032257238464	0.298831476354675	0.241023927953796	0.422232241430359	0.471219257116394	0.459374499364929	0.653698155004578	0.401894702611999	0.534315888036804	0.377791746618347	0.438084863561707	0.304141744604187	0.0101225431881714	0.34519398398407	0.620728582433777	0.437212825658875	0.443238189672546	1.18879893259247	0.451431689794617	-0.0562730855960085	0.0891513915768432	0.42167812851532	0.44352908164032	0.39983062851532	0.42167812851532	0.172327478042663	0.34613162851532	0.499901087632507	0.503881770882507
CABP7-cg10941566-22-30117148	-0.358899859155579	0.417582645605164	0.869186479833679	-0.331923178369446	0.24076306400116	0.525211229589539	0.50512640775116	0.914578343053894	0.474210177709656	0.546354431249695	0.400989278051453	0.612111703710632	1.14276872653778	0.0143359710446167	0.26472834726532	-0.352151558191223	0.532995971288757	-0.347147367273254	0.607727016882019	0.43691187283905	-0.226007576929016	0.539167840185242	-0.226917995874329	0.769916775304871	0.459118463293152	-0.141946447168274	0.408037448766785	0.453413424169617	0.592377994848328	0.406748791540222	0.386665959203797	0.403447844579773	0.52275505063446	0.422095943700867	0.420266025671082	1.02186593601044	0.397868228124695	0.336107086584168	0.757630682653504	-0.247604450586243	0.532315932226257	0.298015144384461	0.524834320531921	-0.114029326929016	0.00778757645233158	0.373692724340515	-0.0624222545413207	0.556013287633972	0.145963754369812	1.03007657217987	0.422997976903992	0.472733141393738	0.760403360509949	0.29927781210907	1.19762312558563	0.518727141271668	0.205034383520203	-0.152281960840149	0.499282586767273	0.623237772192078	0.408802630773621	0.45457874771698	0.29041362875946	0.743498427343445	0.302160868139343	0.0462114665890504	0.450055709814148	0.49662007382782	0.796103816747742	0.40352457394989	-0.201169201440735	0.981469275732117	0.42167812851532	0.48403908164032	0.35932062851532	0.42167812851532	0.889753497675476	0.229554648148132	0.43858010726532	0.40435715451532
CACNA1A-cg22304399-19-13319324	0.446031673925476	0.346964178686218	0.867829012914734	0.226877354711609	-0.306585402917786	0.475038762670593	-0.131074059167786	0.0859228761349488	0.00120471079071038	0.33901196433075	0.241356811132507	0.307327236791687	1.04139525961884	0.428293504125671	0.585832880346374	0.429706974889832	0.509456504369812	0.4787631658078	0.327523549963074	1.10720340592011	0.421413956152039	0.353324373266296	0.445897537206726	0.967082308385925	0.923631996374207	0.684773085912781	0.816613981847839	0.549578957250671	0.497629527929382	0.356143324621277	0.329250492284851	0.368082377660828	0.391439583715515	0.580200476781921	-0.203087441247864	0.670283469091492	0.355295761205749	0.434799619665222	0.299548215734558	0.594235082494812	0.141344465307312	0.460045677465515	0.259049853612976	-0.134228793847961	0.308606109533386	0.40324425742157	0.316869278539734	0.498256820715027	0.711134287450867	0.352770105260925	0.330858509985046	0.349212674474793	0.926325893591003	0.851323345190125	0.471960658666687	0.527580674352722	0.454653916601257	0.691553572240906	0.427733119848328	-0.355425694726868	0.339544163854675	0.340419280798035	0.193115161840515	0.322932960424499	0.625999401220398	0.367343999670105	0.311920242895203	0.419152606908874	0.697798349828796	0.388050107030945	0.50390533164032	0.580434808813171	0.42167812851532	0.58135208164032	0.26200762851532	0.42167812851532	0.330143262636414	0.45383641310907	0.650753872226257	0.392167483476257
CACNA1H-cg09238049-16-1205018	-0.237089734277649	0.479352770483093	0.077147604711609	0.390095946508484	-0.364248811120911	0.902721354467468	0.445608532629089	0.262288467931824	-0.383754697412415	-0.0787484438723753	0.492537402929382	-0.214819171411438	0.55517985141571	0.490247095922546	0.25999147214325	-0.392796433313294	0.876830096166687	-0.342178242395325	0.425086141759949	0.47102099771698	-0.451092452051087	0.859055965063171	-0.188687870996399	1.1999269001828	0.382142588171082	-0.156425322290344	1.10230457364471	0.293923549047546	0.106337119726257	0.598970916418152	0.422829084081726	0.514884969457703	0.43530817551239	0.371362068578796	-0.0753648494509888	1.04663206088837	0.532108353002624	0.462347211462097	0.855049807531433	-0.275357325708313	0.459591057104187	0.26434326926239	0.763493445409851	-0.123158202051086	0.00914370133026132	0.366330849218445	0.445095870336609	-0.262715587488098	0.328239879247742	1.2678506970578	0.433691101781921	1.03192726627167	0.131018485387878	1.122030936987	0.953644250463562	0.581592266149597	-0.380058491601868	-0.163410835962219	0.409702711645203	0.529315897070007	0.41375775565155	0.41621587259491	0.35523575363739	0.702655552221375	0.419690993017273	0.85291559146698	0.593847834692078	-0.42790180129425	0.457751941625671	0.60115869882782	-0.290226076562805	0.915588400610046	0.42167812851532	-0.10483541835968	0.94819512851532	0.42167812851532	0.555427105034851	0.933831255507507	0.292275714624695	-0.602727659125305
CACNG4-cg20410810-17-64962417	0.340542068822937	0.450553573583679	0.156339407812195	0.16452274960907	-0.320507008020325	0.444313157568054	0.516877335729675	0.11194427103241	0.534397105688171	0.562388359228211	0.296593206029968	0.578848631689148	0.400887654516296	0.224299899023132	1.16217427524384	-0.327330630212707	0.792704899267273	-0.320827439294739	0.864615944860535	0.423648800817566	0.5068553510495	0.489327768163757	-0.333820067895813	0.371929703283386	0.429914391271667	-0.109154519189758	0.4547063767453	0.615134352148132	-0.284797077173157	0.418890719518738	0.379965887182312	1.32303277255829	0.524356978612976	0.864714871679382	0.518664953649597	0.912033863988952	0.46945515610321	0.493548014562683	0.875359610632019	-0.232651522607727	0.376727860204773	0.865296072362976	0.852720248510437	0.3569176010495	0.0216995044308472	0.397194652319031	0.505670673437195	-0.215996784387512	0.0914796823483277	0.413625500158386	0.440894904882507	0.572470069372253	1.09506728848846	0.297790740087585	0.538220053564148	0.468333069250183	0.536409311498718	0.147483967138367	0.511576514745788	0.495221700170593	0.436313558752136	0.421285675695496	0.304247556737976	0.37700835532196	0.328534796117859	0.156334394567566	0.420277637792664	0.112006001806335	0.753154744726257	0.417540501928406	-0.274771273462219	0.133264203710632	0.42167812851532	0.57113958164032	0.27222012851532	0.42167812851532	1.02781347804266	0.48411062851532	0.361922087632507	-0.168667354117492
CALHM2-cg07895149-10-105212283	0.47276960910614	0.433568113866882	0.109766948095398	-0.309152710107727	0.273855532262879	0.438297697851257	-0.362729123987122	0.119503811315613	0.424942645971375	0.455173899511414	0.310107746313171	0.340045171972351	0.4123801947995	0.462978439306335	0.966602815527039	-0.353972089929504	0.076596439550476	0.436437100988464	1.10798448514374	0.424266341100769	0.227536891332703	0.42982830844696	0.21329747238739	0.386994243566589	0.425418931554871	-0.111544978906555	1.1827229170285	0.160424892431335	0.465183463110046	0.427101259801941	0.440882427465515	0.421571312841492	0.402078518896179	0.424116411962585	0.4429474939328	1.00143840427216	1.22725669638641	0.390538554845886	0.656954150915222	-0.215288982324524	-0.385230599512024	-0.0152683873538209	0.42223578879364	-0.0494648586672974	0.55517904471405	1.11973719260223	-0.381763786279602	-0.218777244104309	0.118934222631531	0.432754040441589	0.42126844516571	0.574065609655457	0.181959828771668	0.303658280370789	0.419548593847351	0.430753609533386	0.275471851781922	0.50384950742157	0.395429055028992	0.519727240453796	0.432934099035339	0.426427215978699	0.288211097021179	-0.0153851043948364	0.324455336401062	0.529153934850769	1.02269117807587	0.419263542089539	0.43085928500946	0.419181042211609	0.504142266820984	0.784231743993835	0.42167812851532	0.58563458164032	0.25772512851532	0.42167812851532	0.325479651995789	0.525289802468445	-0.114281738414368	0.621947866835632
CALHM2-cg23175074-10-105212490	0.482500117040711	0.432984621801453	0.104448456029968	-0.277717202173157	0.116653040197449	0.432684205785828	-0.361026616052551	0.124280319250183	0.440634153905945	0.459381407445984	0.302855254247742	0.234589679906921	0.41675870273407	0.413749947240906	1.00838632346161	-0.356938581994934	0.152235947485047	0.444150608923035	1.11895799307831	0.420755849035339	0.295874399267273	0.501257816381531	0.0682719803219606	0.84975875150116	0.418463439489441	-0.108626470971985	1.23603542496307	0.160684400365906	0.524027971044617	0.771780767736511	0.449255935400086	0.423193820776062	0.52152402683075	0.428311919897156	0.479635001867371	1.03950891220673	1.31768520432098	0.448866062780456	0.474044658849793	0.218342525610046	-0.393007091577454	0.00226212058074959	0.345055296728211	-0.091879350732727	0.630256552648621	1.1131217005368	-0.103370278345032	0.00621526383026128	0.128801730566101	0.42879654837616	0.416239953100281	0.760541117590027	0.174177336706238	0.283597788305359	0.420345101781921	0.426782117467957	0.132907359716492	0.45350301535614	0.487189562963562	0.591686748388367	0.42827460696991	0.421776723913269	0.28336060495575	0.292815403539734	0.315954844335632	0.564036442785339	1.02605568601044	0.457261050024109	0.418233792944031	0.418056550146179	0.547083774755554	0.702445251928406	0.42167812851532	0.55109908164032	0.29226062851532	0.42167812851532	0.315504151995789	0.535265302468445	-0.181037238414368	0.554968076835632
CATSPER4-cg20415053-1-26527928	0.421524517797546	0.369958022558289	0.0407428567868042	-0.00313880141632095	-0.375421559045715	0.400439606542664	0.384390784704285	0.242089720007019	0.380642554662781	-0.39144619179718	1.13519765500458	0.289061080663757	1.24107910349091	0.451691347997742	0.600010724218445	0.475508818761902	0.571632348241882	0.37742600967987	0.588456393835144	1.05388224979218	0.453822800024109	0.403172217138367	0.407595381078796	1.009851152258	0.471339840246277	0.627969929784851	0.34289982571991	0.640546801122742	0.412822371801453	0.356645168493347	0.462205336156921	0.366602221532898	0.469389427587585	0.371250320653992	0.459462402624206	0.735163312963562	0.35844760507782	0.376334463537292	0.691013059606628	-0.224413073633118	0.481551309179382	0.171801521337585	0.482267697485046	0.519260050024109	0.778509953405456	0.32528610129364	0.432994122411804	0.434033664587097	0.032702131322937	0.460972949132996	0.369736353857117	0.601791518346863	0.194125737463074	0.314651189062195	0.416831502538757	0.437813518224792	0.437183760473328	0.396958416112976	0.446793963720398	0.510161149145202	0.376887007726746	0.374144124670105	1.08188400571259	0.35066780429657	0.304225245092468	0.751791843542175	0.710857086767273	0.381060450780945	0.497604193700867	0.364731950903015	0.41974617551239	0.904519652685242	0.42167812851532	0.30439308164032	0.53896662851532	0.42167812851532	0.890041978042664	0.32462112851532	0.521411587632507	0.103964092882507
CBFA2T3-cg08698997-16-88989212	0.469709776708679	0.382736281469421	0.0390321156979371	-0.00528554250518809	-0.369346300134582	0.460876865453796	-0.432431956384583	0.570098978918152	0.394179813573914	0.159629067113953	0.55977691391571	0.51547333957489	1.16798536240204	0.388138606908875	1.04643798312958	0.448667077673035	0.454648607153015	-0.0754197314089967	0.597429652746277	0.937341508703308	0.428166058935242	0.869041476049499	0.423444639989929	0.418697411169128	0.79566309915741	-0.201957811304016	0.738476084631042	0.831896060033875	-0.370030369287415	1.23964742740448	0.221188595068054	0.591243480444031	0.0637866864987183	0.883832579565125	0.405835661535339	0.797977571874695	0.902763863988953	0.386530722448425	-0.0564086814822389	-0.289445814721985	-0.214709431909485	-0.0789712197512816	0.277067956396179	0.378598308935242	-0.0344867876834107	0.306330360204773	-0.197729618677063	-0.30177607650177	0.90549639023407	0.363757208044129	0.34706261276825	1.040639777258	0.271842996374207	0.597806447973328	0.38028176144989	0.382250777135925	-0.364733980615539	-0.212783324975891	0.163579222631531	0.547383408056335	1.17104326663788	1.11818638358124	1.02465126462372	0.608932063207703	0.760251504003601	0.823465102453308	0.986474345678406	0.411983709692078	0.375939452612	1.15273220981415	0.475228434423523	0.907412911596374	0.42167812851532	0.13767958164032	0.70568012851532	0.42167812851532	0.552072105034851	0.803941255507507	0.295630714624695	0.115401295874695
CBLC-cg01057656-19-45281140	0.524706228002625	0.375492732763367	0.646455566991882	0.541250908788757	0.374746151159363	0.365298316747742	0.470936494909363	0.203316430212097	0.497974264867859	0.447010518407898	0.249845365209656	0.559183790868835	0.369879813695984	0.47996105820282	0.213232434423523	0.51585052896698	0.68462805844696	0.533327719884949	0.375462104040222	0.366398959997253	0.467276510229187	0.395266927343445	0.534216091283874	0.330977862463074	0.355756550451355	0.728766639989929	0.354723535924988	0.10756551132782	0.547756082006531	0.353405878698425	0.513440046361999	0.361774931737976	0.479772137792664	0.35868603085907	0.507332112829285	0.90378902316864	0.351712315282898	0.483471173742371	0.692287769811706	0.59370463657196	0.49624001938446	0.433772231542664	0.393960407690125	-0.157593239770813	0.0202206636105347	0.331313811498718	0.480093832616882	0.586402374792175	0.0571598415280151	0.374228659338074	0.353104064062195	0.417915228551941	0.300637447668152	0.236789899267273	0.361324212743835	0.360726228429871	0.523233470678406	0.747969126318054	0.462685673925476	0.581090859350281	0.359156717931824	0.359711834875183	1.11092171591766	0.636298514501648	0.257210955297546	0.144027553747253	0.425431796972351	0.476517160986023	0.964568903905945	0.355200661108093	0.563767885717468	0.33697336289032	0.42167812851532	0.46708708164032	0.37627262851532	0.42167812851532	0.112125982636414	0.30921213310907	0.545727592226257	0.536791763476257
CCDC140-cg09486778-2-223169609	0.468839228002625	0.651865732763367	0.0632075669918825	0.444887908788757	-0.308187848840637	0.389113316747742	0.418287494909363	0.669801430212097	0.393325264867859	0.180066518407898	0.912559365209656	0.191349790868835	0.435828813695984	0.42262105820282	0.239953434423523	0.49903752896698	0.21977805844696	0.230378719884949	0.369313104040222	0.399950959997253	0.447728510229187	0.416281927343445	0.444269091283875	0.396791862463074	0.373605550451355	0.700042639989929	0.368715535924988	0.12143551132782	0.413904082006531	1.15047287869843	0.466082046362	0.391719931737976	0.430150137792664	0.36896803085907	0.310953112829285	0.80229802316864	1.1674553152829	0.448407173742371	0.492131769811707	0.53601163657196	0.46457801938446	0.0244512315426637	0.951706407690124	-0.134387239770813	0.326019663610535	1.19527881149872	0.470435832616882	0.384038374792175	0.937422841528015	0.982957659338074	1.14550606406219	0.403188228551941	0.982579447668152	0.275270899267273	0.380021212743835	0.386318228429871	0.473281470678406	-0.0571598736819459	0.450357673925476	0.0125808593502808	0.416669717931824	0.432349834875183	1.08425571591766	-0.066820485498352	0.632933955297546	0.0599955537472535	1.01708879697235	0.462041160986023	0.736363903905945	0.417011661108093	0.400671885717468	0.91324936289032	0.42167812851532	0.57118358164032	0.27217612851532	0.42167812851532	0.418483254128601	0.658390404601257	0.330261863718445	0.429190745968445
CCDC150-cg01265662-2-197504046	-0.365548510278625	0.465956994482117	0.977448828710633	-0.342710829492493	-0.315510587121887	0.672336578466492	-0.399287243371887	0.896053691930847	-0.361852473413391	-0.239176219873352	0.687305626928406	-0.0853949474124145	0.481279075414734	-0.33579468007843	1.08651669614227	-0.35911320931427	0.17947432016571	-0.332747018396301	1.09957036575897	1.274059221716	-0.450286228052063	0.614076189062195	-0.315346646997376	1.19349712418182	0.467814812170105	0.745394901708679	0.408308797643738	0.36806477304657	-0.276716656274719	0.404861140417175	-0.26120169191925	0.431652193456726	-0.428493600488586	0.42475629257782	-0.371031625451965	0.22601528488739	1.29759457700165	-0.415985564538879	0.891743031530456	0.64887289829071	-0.41476271889679	-0.0655795067385865	0.477755669408874	0.753005021947937	0.436826925329285	1.24126607321747	-0.436356905664368	0.408367636510925	0.417054103246765	0.453272921056824	0.445595325780945	1.18044449027069	1.0415737093869	0.706095160986023	1.23976347446259	1.16195249014862	-0.375707267602844	0.126583388036804	-0.400279064355774	-0.325824878930969	0.420298979650574	1.23917109659393	1.14439197763641	0.200772776220398	0.442985217016296	0.0433378154660035	0.504875058691101	-0.390406577295227	1.19692616562469	0.478441922826843	-0.274745852563782	0.93889062460907	0.42167812851532	-0.00153391835968014	0.84489362851532	0.42167812851532	0.814517478042663	0.57510262851532	0.270930087632507	-0.539203819117492
CCDC19-cg00099427-1-159870134	0.452488070531921	0.359336575292664	0.0839244095211792	0.0398127513180541	-0.36169400631134	0.450514159277039	0.43720833743866	0.884559272741394	0.442128107397156	-0.0548436390628052	0.431656207738953	-0.0856243666018677	0.584495656225281	0.501296900732117	0.37997327695282	-0.355620628503723	0.452531900976257	-0.174498437585754	0.542488946569519	0.53902980252655	0.410744352758484	0.603595769872742	0.472954933813171	1.15471470499237	1.21835139298065	-0.178759517480774	0.566348378454285	0.940504353857117	-0.310671075464173	0.384064721227722	-0.432182111108704	0.371791774267273	-0.21144101967804	0.475301873388367	0.458122955358581	0.293754865697937	1.22946015781219	0.423522016271667	0.656975612341003	-0.266369520898743	-0.268518138086243	-0.12589192592804	0.757542250219421	-0.0734823972415162	0.596090506139832	0.315005654028015	0.429083675146179	0.191174217321472	0.190464684057312	0.730407501867371	0.379958906591492	0.682410071081238	0.929693290197449	0.24710074179657	0.526952055273132	1.17713107095917	-0.405738686792298	0.184954968847351	0.407082516454773	-0.390485298120423	0.386198560461121	0.50447367740448	0.92138855844696	0.416554357030945	0.285797797826843	0.16284139627655	1.02031663950165	-0.40540699648468	0.545467746435242	0.45758250363739	0.417607728246765	0.891705205419617	0.42167812851532	0.000745581640319848	0.84261412851532	0.42167812851532	0.253863151995789	0.596906302468445	0.692811761585632	-0.193422834164368
CCDC36-cg12468774-3-49236860	0.549788859594421	0.420780364355164	0.0989121985836793	0.575243540380554	0.60132978275116	0.443157948339539	-0.38006187349884	0.164205061803894	0.503232896459656	-0.196910850000305	1.10700599680145	-0.203419577539368	0.423350445287781	0.321461689794617	0.26886706601532	0.524069160558777	0.305810690038757	-0.339039648523255	0.475045735632019	0.42502559158905	0.271317141820984	0.474172558935242	0.513209722875671	0.515532494054871	1.16794718204315	0.790658271581726	0.411470167516785	0.276109142919617	0.540758713598328	0.406661510290222	0.412469677953796	0.431638563329773	0.52242876938446	0.407159662450867	0.543350744421082	0.251786654760437	0.433223946874695	0.521674805334167	0.00216440140350349	0.690007268163757	0.537299650976257	-0.0558601368655395	0.352143039281921	-0.105180608179016	0.00739529520233162	1.30851744309052	0.520799464208679	0.595608006383972	0.968946473119812	0.478189290929871	0.408069695653992	0.457464860143738	0.501528079259949	0.28451453085907	0.418396844335632	0.446105860021668	-0.365085897729797	0.786546757909851	0.262963305517273	0.303013490942078	1.35592634952362	0.64080046646698	0.27593534750946	0.0545331460934449	0.687108586889343	0.00739518533905037	0.409829428564148	-0.40182920742218	0.417074535497742	0.41173529269989	-0.258909482690735	0.964908994482117	0.42167812851532	-0.14113341835968	0.98449312851532	0.42167812851532	1.05746710563641	0.37666125610907	0.286350715226257	0.469342640476257
CCDC42B-cg20166714-12-113592444	0.490116960302429	0.360618465063171	0.373883299291687	0.508461641088562	0.557499883459168	0.356392049047546	0.433004227209167	0.0638811625119017	0.431222997167664	0.400560250707703	0.22461109750946	0.50142552316864	0.332039545995788	0.430421790502625	0.199971166723328	0.449837261266785	0.190601790746765	-0.322575547815247	0.699785836340027	0.907320692297058	0.467127242528992	0.346606659643249	0.429067823583679	0.815929594762878	0.56535028275116	-0.178231627710266	0.338277268224792	0.179361243627624	0.494192814306335	0.35825061099823	0.469241778661804	0.962107664037781	0.469234870092468	1.07649376315887	0.412344845129089	0.552120755468445	1.2911970475827	0.469728906042175	0.157333502111511	-0.290595631128235	0.174657751684265	0.694459963842468	0.286038139989929	0.653325492528992	-0.0499226040896607	0.929041543798523	0.465855564916687	-0.32456889290802	0.54077657382782	0.351237391637878	0.342030796361999	0.323793960851746	0.288774179967957	0.563824631567078	0.33930194504364	0.342974960729675	0.50332220297821	0.696885858617859	0.438031406225281	-0.379761408349915	0.349831450231628	0.338837567174988	0.834275448217468	0.560593246801453	0.241932687597351	0.651491286047058	0.333920529272156	0.435473893285828	0.348102636205749	0.473830393407898	0.219513618017273	0.0557610951901244	0.42167812851532	0.39757908164032	0.44578062851532	0.42167812851532	0.154671978042663	0.35399612851532	0.492036587632507	0.520015706882507
CCDC42B-cg27127017-12-113592319	0.4145982885495	0.414788793310242	0.967720627538757	0.420653969335632	0.536798211706238	0.411682377294617	0.384051555456238	0.359337490758972	0.365844325414734	0.453174578954773	0.287916425756531	0.435553851415711	0.405836874242859	0.278866118749695	0.258097494970398	0.415280589513855	0.467563118993835	-0.175017219568176	0.873020164587097	0.869467020544128	0.517415570776062	0.40419398789032	0.39209215183075	0.955424923009949	0.92939461099823	0.356900700536804	0.390673596471863	0.704962571874695	0.438155142553406	0.3951289392453	0.438166106908875	0.558217992284851	0.499332198339539	0.977162091405945	0.37650217337616	0.703856083715515	1.30468337582977	0.436322234289246	0.411709830358582	-0.222919302881165	0.254594079931335	0.768210292089539	0.421120468237	0.677169820776062	0.00958572415740966	0.873081872045593	0.457827893163757	-0.26053556466095	0.47395690207489	0.462506719884949	0.42051512460907	0.407714289098816	0.636517508215027	0.433456959814148	0.41612227329071	0.414455288976746	0.492419531225281	0.674462186864929	0.393072734472351	-0.315142080102844	0.402979778478699	0.596184895422058	0.793929776464539	0.509097575048523	0.300182015844421	0.770135614294128	0.387390857519226	0.374379221532898	0.39696496445282	0.397988721654968	0.489985946264343	0.916559423437195	0.42167812851532	0.52914408164032	0.31421562851532	0.42167812851532	0.450691151995789	0.400078302468445	0.316439761585632	0.450853426835632
CCDC61-cg15766101-19-46519228	0.225602519750671	0.408948024511414	0.889660858739929	-0.414417799463196	0.48790744290741	0.376067608495789	0.30807578665741	0.723728721960144	0.433143556615906	-0.116575189844055	0.272415656957703	0.528409082616882	0.379513105444031	-0.252871650049133	1.06131772617157	0.246320820715027	0.799621350195007	-0.274657988367004	0.881149395788269	0.3825002517453	-0.00439819802276598	0.395409219091492	-0.402446616968079	0.901150154211121	0.712654842199402	-0.161300068262024	1.13955482767303	0.792042803075867	0.454076373754578	0.364310170446472	-0.384315661889953	1.16342222348602	0.38835042954071	1.14394432260712	0.177876404577331	1.01370031491669	1.18497360703094	0.407268465490417	0.792104061559753	0.0325719283200072	0.336220311132507	0.58162552329071	0.904449699438171	-0.149805948022766	-0.0139040446414184	1.18228210324677	-0.0145378756350705	-0.317237333459778	0.0407481332760621	0.386221951086121	0.877626355810242	0.913605520299988	0.904990739416199	0.87843519101532	0.955052504491882	0.947582520177918	-0.432454237573547	0.576317418066101	-0.070469034326477	-0.356774848901672	0.844674009679871	0.48281212662323	0.21279900766571	0.570001806249695	0.818515247045593	0.7190938454953	0.912892088720398	0.11462545273407	0.373073195653992	1.10903795285614	0.374038177465515	0.868683654638367	0.42167812851532	0.59141708164032	0.25194262851532	0.42167812851532	0.473349674636414	0.42129882510907	0.403307284226257	0.424705071476257
CCDC67-cg11203512-11-93064092	-0.261048725854798	0.415109778905945	0.0711976131344605	0.495901954931335	-0.351196802698059	0.41213236289032	0.456319541051941	0.173022476354675	0.306196311010437	0.448407564550476	0.557292411352234	-0.214917162988587	0.397800859838562	0.361265104345398	0.256821480566101	0.441304575109558	0.0683741045895386	-0.233468233972473	0.5953691501828	0.652162006139832	0.450406556371765	0.641174973486023	0.485246137426453	0.722193908605652	0.437702596593933	0.313396686132507	0.964999582067566	0.123235557470398	0.448822128149109	1.242623924841	-0.151069907495422	0.391607977880554	0.509684183935242	0.389021077001648	0.502781158971863	0.189663069311218	0.381535361425476	0.509095219884949	0.00684681595428466	0.566202682714539	0.162155065527039	0.186338277685242	0.405939453832703	-0.127002193628235	0.00837670975311278	0.432301857641296	0.506227878759461	-0.270174579065247	0.971618887670593	0.912439705480652	0.379537110204773	0.411819274694519	1.01177449381073	0.513278945409851	0.382348258886414	0.566162274572449	-0.384011483179016	0.724423172460632	0.496215720068054	0.245422905492859	0.394213764074402	0.689361881017761	1.15869276206024	0.470438560644226	0.428629001440125	0.0588935998898316	0.410097843114929	0.392751207128601	0.586632950048523	0.496979707250671	0.508696931860046	0.850498409032898	0.42167812851532	0.0544485816403199	0.78891112851532	0.42167812851532	0.482178105034851	1.05328025550751	0.365524714624695	-0.253877648125305
CCDC67-cg18152523-11-93063302	0.120891579565125	0.419021084325867	0.104240918554382	-0.340783739648743	0.0243235027218627	0.437344668310242	0.246359846471863	0.263045781774597	0.443110616430359	0.517826869970398	0.329225716772156	-0.214510857568665	1.16336916525848	0.29317640976532	0.285771785986023	0.45828888052948	0.50777841000946	-0.280253928552551	0.546666455602722	0.429460311559753	0.100712861791687	0.453137278905945	0.472433442846375	1.05509321402557	0.475390902013855	-0.0189720084475708	0.405770887487488	0.19581686289032	0.470299433569031	0.428646230260925	0.2253183979245	0.453467283300476	0.456211489355164	0.41782438242157	0.397255464391785	1.07218837473114	0.412606666845398	0.394815525304871	0.840766121374207	-0.13408501186554	0.46370637094696	0.0410185831051636	0.698459759252624	-0.058543888208313	0.622963015173035	0.425239163061218	0.478226184179382	0.268311726354675	0.842106193090515	0.476242010900574	0.409106415624695	0.922181580114441	0.571069799230652	0.278272250829773	0.409824564306335	0.487411579992371	0.485589822240906	-0.0931485221194459	0.453550025487976	-0.232592789087219	0.440711069494324	0.458914186437683	0.280607067480164	0.459496866064148	0.351851306860046	0.0212579053097535	0.423777148534851	0.107682512548523	1.00754925546845	0.420501012670593	-0.299032762720032	0.93132671445282	0.42167812851532	0.36413758164032	0.47922212851532	0.42167812851532	0.941897331175476	0.303404481648132	0.41481894076532	0.42811832101532
CCDC67-cg26827247-11-93063208	0.208608231908875	0.428332736669617	0.216728570898132	-0.353822087304993	0.176873155065613	0.427492320653992	0.514637498815613	0.408601434118347	0.406605268774109	0.518465522314148	0.362883369115906	-0.221257205224914	0.432350817602234	0.26877406210907	0.307398438329773	0.52254953287323	0.63076006235321	-0.308146276208801	0.509830107946472	0.429483963903503	0.0797585141354371	0.423606931249695	0.512725095190125	1.11273186636932	0.411671554357605	0.522654643896179	0.402895539831238	0.18079651523407	0.568337085912781	0.402926882604675	0.27149705026825	0.421421935644226	0.511440141698914	0.41120703476532	0.383602116735535	1.09771302707489	0.396672319189148	0.524917177648621	0.900434773717956	0.68669064047821	0.52775502329071	-0.0391627645510865	0.645764411596375	-0.103668235864563	0.775251667516785	0.392189815404968	0.507877836523132	0.510393378698425	0.999058845434265	0.669460663244324	0.397855067968445	1.04052623245819	0.705335451574402	0.264411903173523	0.413869216650085	0.462299232336121	0.554924474584656	0.0323811302243042	0.500108677831726	0.451043863256531	0.412402721838074	0.427205838781433	0.291040719823914	0.121986518407898	0.318510959203796	0.00537355765350345	0.433912800878601	0.180819164892273	0.441020907812195	0.404533665014343	-0.266102110376282	0.42631636679657	0.42167812851532	0.36921458164032	0.47414512851532	0.42167812851532	1.01454740467548	0.319424555148132	0.39291601426532	0.45002124751532
CCDC81-cg18121003-11-86085757	0.484673500951843	0.404643005712585	0.0837778399411011	0.497138181737976	0.541305424108582	0.40714458969696	0.465252767858582	0.729494703161316	0.465008537817078	0.366977791357117	0.762696638158875	-0.188859936181946	0.407064086645203	0.459260331152039	0.242259707372742	0.463622801916199	0.199462331396179	0.497874992834167	0.382008376989441	0.422201232946472	0.446993783178406	0.387181200292664	0.442879364233093	0.388562135412292	0.399958823400574	0.671734912939148	0.378876808874207	0.175641784277039	-0.0919276450442507	0.386208151647644	0.458773319311218	0.557215204687195	0.456654410741882	0.398008303808289	0.432851385778503	0.494183296117859	0.387078588232117	0.461825446691589	0.666917042760925	0.625273909521179	0.464902292333679	0.593454504491882	0.814298680639343	-0.127268966821594	0.255094936559753	0.671015084447937	0.458874105566101	0.538183647741394	0.168966114477234	0.400047932287292	0.395366337011414	0.50694850150116	0.177555720617371	0.258680172216492	0.422268485693054	0.417791501379089	0.0595617436276246	0.0839913992672729	0.456396946874695	0.5612611322995	1.26155299088104	0.415413107824402	0.278760988866882	0.421144787450867	0.326403228246765	0.178853826696472	0.50037606992157	-0.0732985660647583	0.451052176855164	0.512653934057312	0.378132158666687	0.913456635839538	0.42167812851532	0.31837708164032	0.52498262851532	0.42167812851532	0.518241151995789	0.332528302468445	0.514358761585632	0.105440824835632
CCDC81-cg18282849-11-86085694	0.532006107397156	0.446869612157898	0.112099446386414	0.313974788183289	0.542995030553894	0.455419196142273	0.481869374303894	0.436811309606628	0.49327814426239	-0.233488602197571	0.757461244604187	-0.164569329736633	0.421681693090515	0.517016937597351	0.275016313818054	0.397036408361511	0.125379937841492	0.52338159927948	0.422472983434753	0.429575839391785	0.473899389623718	0.437121806737976	0.513168970678406	0.404813741857605	0.422086429845886	0.65646651938446	0.407095415319519	0.153741390722351	-0.274794038598938	0.410558758092956	0.501499925756531	0.435278811132507	0.477672017187195	0.422193910253601	0.500109992223816	0.460790902563171	0.417078194677429	0.480796053136902	0.337838649206238	0.636627515966491	0.461601898778992	0.115224110937195	0.353164287084656	-0.0670463603762818	0.421697543005066	0.432969690893249	0.493300712011414	0.374179254186707	0.113401720922546	0.419897538732605	0.429635943456726	0.406031107946472	0.206692327062683	0.299375778661804	0.929073092138367	0.419943107824402	-0.298143649927063	-0.0432169942874146	0.488146553320007	0.555452738744812	0.801332597326355	0.437947714269714	0.284134595312195	0.209056393896179	0.332287834692078	0.325506433141785	0.432057676366882	-0.323239959619446	0.434904783300476	0.428400540502624	-0.260830234888001	0.087246242284851	0.42167812851532	0.29053158164032	0.55282812851532	0.42167812851532	0.325471651995789	0.525297802468445	0.618085261585632	0.0557549978356323
CCNA1-cg05120331-13-37005299	0.387019594335632	0.847497099096374	0.10793593332489	0.125508275121765	-0.290014482507629	1.06682068308075	0.406925861242371	0.232139796545105	0.470719631200867	-0.315172115259094	0.318476731542664	-0.127955842798157	0.496552180028992	0.408889424535828	1.10406580075653	0.468785895299988	0.144093424779968	-0.286101913782044	0.98315147037323	0.459606326330261	0.409358876562195	0.855367293676453	0.480806457616882	0.460030228796081	0.417789916784363	-0.0432869936770631	0.420347902257996	0.308357877660828	0.490039448339538	0.760543245031433	0.454157412695007	0.426769298070984	0.433628504125671	1.26481439719208	0.208511479162292	0.257410389501648	0.431084681615906	0.419215540075378	0.327876136144714	0.631611002904968	0.194222385717468	0.803448597875671	0.710466774023132	-0.0454018734378053	0.124586029943542	0.351722177831726	0.44121319894989	0.172931741125183	0.112058207861023	1.19741402567108	0.394614430395203	0.613957594884949	0.97175781400116	0.266310265600281	0.501131579076843	0.476784594762878	0.479899837011414	-0.132688507348938	0.416913040258484	-0.298437774316711	0.459037084264831	1.20360620120819	1.09526708225067	0.0990768808346557	0.432628321630554	0.389745920080261	1.19399916330536	-0.304397472680969	0.434835270238953	0.423666027441101	-0.149290747949524	0.921808729223327	0.42167812851532	0.21635008164032	0.62700962851532	0.42167812851532	0.649351687175476	0.305143837648132	0.42889129676532	0.41404596501532
CCND1-cg24387864-11-69454823	0.0818510920162964	0.455425596777039	0.934344431005554	0.0271847728024291	-0.279004984826965	0.449381180761414	0.133437358923035	0.486128294225769	0.292092128881531	-0.12444161757843	0.286833229223328	0.460494654882507	1.18718167770966	-0.0245510777835082	0.276103298437195	0.457031392980652	0.733916922460632	0.488075583898621	0.436857968053894	0.421693824010925	0.194925374242859	0.432556791357117	-0.355714044702454	1.00201372647675	0.437564414465027	0.274174504003601	1.19339339993866	0.410866375341492	0.517108946020203	0.391503742712097	-0.367911089624329	0.437879795751648	0.451955001806336	1.23039889487274	-0.328642023157043	1.00053588718231	1.24308317929657	-0.381368962243958	0.0138096338253784	-0.223285499414368	0.389084883398132	0.800544095556335	0.615922271703796	-0.00513737575714113	0.222567527624207	0.45401067551239	-0.319093303369446	0.417681238805847	0.300893705541687	0.401349523351746	1.22917492807587	0.881527092565613	0.967359311681824	0.422650763280945	0.393076076757507	1.07359509244354	0.490819334692078	-0.068977009668274	-0.295824462060852	-0.257339276636047	0.402792581945496	0.428913698888855	0.275603579931335	0.61882537851532	0.322226819311218	0.411721417760925	0.422496660986023	0.121880024999695	1.07123476791962	1.22083452512177	0.54630974973114	0.613099226903992	0.42167812851532	0.56609858164032	0.27726112851532	0.42167812851532	0.831688750675476	0.348820901148132	0.42775836026532	0.41517890151532
CD14-cg25358289-5-140012728	0.411746127660828	0.40075963242157	0.578498466650086	-0.16217319155304	0.490074050817566	0.396710216405945	0.404359394567566	0.5419903298703	0.398119164526062	0.466037418066101	0.303939264867859	0.333007690527039	0.861055713354187	0.403012957861023	0.825555334081726	0.399961428625183	0.463776958105164	0.414812619543152	0.433884003698425	0.388130859655457	0.39993940988739	0.440735827001648	0.420652990942078	0.835280762121277	0.405993450109558	-0.106313460351868	0.656759435583191	0.574056410986023	0.438297981664734	0.860146778356629	0.436707946020203	0.398030831396179	0.363154037450867	0.380460930517273	0.426729012487488	0.703042922826843	0.391442214941101	0.424072073400574	0.43326766946991	-0.0886064637698363	0.0612049190426637	0.458741131200867	0.803451307348328	0.66775065988739	0.644796563268738	0.370489711156921	0.416021732275086	0.335629274450378	0.174507741186218	0.386491558996277	0.386546963720398	0.734992128210144	0.772344347326355	0.702760798925476	0.422217112402039	0.396805128088074	-0.141622629663391	0.520498025976257	0.419212573583679	0.520492759008484	0.935852617590027	0.881740734533386	0.269026615575867	0.612438414159851	0.33465485495575	0.763500453405457	0.992613696630554	0.407769060644226	0.876652803564148	0.373014560766296	0.474969785375671	0.339387262548523	0.42167812851532	0.52858358164032	0.31477612851532	0.42167812851532	0.238643478042664	0.35344962851532	0.492583087632507	0.509382367882507
CD200-cg01031032-3-112051894	-0.365838530420227	0.408988974340515	0.0820488085690309	-0.0707618496340942	-0.342433607263489	0.50791455832489	0.448071736486511	0.101195671789246	-0.374125493554993	0.288433759985046	0.280469606786804	-0.233563967554016	0.912921055273132	0.467266299779968	0.262578676000671	0.465675770544128	0.355016300024109	0.481622961462097	1.11602834561737	0.399568201574402	0.0167417518063355	0.822762168920593	0.454825332861023	0.806779104040222	1.1940117920285	-0.112864118432922	1.25970077750214	0.820152752904968	-0.321979676416321	0.968772120275574	0.511897287939148	1.28698117331512	-0.375283620630188	1.21571927243622	0.421665354406433	0.693309264745789	1.29591755686005	0.460607415319519	0.210073011388855	-0.243805121850891	0.193444260961609	-0.0674925268801879	0.309583649267273	0.402881001806336	0.550086905187683	1.12845405307587	-0.420783925805969	0.135832616369324	0.965356083105164	1.18925090091522	0.403887305639343	0.420503470129089	1.0245876892453	1.16728914084442	0.978495454320984	1.03557347000702	0.178935712255554	0.0126993678952027	0.444234915502625	-0.286047899072571	0.959362959508972	0.457487076452332	0.256898957494812	0.0389667560787964	0.309254196874695	0.859434795324402	1.0380270385495	0.116117402563171	1.03800914548309	0.398491902685242	0.539455127294617	0.0457586044674683	0.42167812851532	0.11912808164032	0.72423162851532	0.42167812851532	0.705830605034851	0.816795755507507	0.141872214624695	0.138925369874695
CD200-cg03329165-3-112052218	-0.279201902002258	0.419573602758484	0.0627854369869996	-0.328828221216126	-0.35743197884552	0.423695186742859	0.17857336490448	0.0881983002072143	-0.334631865137024	0.450130388403015	0.281596235204773	-0.251801339136047	0.689443683691101	0.454589928197937	0.24877730441864	0.440372398962097	0.455762928442078	0.423067589880066	0.986563974035339	0.377391829992371	-0.461822619775696	0.693432797338562	0.394655961278992	0.586893732458191	1.19831742044647	0.286566509985046	1.24822140592011	0.644581381322937	0.485229952001648	0.949315748693543	0.436193916357117	1.25425680173309	0.0531430077877808	0.498474900854187	0.419393982824402	0.361329893163757	0.656926185278015	0.453648043737488	0.470589639806824	-0.259661493432922	0.0904568893795776	0.0628281015377808	0.289582277685242	0.316057630224304	0.480156533605652	0.357621681493835	-0.439475297388001	-0.277276755212708	0.966310711523132	1.21188052933319	0.379500934057312	0.387858098547058	0.988780317663269	1.13792476926239	1.02409408273895	0.905082098424988	0.502301340673523	-0.156507003686829	0.442355543920593	-0.299206270654602	0.830235587926941	0.4194047048703	0.265785585912781	0.0118043844967652	0.288957825292664	0.699909423742371	0.803032666967468	0.42686403098114	0.985552773901062	0.37308053110321	0.536789755712585	0.036174232885437	0.42167812851532	0.13466758164032	0.70869212851532	0.42167812851532	0.698160605034851	0.809706755507507	0.149542214624695	0.127402680874695
CD200-cg04367486-3-112051991	-0.366276901513977	0.421964603246765	0.0870814374752807	-0.349449220727844	-0.331256978357239	0.46269518723114	0.394696365392761	0.100504300695495	-0.372853864648743	0.441738388891296	0.286160235693054	-0.230915338647766	0.772098684179382	0.420086928686218	0.268693304906921	0.461135399450378	0.0815959289303588	0.443728590368347	1.07727597452362	0.405574830480652	0.0717923807125854	0.903485797826843	0.396245961767273	0.847758732946472	1.19435442093475	0.354403510473328	1.27151940640839	0.780520381811218	-0.246504047510071	1.07674874918182	0.483760916845398	1.27534880222137	0.197678008276062	1.21607090134247	0.424720983312683	0.994525893652039	1.3368941857663	0.471103044225769	0.283670640295105	-0.238695492944641	0.179205889867859	0.764631102026062	0.317582278173523	0.406063630712585	0.583910534093933	0.377376681982117	-0.340370296899719	-0.261818754724426	1.00694871201141	1.04057152982147	0.806646934545593	0.404305099035339	1.01222531815155	1.18570676975067	1.06267108322723	1.03492809891327	0.199660341161804	-0.141740003198547	0.494927544408874	-0.308863270166321	0.954058588415222	0.434859705358582	0.269496586401062	-0.0657556150149537	0.302818825780945	0.767749424230652	0.576246667455749	0.381906031469421	1.04705977438934	0.398994531591492	0.553114756200867	0.0464702333737181	0.42167812851532	0.0910140816403198	0.75234562851532	0.42167812851532	0.686064605034851	0.803690755507507	0.161638214624695	0.161398256874695
CD8A-cg12606911-2-87036626	0.474975024511414	0.974340529272156	0.0298273635006715	0.509503705297546	-0.349850052331848	0.395571113256531	0.450255291418152	0.577210226720886	0.466696061376648	0.482111314916687	0.888640161718445	0.507837587377625	0.470067610204773	0.455777854711609	0.230669230932312	-0.329842674524231	0.22122685495575	0.338844516393738	0.652971900549011	0.381206756506043	0.428715306737976	0.338137723852234	0.502559887792664	0.323881658971863	0.342425346960144	0.201207436498718	0.343156332433777	0.686370307836609	0.49736487851532	0.356176675207214	0.212430842870789	0.343159728246765	0.446563934301453	0.381970827367859	0.412185909338074	0.272691819677429	0.347117111791687	0.45589997025116	0.401283566320496	-0.20856256691925	0.43937081589325	-0.0716449719485472	0.411242204198914	-0.154114443262024	0.663606460119324	0.373012608007507	0.440491629125671	0.516543171300964	0.0687576380368043	0.496198455846863	1.19431886057098	0.38674402506073	0.157749244176941	1.11127769577606	0.730525009252625	0.34122502493866	0.431068267187195	0.687603922826843	0.433123470434265	0.49003865585907	0.554165514440613	0.376201631383972	1.08012551242645	0.636658311010437	1.06516575180634	0.269666350256043	1.03793859348114	0.437440957494812	0.348959700414734	0.351815457616882	0.0543606822262572	-0.00799784060089115	0.42167812851532	0.29711608164032	0.54624362851532	0.42167812851532	0.322796298636414	0.40143144910907	0.626536908226257	0.444572447476257
CDK2AP1-cg02017926-12-123754328	-0.369579354272766	0.415361150487976	0.132031984716492	0.569753326513367	-0.296706431116028	0.417534734472351	0.492921912633972	0.886512847936706	0.509698682592468	0.538433936132507	1.04823878293426	0.574338208593445	0.943447231420593	0.492599475927429	0.256316852148132	-0.358124053308411	0.59585747617157	0.066321137609558	0.427127521764832	0.642976377721863	0.513497927953796	0.443099345068054	0.517291509008484	0.387924280187683	0.399198968175964	-0.138967942285461	0.814553953649597	0.402769929052429	0.45707449973114	0.395699296423035	0.518385464086609	0.399089349462585	0.508207555517273	0.467333448583679	0.505909530553894	0.364914440893249	0.948576733007507	0.52488359146698	0.00837318753631583	-0.19138194570343	0.53482343710907	-0.0684013507327271	0.322342825414734	-0.116808822046203	0.899517081335144	0.380256229223328	-0.414982749658508	0.446558792516785	1.00493625925262	0.404174077062683	0.958588481786804	0.37732964627655	0.488370865392761	0.254711316991882	0.583470630468445	0.40244564615448	0.565556888403015	-0.148301455957336	0.0997840916500854	0.62572427707489	0.405341135656433	0.406928252599792	0.724408133642273	0.698766932226257	0.303221373022156	0.885792971471863	0.39783221469696	0.498446578710632	0.405437321630554	0.393172078832703	0.284585303442078	0.0391837806149291	0.42167812851532	0.30735158164032	0.53600812851532	0.42167812851532	0.707823978042664	0.59593812851532	0.250094587632507	0.242793845882507
CDKN1B-cg06197769-12-12868983	0.108814849828796	0.377555354589539	0.522072188818054	-0.0952774693850709	0.510780772985535	0.631600938573914	0.427652116735535	0.420739052038269	0.450103886694031	0.42156314023407	0.240895987035828	0.340546412695007	0.850871435522156	0.421089680028992	1.03829505624969	0.458039150793152	0.309569680273132	0.451858341711121	0.423004725866394	0.668156581823425	0.058658132055359	0.381856549169617	0.185539713110046	0.798931484289246	0.358886172277527	0.632694261816101	0.35165915775116	0.178606133153992	0.513554703832703	0.354078500524597	0.0360516681881715	0.359315553564148	0.210178759618835	0.383569652685242	0.417821734655456	0.204036644994812	0.53311693710907	0.337583795568542	0.627013391637879	0.254720258398132	0.445413641210632	0.555562853368835	0.970684029516296	0.433222382055359	0.828384285436707	0.74061543332489	0.421376454443054	0.409499996618347	0.0512254633541871	0.399025281164246	0.817602685888367	0.906960850378113	0.418866069494324	0.982839521093445	0.914411834570007	0.372220850256042	0.461419092504578	-0.170545251855774	0.423708295751648	0.411057481176453	0.382557339757996	0.411666456701355	0.304608337743835	0.26477613632782	0.286739577123718	0.675190175573425	0.621703418798523	0.442275782812195	0.379310525732117	1.10462828293427	0.20853150754364	0.531505984716492	0.42167812851532	0.63888058164032	0.20447912851532	0.42167812851532	0.605523939675476	0.279305090148132	0.42298254926532	0.41995471251532
CDYL-cg08249424-6-4775222	0.404086268285828	0.44295477304657	0.0547666072750855	-0.391981050928039	0.343779191442566	0.420786357030945	0.435286535192566	0.7617034704953	0.424962305151062	0.421241558691101	0.261183405492859	0.493621831152039	0.428625853979187	0.426577098486023	1.05330247470673	0.401303569250183	0.538143098730164	-0.217212239831848	0.394749144323425	0.391595000280457	0.36276855051239	0.418640967626648	0.384823131567078	0.372634902746277	1.14337759073456	0.692303680273132	0.437121576208191	0.116284551611023	0.488960122289734	1.21060391898163	0.429225086645203	0.433800972021179	0.355987178075867	1.19868107114227	0.439586153112488	0.333788063451843	0.422393355566101	0.390252214025574	0.74073381009491	-0.0983843231448362	0.426026059667664	0.602467271825867	0.335854447973328	0.67074980051239	0.120977703893738	0.415350851781921	0.422330872900085	0.232012415075378	0.0959868818112183	0.408111699621277	0.696397104345398	0.452225268835144	0.663685487951355	0.825761939550476	0.410954253027039	0.409274268713074	-0.332013489038391	0.616618166601257	0.404973714208679	0.440338899633484	0.992062758215027	0.419001875158386	0.790530756200867	-0.0103954452151489	0.815281995580749	0.388219594030457	0.790772837255554	0.406194201269226	0.476037944189148	0.415535701391296	0.278120926000671	0.874735403173523	0.42167812851532	0.51065308164032	0.33270662851532	0.42167812851532	0.721638978042664	0.33806412851532	0.507968587632507	0.301226090882507
CDYL-cg24816460-6-4775203	0.432967238378601	0.381645743139343	0.398170577367859	-0.428797080835266	0.0756431615353394	0.368138327123718	0.442437505285339	0.714950440588074	0.453916275243835	0.434935528783875	0.216524375585632	0.314842801244812	0.38523882407196	0.480622068578796	1.0491964447995	0.331841539342957	0.148685068822937	-0.356792269739075	0.334310114416199	1.20249297037323	0.413725520605164	0.406507937719421	0.440500101659851	0.69206287283905	0.360132560827332	0.701023650365906	0.357937546300964	0.229029521703796	0.345972092382507	1.0760478890744	0.456687056737976	0.390150942113953	0.37888714816864	1.05289404123505	0.446136123205261	0.579973033544617	0.911999325658875	0.430015184118347	0.778455780187683	0.495450646947937	0.439848029760437	0.59697524191864	0.289131418066101	0.294529770605164	-0.00743732601348879	0.362199821874695	0.424980842992859	0.306601385168152	0.0418848519039918	0.43572066971405	0.618556074438171	0.362704238927918	0.950884458044128	0.72009090964325	0.370815223119812	0.353845238805847	0.452972481054382	0.600647136694031	0.416246684301453	0.493521869726257	1.0099257283078	0.35408284525116	1.07693572629364	0.245508524877624	0.742053965673523	0.22496256412323	0.351586807348328	0.322641171361999	0.398702914281921	0.83618967148407	0.468168896093445	0.872327373266296	0.42167812851532	0.54425158164032	0.29910812851532	0.42167812851532	0.676360674175476	0.237273824648132	0.44977528376532	0.39316197801532
CFD-cg02447462-19-861071	-0.364044362939758	0.514534141820984	0.1730219760495	0.0502403178463745	0.39737356021698	1.16480072580536	-0.30475509603302	0.165385839269714	0.113671673925476	0.305431927465515	0.720122774267273	0.275389199926453	1.2282292227536	-0.344118532739563	1.15096284348114	0.282043938024597	0.273211467504578	-0.191297871057434	0.414218513097839	1.29574536905487	-0.457724080713196	0.819829336401062	-0.340261499658508	0.884956271520691	0.430675959508972	-0.144538950952454	0.981148944982605	0.697652920385437	0.0212944910641479	0.977355287756042	-0.366428544580383	0.408338340795593	0.504770546850281	1.32065743991669	-0.370896478113098	1.03138943222626	0.509873724340515	-0.415797417200012	0.583919178869324	0.650812045629578	-0.427230571557922	0.0324226406002808	0.885069816747742	0.0340921692868042	-0.00180992733184815	1.06746922055634	-0.432490758325501	0.398128783849793	0.837973250585632	1.31537206839569	0.850686473119812	1.21823563760956	1.06314785672577	0.26849430832489	1.16026862180145	0.803480637487488	-0.384735120263977	-0.0912184646243286	-0.425451917016907	-0.297595731592102	0.997000126989441	1.1919732439328	1.08272512497528	0.729304923559265	1.11649536435516	0.0875879628048707	1.25345920602997	-0.40853542995636	1.20244831296356	1.30855507016571	0.0568462947750853	0.969562771947937	0.42167812851532	-0.00129991835968019	0.84465962851532	0.42167812851532	0.166720052136414	0.40041620260907	0.583337661726257	0.445587693976257
CHRD-cg18418186-3-184099432	-0.318758296045227	0.438398208715515	0.0986340429440309	0.461554384740906	-0.362725372888489	0.37793579269989	0.415513970861511	0.724124906164246	0.381271740820007	0.329017994360046	0.245150841161804	0.510385266820984	0.355675289648132	0.400500534154968	0.259923910375671	0.443417004919128	0.724302534399109	0.401937195837097	0.468537579992371	0.456516435949402	0.468815986181336	0.362924403295593	0.380248567236023	0.831873338415222	0.363631026403503	-0.0976488840579224	0.357659011877136	0.0929829872799684	0.421435557958679	1.04861735465057	0.431969522314148	0.373812407690125	0.467166613744812	1.13771450681122	0.402941588781433	0.963930499120789	0.363103791235046	0.453983649694519	0.757345245763855	0.576974112524109	0.492931495336609	0.789103707494812	0.865326883642273	0.631963236181336	-0.0279328604373168	0.379737287450867	0.446020308569031	0.389112850744324	0.0657213174801637	0.371988135290222	0.370136540014343	0.944090704504089	0.5069799236203	0.742781375219421	0.424378688695984	0.384574704382019	0.448992946630554	0.679387602270203	0.420114149877624	0.380062335302429	0.373632193883972	0.942065310827332	0.763079191869812	0.611483990453797	0.459989431249695	0.555108029699402	0.3805922729245	0.395464636938171	0.361018379858093	0.355326137060242	0.460069361669617	0.00626783884246829	0.42167812851532	0.49193858164032	0.35142112851532	0.42167812851532	0.208189568636414	0.41253071910907	0.529164178226257	0.433473177476257
CHRNE;C17orf107-cg05529816-17-4802735	0.249694147802429	0.446339652563171	0.118944486791687	-0.333737171411438	0.497807070959167	0.416448236547546	0.304167414709167	0.864506350011902	0.537873184667664	0.522018438207703	0.35234928500946	0.0661477106686402	0.403465733495789	0.334738978002624	0.341754354223328	0.516538448766785	0.551702978246765	0.533477639684753	0.414758023840027	0.432740879797058	-0.406603569971008	0.42130384714325	0.108099011083679	0.729526782262878	1.24752047025116	-0.104652440210266	0.453650455724793	0.852238431127624	0.0233640018063355	0.86076079849823	0.525802966161804	0.423051851537781	0.506513057592468	0.545214950658874	0.504912032629089	0.245641942968445	1.2573152350827	-0.345586906457825	0.787842689611511	0.676287556371765	-0.317329060815735	-0.0447178486575317	0.364861327489929	0.769078680028992	0.0246685834103393	0.865271731298523	0.485026752416687	0.56365029459198	0.91812276132782	0.421738579137878	0.431900983861999	0.395555148351746	0.164992367467957	0.289334819067078	0.40402713254364	0.432683148229675	-0.32476760952179	-0.128102953882141	-0.418276406274719	0.575389779150085	0.713511637731628	0.426256754674988	1.17277663571747	-0.0215875656985474	0.343871875097351	0.817842473547058	0.405946716772156	0.502264080785828	0.42142382370575	0.407691580907898	0.127369805517273	0.886311282690124	0.42167812851532	0.32952108164032	0.51383862851532	0.42167812851532	0.336512151995789	0.514257302468445	0.699819761585632	-0.104029701164368
CHRNE;C17orf107-cg20814095-17-4802981	0.106554442113953	0.437506946874695	0.216463781103211	-0.336863877099915	0.564660365270691	0.43206353085907	0.123795709020691	0.741117644323425	0.383064478979187	0.468947732519226	0.428575579320984	0.319812004980164	0.424644027807312	0.027823272314148	0.296187648534851	0.492763743078308	0.654974272558289	0.474697933996277	0.40312931815155	0.426459174108582	-0.404244275659485	0.854987141454773	-0.120084694604797	0.776944076574402	1.14783576456268	-0.116730145898743	0.417699750036316	0.593761725439148	0.308006296117859	0.891464092809753	0.414301260473328	0.426965145849304	0.549815351903992	0.419363244970398	0.463064326940613	0.473277237279968	1.17332452939423	-0.386552612146301	0.812576983923035	0.642424850683289	0.0863692334957886	-0.0491575543460083	0.341826621801453	0.673041974340515	0.0267398777218629	1.24302102561005	0.488925046728211	0.410726588903503	0.746304055639343	0.589415873449402	0.432323278173523	0.409200442663269	0.17635266177948	0.286630113378601	0.414825426855164	0.419378442541199	-0.359863315210266	-0.125825659570618	-0.410960111963196	0.617619073461609	0.942217932043152	0.415651048986511	1.07483593002899	-0.0169872713870238	0.320822169408875	0.768100767858582	0.407879011083679	0.467792375097351	0.420402118017273	0.413878875219421	0.472646099828796	0.995919577001648	0.42167812851532	0.36601358164032	0.47734612851532	0.42167812851532	0.325836151995789	0.524933302468445	0.527742761585632	-0.135804219164368
CHST6-cg07201456-16-75528813	0.45385366000946	0.402860164770203	0.901730998998718	-0.370190659204407	0.539093583166199	0.398294748754578	0.410694926916199	0.083353862218933	0.424173696874695	0.324550950414734	0.270147797216492	0.244544222875671	0.62878424570282	0.417672490209656	1.06033986643036	0.452345960973816	0.584375490453796	0.477780151891785	0.424927536047058	1.09340839200409	0.494788942236023	0.386483359350281	0.42618452329071	0.34234629446991	0.376982982458191	0.429992071996765	0.375116967931824	0.576693943334656	0.411460514013367	0.379825310705261	0.456280478368836	0.386806363744812	0.5089245697995	0.385657462865906	0.390364544836121	0.188786455175476	0.377375747289734	0.444764605749206	0.834846201818542	0.517959068578796	0.514220451391296	0.638553663549499	0.42960583969696	-0.128144807763977	-0.0089449043826294	1.24223324350555	0.471940264623718	0.390135806799011	0.139928273534851	0.38859509134491	0.379509496069031	0.807821660558777	0.135161879674988	0.653783331274109	0.378465644750671	0.386025660436706	-0.230384097314758	0.53611055832489	0.458740105932312	0.581395291357117	0.39081414993866	0.428488266882019	0.252060147924499	-0.0607300534915161	0.810870387304382	0.677441985754089	0.381969228979187	0.443501592992859	0.383288335912781	0.375625093114929	0.516032317724304	0.681762794897156	0.42167812851532	0.57552808164032	0.26783162851532	0.42167812851532	0.161964708636413	0.36663385910907	0.487389318226257	0.479370037476257
CLCN1-cg27085741-7-143042741	0.545492508886414	0.653458013647156	0.0968228478756716	0.330208189672546	-0.320437567956848	0.433392597631531	0.520958775793152	0.713219711095886	0.501926545751648	0.403960799291687	0.497241646093445	0.417712071752625	0.840781094579773	0.477585339086609	1.06414371530731	0.465004809850769	0.12605433933075	-0.330907999231262	0.797995384924011	0.411981240881042	0.539668791112976	0.448242208227234	0.510725372167664	0.436061143346863	0.410865831335144	0.787218920873718	0.409664816808777	0.244478792211609	-0.25533163710968	0.411327159582214	0.235060327245789	0.573817212621765	0.0898034186764527	0.748512311742859	0.521282393713074	0.226673304052429	0.420543596166687	0.52742845462616	0.0377020506954957	0.644269917455749	0.239632300268249	-0.0438254875735473	0.411576688573914	0.552899041112976	0.0232759444943239	0.384724092382507	0.508291113500672	-0.0800833443240356	0.240948122411804	0.420750940221863	0.520374344945984	0.39379050943573	0.293642728551941	0.297636180151062	0.539874493627625	0.41081650931366	0.351036751562195	0.798510407201843	0.521893954809265	-0.30509785976593	0.663486998815613	0.410425115758972	0.852529996801453	0.511500795385437	0.366478236181335	0.555233834631043	0.42360407785614	0.471535441869812	0.412205184789734	0.412901941991882	0.556422166601257	0.856012643774109	0.42167812851532	0.14607058164032	0.69728912851532	0.42167812851532	0.744064978042664	0.35528012851532	0.490752587632507	0.270509789882507
CLDN10-cg24545961-13-96205960	0.47252935532196	0.904219860082703	0.486330694311218	0.473389036108093	-0.0551547215213012	0.349039444067078	0.331883622228699	0.0630615575314331	0.434807392187195	0.473448645727234	0.226259492528992	0.492327918188171	0.32235694101532	0.360294185522156	0.647832561742859	0.448863656286316	0.0643961857662964	0.428542847204285	0.314770231359558	0.321324087316589	0.414509637548523	0.330951054662781	0.39532621860321	0.34229998978241	0.423962677770691	0.681018767309265	0.356956663244324	0.561369638647156	0.378472209325867	0.329315006017761	-0.424663826318665	0.337119059057312	0.391837265112	0.323679158178406	0.406823240148621	0.996157150487976	0.348802442602234	0.413587301061706	0.721826897131042	0.423781763891296	0.432198146703796	0.743952358862	0.73701853500946	0.623651887548523	0.848478790929871	0.813669938818054	0.426900959936218	0.479635502111511	0.905192968847351	0.42110078665741	1.12124119138153	0.360626355871277	0.128115574987488	0.949620026586609	0.327600340063171	0.339399355749207	0.407526597997742	0.50053125363739	0.397789801244812	-0.265270013330383	0.77664684525116	0.426849962194519	1.096624843237	0.381958641820984	0.968332082616883	0.0480766810665894	0.755227924291687	0.425357288305359	0.342424031225281	1.10553378842743	0.426307013036804	0.254119490209656	0.42167812851532	0.60682808164032	0.23653162851532	0.42167812851532	0.191486978042664	0.36868412851532	0.477348587632507	0.534796788882507
CLDN7-cg11408784-17-7166293	0.352850896581726	0.396684401342468	0.0701792355709841	0.418304577367859	0.523103819738464	0.391061985326843	0.383091163488464	0.0960790987911989	0.404970933446961	0.337176186987	0.280726033788757	0.347091459447937	0.760940482275086	0.338050726781921	0.959215103002624	-0.383931802453919	0.330398727026062	0.41346138846405	0.368078772619324	0.434337628576355	0.455381178808289	0.381357595922546	0.422683759862976	0.506882531042175	1.13594021903046	-0.0568846914309692	1.06787720450409	0.133152179906922	0.454443750585632	0.828428547277527	0.451068714941101	0.446454600317078	0.453307806371765	0.370079699438171	0.419291781408386	0.227501691747742	0.437455983862	0.441803842321472	0.309150438390808	-0.253556694848938	0.327135687963562	0.399608900121765	0.304854076269226	0.561976428808289	0.422922332189636	0.34550348007782	0.423868501195984	0.390925043371277	0.959637510107117	0.402950327917175	1.1186667326413	0.432478897131042	0.219447116247253	0.259400567846374	0.375220881322937	0.920629897008972	0.484710139257507	0.667086794897156	0.441387342504578	0.559868527929382	0.456524386510925	1.00750750345428	0.914863384496765	0.29296718308075	0.291723623876648	0.723020222326355	0.753640465551453	0.425183829565125	0.740903572485047	0.449373329687195	-0.15559544570343	0.808001031469421	0.42167812851532	0.60612558164032	0.23723412851532	0.42167812851532	1.24244797804266	0.70856812851532	0.137464587632507	0.0330170268825073
CLYBL-cg14881470-13-100310841	-0.358516046167297	0.415974458593445	0.88145329282196	0.519970634618835	0.524567876989441	0.43882304257782	0.433440220739441	0.692140156042175	0.467828990697937	0.533484244237976	0.335083091039734	0.391070516698914	0.406215539526062	0.386828784032898	1.0077901602536	0.434283254797058	0.368199784277039	0.418133445715027	0.4046438298703	1.11752368582733	0.496384236059265	0.407741653173523	0.411944817113953	0.979461588293152	1.00023227628143	-0.137481634179993	0.400586261755066	0.212224237157898	-0.310017192163391	0.401150604528503	0.549147772192078	0.415899657568054	0.419594863622742	0.419306756689148	0.434264838659363	0.879774748998718	1.03548004111298	0.371900899572449	0.860375495641785	0.538439362402039	0.504449745214538	0.803679957372742	0.326900133520203	-0.0906515139407347	0.861975389440613	1.1424325373288	0.462054558446961	0.442057100622253	0.972065567358093	0.702902385168152	0.405184789892273	0.930042954382019	0.65561717349823	0.812688625097351	0.411021938573914	0.969998954259949	-0.373013803491516	0.741171852148132	0.480726399755554	0.585974585180359	0.409818443761902	0.401708560705261	0.363563441747742	0.360389240331726	0.306086681127624	0.0413002795773316	0.400297522802429	0.421121886816101	0.402626629736023	0.404057386938171	0.161812611547546	0.0497280887203979	0.42167812851532	0.47447608164032	0.36888362851532	0.42167812851532	0.284872978042664	0.38776612851532	0.458266587632507	0.464486006882507
CMTM1;CMTM2-cg09849405-16-66612955	-0.025094581201477	0.419605923559265	0.0965777577877808	0.538969099584656	0.511315341955261	0.41905950754364	0.424487685705261	0.749318621007996	0.517702455663757	0.464849709203796	0.806407556005554	-0.0143740183352661	0.450199004491882	0.453966248998718	0.257059625219421	-0.279204280237122	0.0954792492428589	-0.0309210893191528	0.392816294836121	0.403401150793152	0.508005701025085	0.405307118139343	0.528087282079773	0.390091053258972	0.699085741247254	-0.108353169214172	0.547111726720886	0.127023702123718	0.420107272802429	0.409537069494324	0.530359237157898	0.403741122533874	0.491522328588562	0.399239221654968	0.459635303625183	0.203055213964539	0.392556506078796	0.503869364538269	0.389620960607605	0.506782827367859	0.220294210180359	-0.048900577661438	0.541810598486023	-0.0294380489749146	0.00459985440643312	0.465153002294617	0.483567023412781	0.428573565588074	0.0948540323239136	0.413933850133972	0.391997254858093	0.382623419347839	0.38225763846405	0.832940090063171	0.497968403539734	0.427082419225769	0.420961661474304	0.637985317113953	0.512249864721374	0.587019050146179	0.419026908727722	0.433877025671082	1.12647790671356	-0.0108612947024536	0.885147146093445	0.101755744543152	0.68419598776825	0.510700351781921	0.426858094701843	0.879566851903992	-0.259258923486633	0.140910553686218	0.42167812851532	0.17054458164032	0.67281512851532	0.42167812851532	0.363877151995789	0.486892302468445	0.0554377615856324	0.607158760835632
CMTM2-cg06666025-16-66613278	0.432696075780945	0.411287580541687	0.194125414770203	0.458121756567078	0.533180998937683	0.426450164526062	0.338195342687683	0.648935277990417	0.359609112646179	0.506577366186218	0.852547212987976	0.396709638647156	0.366777661474304	0.36163790598114	0.891245282201843	-0.3763646232547	0.231435906225281	0.487285567663269	0.372425951818542	0.561304807775574	0.466499358007507	0.497014775121765	0.396538939062195	0.396056710241394	0.391147398229675	0.601944487768249	0.349804383703308	0.52900135910614	0.180602929784851	0.851360726476746	0.41644489414032	0.359467779516296	0.470653985570984	0.37158687863739	0.386643960607605	0.58094887094696	0.480773163061218	0.427151021520691	-0.0505423824099732	0.409246484350281	0.491733867162781	0.699685079320984	0.495984255468445	0.675479608007507	0.482836511388855	0.349754659277039	0.396360680395203	0.442428222570496	0.605464689306335	0.398281507116394	0.367946911840515	0.389398076330261	0.557200295446472	1.05392474704559	0.429542060522156	0.389083076208191	0.477468318456726	0.403581974096375	0.470146521703796	0.555789707128601	0.374578565710144	0.368941682653503	0.268701563695984	-0.095603637720032	0.701641803075867	0.560722401525574	0.344905644750671	0.450463008764343	0.391888751684265	0.387804508886414	0.367384733495789	0.55651521066864	0.42167812851532	0.27924508164032	0.56411462851532	0.42167812851532	0.352016694675476	0.626130845148132	0.45379230426532	0.38914495751532
CMTM2-cg16626067-16-66613266	0.430147107763367	0.361571612524109	0.738186446752625	0.443735788549499	0.490184030920105	0.323669196508484	0.357842374670105	0.668135309972839	0.375908144628601	0.47100839816864	0.887095244970398	0.196285670629578	0.306555693456726	0.365162937963562	0.794508314184265	0.0807384087277222	0.195572938207703	0.438393599645691	0.361422983800964	0.473751839757996	0.425419389989929	0.419946807104187	0.373476971044617	0.316704742223816	0.328157430212097	0.570561519750671	0.30384441568573	0.446307391088562	-0.326203038232727	0.858350758459168	0.392545926122742	0.551310811498718	0.431975017553406	0.787169910619812	0.373218992590027	0.677169902929382	0.41209019504364	0.423250053503113	-0.0564923504275513	0.549454516332703	0.439971899145203	0.547886111303406	0.907174287450867	0.651458639989929	0.184846543371277	0.41651069125946	0.371670712377625	0.378035254552918	0.486108721288757	0.310192539098816	0.311023943822937	0.371433108312683	0.719938327428894	0.971855779028015	0.673381092504578	0.352622108190613	0.444476350439148	0.590563006078796	0.415276553686218	0.519038739111023	0.389525597692566	0.391241714635925	0.820718595678406	0.37859239426239	0.845120835058289	0.487072433507996	0.304804676733093	0.445806040746765	0.401710783666687	0.344586540868836	-0.20984423452179	0.753299242651062	0.42167812851532	0.36699958164032	0.47636012851532	0.42167812851532	0.126348978042663	0.41791112851532	0.428121587632507	0.538953157882507
CNGB1-cg07112337-16-57917946	0.461189112279968	0.35183661704071	0.882550451269226	0.443273793066101	0.418946035436707	0.344196201025085	0.367329379186706	0.0940953144894408	0.412116149145203	0.336771402685242	0.278266249486999	0.414365675146179	0.348667697973328	0.421795942480164	0.970603318700867	0.277042413244324	0.538465942724304	0.453997604162292	0.448133988317566	0.498104844274597	0.440664394506531	0.333681811620789	0.397649975561218	0.391082746740417	1.0398034347287	0.687316524267273	0.424196420202332	0.403585395605164	0.319381966283874	0.324660762975769	0.403065930639343	0.42726081601532	0.451911022070007	0.564633915136414	0.419230997106628	0.419512907445984	0.355958199560242	0.426080058019714	0.78039865408905	0.533943520849304	0.459516903661804	0.397970115820007	0.496740291967468	0.516232644506531	-0.0633864521121218	0.499566695776062	0.411625716894226	0.464966259069519	0.176667725805359	0.335154543615417	0.619672948339539	0.415934112829285	0.778697331945496	0.383554783544617	0.480889097021179	0.328046112707214	0.42705335495575	0.681687010595398	0.40731555820282	0.437363743627624	0.328672602209167	0.338578719152527	0.423806600195007	0.443391398778992	0.78771283957489	0.442549438024597	0.409279681249695	0.404541045263367	0.349534788183288	0.836137545385437	0.502416769994812	0.387316247167663	0.42167812851532	0.39362158164032	0.44973812851532	0.42167812851532	0.905059478042664	0.31557562851532	0.530457087632507	0.147981365882507
CNTN4-cg27264249-3-2141686	-0.0294311472415161	0.429947357519226	0.125717191747742	0.477244533544617	0.461280775915222	0.435419941503601	0.418434119665222	0.124693054967957	0.444316889623718	0.439964143163757	0.533191989965515	-0.209883584375305	0.464301438451843	0.462930682958679	0.284316059179382	0.449185153722839	0.12042668320282	-0.317106655359192	0.408179728796082	0.427919584753113	0.460705134985046	0.451953552099304	-0.307217283960266	0.484509487218933	0.413055175207214	0.446396264745789	0.407508160680847	0.207131136083679	-0.27986929323761	0.415025503454285	0.225181671117859	0.442989556493835	0.433713762548523	0.421892655614929	0.313799737585144	0.231033647924499	1.31380694003876	0.50514679849823	0.140088394567566	0.60454726132782	0.42063764414032	-0.0361571437014772	0.362926032445984	-0.0804976150149537	0.155989288366394	0.407843436254578	0.458939457372742	-0.00436800045196539	0.117143466283874	0.429334284093933	0.427782688818054	0.4090428533078	0.192571072424011	0.280291524023132	0.469940837499695	0.45222485318573	-0.311921904565735	0.501421751073914	0.477177298681335	-0.26145951589386	0.424006342687683	0.424751459631042	1.12835134067352	0.531877139257507	0.381050580053406	0.0189781785031128	1.00699042172821	0.448688785741882	0.437484528661804	0.410764285863953	0.490681510473328	0.409379987646179	0.42167812851532	0.36793408164032	0.47542562851532	0.42167812851532	0.844610628175476	0.306775778648132	0.45637123776532	0.38656602401532
COL11A2-cg08481075-6-33161328	-0.402315319360657	0.351049185400085	0.526184019628601	-0.174146638574524	-0.313868396203918	0.36402376938446	0.454936947546081	0.694151882848816	0.417335717504578	0.367496971044617	0.616253817846375	0.523946243505554	0.389673266332703	0.141939510839539	0.511233887060242	0.460761981603699	0.637730511083679	-0.192154827478333	0.393519556676941	0.321911412633972	-0.221422037134094	0.593489379980164	-0.164653456079407	1.06362831509979	0.406137003088074	0.425561092626648	0.783307988561706	0.751411963964539	0.49930853464325	0.610914331335144	0.465056498998718	0.360777384374695	0.430769590429382	0.626346483495789	0.392639565466003	0.146553475805359	0.455209767919617	0.384933626379089	0.759045222448425	0.588815089208679	0.429486472021179	-0.00677431582061772	0.348990860326843	0.641997212865906	-0.0314278837527466	0.332293264135437	0.335387285253601	0.423585827428894	0.521228294164734	0.358582111974793	0.482056516698914	0.38005368118866	0.275344900304871	1.01867535190399	0.439055665380554	0.345311681066589	0.245867923315125	-0.182948421045227	0.310987126562195	-0.312524688013001	0.327981170568542	0.510098287511902	0.972060168554382	0.664078967138367	0.254601407934265	0.800647006383972	0.35546624960907	0.433433613622742	0.430255356542664	0.441210113744812	-0.0611086616458131	0.885793815527039	0.42167812851532	0.25852358164032	0.58483612851532	0.42167812851532	0.881455665175476	0.324038815648132	0.50698527476532	0.33595198701532
COL14A1-cg09404551-8-121136951	0.311866222509461	0.423175727270203	0.835571561498718	-0.329088096704407	0.464833145666199	0.425742311254578	0.376602489416199	0.122339424718933	0.299048259374695	0.428342512914734	0.322767359716492	0.363662785375671	0.42160680820282	0.292030052709656	0.982915428930359	0.371139523473816	0.660498052953796	0.261752714391785	0.512318098547058	0.423076954504089	0.357939504736023	0.417697921850281	0.38572408579071	0.81284985696991	0.410134544958191	0.624188634496765	0.399148530431824	0.143386505834656	0.424776076513367	0.431163873205261	0.393367040868836	0.412240926244812	0.3896791322995	0.413701025365906	0.425678107336121	0.955522017675476	0.434745309789734	0.354983168249207	0.757922764318542	0.538981631078796	0.342461013891296	0.5021282260495	0.96561840219696	0.0847857547360229	0.652343658117371	0.879415806005554	0.148769827123718	0.430880369299011	0.0998498360348511	0.52555765384491	0.404976058569031	0.400694223058777	0.879041442174988	0.302780893774109	1.07856420725067	0.424875222936707	0.429700465185242	0.47197912082489	0.346862668432312	0.441962853857117	0.42644071243866	0.482769829382019	0.3898987104245	0.262131509008484	0.336382949804382	0.00677354825408938	0.410596791479187	0.381700155492859	0.433229898412781	0.435997655614929	0.449085880224304	0.861720357397156	0.42167812851532	0.54585908164032	0.29750062851532	0.42167812851532	0.626893108636414	0.40506925910907	-0.236505281773743	0.440934637476257
COL14A1-cg23586322-8-121138232	0.528544363988953	0.437430868749695	0.960689702978211	-0.345061955224915	-0.252389712854309	0.42356245273407	0.455807630895691	0.523336566198425	0.544524400854187	0.538291654394226	0.318541501195984	0.533557926855164	0.402807949682312	0.407551194189148	0.320390570409851	-0.227581335046692	0.130861194433289	0.533106855871277	0.40885024002655	0.428694095983582	0.516092646215515	0.425946063329773	0.524846227270203	0.368051998449402	0.417431686437683	0.140412775976257	0.401554671911316	0.146921647314148	0.485480217992859	0.549106014684754	0.545372182348328	0.409644067724304	0.498444273778992	0.408130166845398	0.523296248815613	0.486369159154968	0.398901451269226	0.508685309728699	0.914097905798035	-0.134809227441711	0.550384155370789	0.345045367528992	0.321863543676453	0.713844896215515	0.189337799596863	1.30553494748505	0.00252996860321053	0.461854510778503	0.613487977514343	0.421268795324402	0.404602200048523	0.384034364538269	0.17041858365448	0.261444035253601	1.18945034873016	0.430770364416199	0.558885606664734	0.000474262304382134	0.516337809911804	0.629040995336609	0.409539853918152	0.415087970861511	0.557063851903992	-0.050749349512024	0.317109091283875	0.0918166897335815	0.393301932958679	0.498314296972351	0.465119039892273	0.405614797094421	0.538775021703796	0.0553924988766479	0.42167812851532	0.37540058164032	0.46795912851532	0.42167812851532	0.272649038128601	0.600215188601257	-0.162555352281555	0.575024961968445
COL20A1-cg21879513-20-61927203	0.452707873388367	0.342064378149109	0.744344212377625	0.1343205541745	0.449904796545105	0.399179962133484	0.419680140295105	0.311873075597839	0.454448910253601	0.33988316379364	0.654792010595398	0.525193436254578	0.448310459081726	0.416811703588562	0.329802079809265	0.457667174352722	0.485954703832703	0.469550365270691	0.404150749425964	0.356659605382996	-0.00134984438507074	0.405231572729187	0.464344736669617	0.317191507848816	0.401044195837097	0.683701285375671	0.84717318131073	0.122819156713562	0.510463727392273	0.583539524084168	0.284499691747742	0.958655577123718	0.344823783178406	0.996525676244812	0.345611758215027	0.830375668554382	0.39205296066864	0.421417819128113	0.532593415197449	0.576041281957703	0.280967664770203	0.753254876928406	0.472851053075867	0.692484405614929	-0.0702396910037232	1.16341445688446	0.0849824780026247	0.549352020177918	-0.00212751308624265	0.341835304723816	0.379622709447937	0.595136873937683	0.730849093053894	1.02265554465302	0.368927858129578	0.484618873815613	0.434866116064148	0.628045771703796	0.408281319311218	0.027202504736023	0.339791363317566	0.355995480260925	0.202884361303406	0.61542015988739	0.268086600683289	0.796127199132996	0.341329442358093	0.414902806371765	0.328478549291687	0.695681306493836	0.525764531103211	0.107593008276062	0.42167812851532	0.56383258164032	0.27952712851532	0.42167812851532	0.664601978042664	0.34823212851532	0.497800587632507	0.0595702988825073
COL21A1-cg07143470-6-56111812	0.476066617773132	0.420570122533874	0.0620619567623902	0.497687298559265	0.430202540929871	0.388495706518249	0.468508884679871	0.307670819982605	0.470079654638367	0.130218908178406	0.415368754980164	0.547383180639343	0.389166203466492	0.471782447973328	0.751030824194031	0.498111918737488	0.169577448217468	0.189605109655457	0.38872149381073	0.374006349767761	0.470626899999695	0.526011317113953	0.360274481054382	0.782260252233582	1.12315694022186	0.185228029760437	0.384225925695496	0.141977901098328	0.495647471777038	0.871648268468933	0.232068436132507	0.388352321508484	0.375554527563171	0.364469420629578	0.207751502599792	0.815128412939148	0.374305705053406	0.455690563512878	0.781112159582214	-0.265219973657531	0.488230409154968	0.788411621313171	0.527554797460632	0.181178149999695	0.901637053381042	1.12694020126923	0.27026722238739	0.421743764562683	0.975358231298523	0.494861049108582	0.379018453832703	0.366587618322449	0.12072183743866	0.984751289037781	0.632781602514343	0.405382618200378	0.501184860448914	0.710664516088562	0.451038063695984	-0.324342750879211	0.378087107702332	0.920178224645691	0.916590105688171	0.215372904272156	0.284993345068054	0.797198943517761	0.387979186742859	0.231559550756531	0.379152293676453	0.424469050878601	-0.260400724512024	0.922230752660828	0.42167812851532	0.13650358164032	0.70685612851532	0.42167812851532	0.271069577636414	0.34512072810907	0.540414187226257	0.500883168476257
COL23A1-cg25153741-5-177913468	-0.283825586938782	0.85573691782196	0.625394752050476	-0.356307906152649	0.495587336217957	0.739824501806335	0.416818679967957	0.145030615270691	0.453097449926453	0.463052703466492	1.01683655026825	-0.0809900240725707	1.20133999875458	0.465751243261414	1.03764561948212	-0.433151285974426	0.878529243505554	0.0816219049435424	0.410160289098816	0.567775145055847	0.293887695287781	1.03950911240204	0.477380276342468	0.842423047521667	1.03084173550995	0.688986825048523	0.271079720983582	0.287546696386414	-0.264144732934876	0.310532063757019	-0.436125768579407	0.28490311679657	0.114297322851257	0.348795215917664	-0.280176702112121	0.185856208227234	0.273881500341492	0.377613358800964	0.0519229548703003	0.485614821630554	-0.525461795556946	0.761588416601257	0.651249592748718	0.385174945287781	0.801416848669128	0.699366996557312	-0.527866982324524	0.535257559850769	0.106833026586609	0.346941844396668	0.713314249120788	0.677943413610535	0.0371056327267457	1.09668108432587	0.357857397802429	0.702072413488464	0.246787655737	0.656216311376648	0.40015285898407	-0.437120955591125	0.615151902990417	0.961892019933777	0.699586900976257	0.400214699560242	1.09539614035614	0.00552773880584728	1.14689998203094	0.210622346044617	1.00916008896454	0.925130846166687	0.424411070776062	-0.0660354520510863	0.42167812851532	0.42876458164032	0.41459512851532	0.42167812851532	0.454347605034851	0.608600755507507	0.393355214624695	0.362169166874695
COL4A2-cg24909466-13-110961069	-0.348405110132141	0.438613394628601	0.943030228857117	-0.334223429346008	0.577771813024597	0.435048978612976	-0.359981843225403	0.145729092077332	0.438161926733093	-0.326214819726868	0.30621702707489	0.51699945273407	0.417946475561218	-0.314907279931946	1.06028609628876	0.468965190832214	0.100563720312195	0.467298381750183	0.405985765905457	0.961266621862488	-0.416725827905579	0.422015589208679	-0.314492246850891	1.02893952432831	1.20288321231659	-0.117778698144836	0.416953197790222	0.755154173193054	0.487223743871765	0.93764054056366	0.504483708227234	0.42732159360321	0.553490799657898	0.419840692724304	0.144820774694519	1.03519068503387	0.572542977148132	-0.385170164392395	0.837981431676941	-0.220487701562805	0.223477681249695	0.832063893407898	0.743747069555359	-0.0866945779055786	0.0286293254757691	1.22982747336395	0.378426494482117	0.46280203665741	0.10142150339325	0.872729321203308	0.944739725927429	0.460465890417175	0.334316109533386	0.922897561132507	0.41961087460907	0.421363890295105	0.0429261325436402	0.296191788183289	-0.410115664209289	0.623058521215515	0.425147379797058	1.14891749674042	1.1054253777829	0.465304176366882	0.321957617162781	0.0268492156124879	0.415307458837585	0.437065822851257	0.423115565771179	0.421924322973328	0.395082547582703	0.0708480247555542	0.42167812851532	0.41141158164032	0.43194812851532	0.42167812851532	0.432480105034851	0.518381255507507	0.415222714624695	-0.136629440125305
CREB3L4;SLC39A1-cg09895920-1-153941186	-0.267062806665344	0.377946698095398	0.0495945323239136	-0.219094125879212	0.265676116491394	0.403596282079773	0.479196460241394	0.834511395544128	0.47354023019989	0.505382483739929	0.287204330541687	0.480808756200867	0.425439779028015	0.476586023534851	1.00692939975555	0.459862494299011	0.626091023778992	0.50485568521698	0.444442069372254	0.368784925329285	0.403575475561218	0.822300892675476	-0.352876943384094	0.464538827795105	0.411351515783386	-0.15714939467804	0.378033501257019	0.603652476659851	0.244002047338562	0.379457844030457	0.494607011694031	0.387063897070007	0.417283103124695	0.670955996191101	0.474004078161316	0.807694988500671	0.410893280614929	-0.399994860925598	0.526319735143738	0.611290601903992	0.404081984716492	0.783639196874695	0.306875373022156	0.152279725561218	0.195478628942566	0.34394477683075	0.453712797948914	0.555250340124206	0.493376806860046	0.505021624670105	0.861570029394226	0.436045193883972	0.445790413000183	0.260545864599304	1.05052217807587	1.0083851937619	0.478896436010437	-0.161234908349915	0.100014639257507	0.356593824682312	0.369375683263855	0.417872800207214	0.260217681249695	0.682322479833679	0.250010920629578	0.261537519079285	0.381207762304382	0.460521126318054	0.440190869237976	0.383724626440125	-0.0919601489505005	0.905413328222351	0.42167812851532	0.62301408164032	0.22034562851532	0.42167812851532	0.513657651995789	0.337111802468445	0.289604261585632	0.514378496835632
CRIP2-cg23411981-14-105940377	-0.147731850732727	0.368446654028015	0.461351488256531	0.394496830053406	-0.111945927575989	0.37011123801239	0.432602416174011	0.0590533514767457	0.408346186132507	0.342158439672546	0.231790286474304	0.491468712133484	1.06429973496063	0.0212859794674684	0.866198355688172	0.446531450231628	0.584125979711609	-0.208469358850403	1.01968702530487	0.342197881261902	-0.429472568506165	0.352828848608093	-0.344470987451477	0.958189783727722	0.926990471716003	0.541959561254578	0.355559457189636	0.756371432592468	0.494776003271179	1.26018379996307	-0.413227032373352	0.357337853002625	0.451345059057312	1.12898095212372	0.262474034093933	1.02478894443329	0.360941236547546	0.386774095007019	0.131354691076355	0.523356557836609	0.459584940649109	0.793990152807312	0.583763328954773	0.660798681493835	-0.0167844151248168	1.03713973276337	0.310095753881531	-0.100984703943176	0.128614762792664	0.901714580602722	0.955260985326843	0.367333149816589	0.5458303689328	1.12810682053192	0.349274134008484	0.360703149694519	0.484589391943054	0.554011047582703	0.433620595190124	0.0972557806149292	0.349344639196472	0.359486756139832	0.223889637182312	0.490892435766296	0.951051876562195	0.597707475011902	0.357077718237	0.458549082250671	1.01874682517059	0.350618582372742	0.344666806982117	0.918008284154968	0.42167812851532	0.62274808164032	0.22061162851532	0.42167812851532	0.959079978042664	0.45617812851532	0.389854587632507	0.307890561882507
CRLF1-cg04072597-19-18716499	0.448787629369812	0.434753134130554	0.50845896835907	0.418306310155945	0.49024255252655	0.432079718114929	0.43395689627655	0.505214831579285	0.429481666235046	0.200963919775085	0.315366766576843	0.458592192236023	0.772560215063171	0.424265459570007	0.28021383579071	-0.104615069665832	0.262098459814148	0.456425121252136	0.73030850540741	0.431478361364441	0.425626911596375	0.424482328710632	0.405416492651062	0.386737263830261	0.467358951818542	-0.0471769586428833	0.832827937292175	0.167438912695007	0.464145483373718	0.414999280065613	0.0862214477291871	0.429305333105164	-0.0835694608401488	0.423469432226257	0.456190514196472	0.236544424535828	0.421615716650085	0.479014575109558	0.0142911711788941	0.572080037939148	0.261390420751648	0.410637632909851	0.345053809057312	0.668178161596374	0.801608064977722	0.387668212865906	0.00307023398406986	0.0326927761593628	0.288033242895203	0.424710060705261	0.852738465429382	0.614474629919128	0.619781849035339	0.33679830063446	0.426324614111023	0.447517629797058	0.0622898720455933	0.341381527685242	0.479948075292663	0.0278342607174682	0.419849119299011	0.418771236242371	0.291691117284851	0.464261915868835	0.316882356664734	0.233676955114441	0.414000198339539	0.46167256235321	0.418596305273132	0.414273062475281	0.535967287084656	0.0564937642575072	0.42167812851532	0.58134658164032	0.26201312851532	0.42167812851532	0.327872151995789	0.522897302468445	0.630193761585632	0.273890307835632
CRLF1-cg25383503-19-18714552	0.535731584203797	0.424735088964539	0.0918589231930542	0.204193264989929	0.201011507360535	0.419378672948914	0.508563851110535	0.686751786413269	0.520497621069031	0.38533387460907	0.999859721410828	0.595819147070007	0.936836169897156	0.519309414403992	1.05216079062469	0.481995885168152	0.678649414648132	0.510248076086121	0.455184460241394	0.403439316198425	0.413420866430359	0.403326283544617	0.495178447485046	0.379670218664246	0.399938906652527	0.443374996191101	0.55424889212616	0.132343867528992	0.558467438207703	0.407152234899597	-0.0520785974368286	0.437816287939148	-0.182980506006164	0.404623387060242	0.505851469030457	0.704306379369812	0.39835067148407	0.510479529943542	0.00570612601287834	0.680154992773132	0.410594375585632	0.777425587743835	0.318439763891296	0.479218116430359	0.903790019811706	0.71094316769989	0.327260188818054	0.565918730993347	0.082159197729187	0.413516015539246	0.428909420263367	0.379710584753113	0.694369803869324	0.688913255468445	0.402542568945007	0.407604584631042	0.567052826879578	0.148038482519226	0.529002030126648	-0.311022784448547	0.411738074132996	0.401263191076355	0.272624072118835	0.69638687070282	0.311785311498718	0.170775909948425	0.394528153173523	0.523565517187195	0.401932260107117	0.672965017309265	0.40186224191864	0.157835719091492	0.42167812851532	0.49080008164032	0.35255962851532	0.42167812851532	0.324852651995789	0.525916802468445	0.736721261585632	0.127052278835632
CRYGD-cg22399133-2-208989248	0.529073189184265	0.410274693945007	0.084456528173523	0.472996869970398	-0.302296887658996	0.409496277929382	0.510783456091003	0.373221391393738	0.4958072260495	-0.0340805204104613	1.0720633263913	-0.185155247949524	0.474641774877625	0.52189501938446	0.305645395605164	0.494771490148621	0.0621680196286012	0.452755681066589	0.386800065221863	0.409036921178894	0.487578471410828	0.396370888525085	0.508943052465515	0.349046823644714	0.607793511632996	0.75458160117157	0.386697497106628	0.25027247250946	-0.229166956811829	0.388896839880066	0.51629700754364	0.397966892919617	0.499546098974304	0.39035099204071	0.507687074010925	0.196358984350281	0.392492276464539	0.507689134924011	0.863910730993347	0.298547597753601	0.509241980566101	0.642576192724304	0.428310368871765	0.0941857214108276	0.726889624792175	0.359812772680359	0.499202793798523	0.484187335973816	0.0722218027096558	0.397556620519714	0.377777025243835	0.363246189733582	1.02739140884979	0.246790860448914	0.408075173925476	0.436598189611511	0.516589431860046	0.766481087499695	0.491312635107117	-0.325933179468079	0.521449679113464	0.423749796056824	0.275887677099304	0.290115475683289	0.542465916479187	0.420422514928894	0.395202758153992	0.491826122167664	0.394190865087585	0.497578622289734	0.439934846899109	0.92183632407196	0.42167812851532	0.33960558164032	0.50375412851532	0.42167812851532	0.339110312128601	0.533239462601257	0.300447921718445	0.508563687968445
CTNND2-cg24977670-5-10973629	-0.332834797388	0.413053707372742	0.903829541601258	-0.417409116601868	0.488572125768738	0.537122291357117	-0.204569530481262	0.107804404821472	0.447959239477234	-0.206906506982727	0.705368339819031	0.56764376547821	1.16635078830536	-0.377070967187805	1.0644124090329	0.378012503576355	0.813733033056335	-0.0053323055056762	0.534925078649597	0.628073934606628	-0.320407515161438	0.90891490195282	0.13409306589325	0.722654837072449	0.80496852506073	-0.200432385400696	0.774501510534363	0.280815485937195	0.482736056615906	0.3161738533078	-0.491176979028625	0.984267906347351	-0.535618887597961	0.317862005468445	-0.37448491256134	0.145301997778015	0.278616289892273	-0.473327851648254	0.525922744421082	0.583371611181335	-0.490941006006165	0.632842206152039	0.4497163822995	0.519407734838562	0.19495663821991	0.480021786108093	-0.480640192773743	0.32866934940155	-0.0229501838626098	0.689633633947449	0.31531503867157	1.11467820316132	0.140146422277527	0.660114873876648	0.878005187353211	1.19515620303925	0.368150445287781	0.0967411009274292	-0.261660351465149	-0.423464166040344	0.343238692541199	1.12798280948456	0.216662690527039	0.725807489111023	0.760518929906921	0.456411528356628	0.855782771581726	0.421383135595398	0.42165687851532	1.20820863571747	0.525714860326843	-0.0439136625003052	0.42167812851532	0.21304008164032	0.63031962851532	0.42167812851532	0.144720895175476	0.642645045648132	0.31699350476532	0.52594375701532
CUGBP2-cg04221117-10-11206221	0.33694578464325	0.444949289403992	0.904410123632508	-0.236759534570618	0.0586337077999878	0.482463873388367	-0.251525948450012	0.341936986852722	0.456177821508484	0.225491075048523	0.686227921850281	0.0750933475094605	0.860065370336609	0.229764614843445	1.07478999106415	0.427690085607605	0.616853615087586	0.469249276525574	0.402332660680847	1.14070651663788	-0.459790933130188	0.55957648398407	-0.1060963520755	0.830462419103699	1.13438110709198	-0.122439803369446	1.21885209256561	0.138348067968445	0.484763638647156	0.42699943533905	-0.389318396997375	0.373913488378601	-0.477917305566711	0.416269587499695	-0.14612133053009	0.651044579809265	0.389207871923523	-0.267175269617004	0.443804326452332	0.567559193212585	-0.463175423974915	0.747213788183289	0.62172096433075	-0.100738683130188	0.0231072202511597	0.378179368139343	-0.417089610742493	0.4436599314328	0.0406253981686402	0.715245215978699	0.41852662070282	0.788445785192566	0.255018004308777	1.0824404559079	0.56030276938446	1.1271947850705	0.463588027319031	-0.173734317041321	0.378700230566101	-0.321339584009094	0.376334274572449	1.12641639151581	0.247212272558289	0.494156071142273	0.305801511938171	-0.0397028896121215	0.545859353612976	0.431113717626648	0.82482546054657	1.16417221774872	0.399429442358093	0.884676919530945	0.42167812851532	0.42815308164032	0.41520662851532	0.42167812851532	0.826213978042663	0.39292312851532	0.453109587632507	0.0868107888825073
CUX1-cg01973676-7-101596404	0.439433638036804	0.421427142797546	0.230076977026062	0.454733318822937	0.532486561193543	1.11588972678192	0.512428904943542	0.309301840246277	0.318097674902039	0.509801928442078	1.00314277524384	0.0224442009030152	0.476067223730164	0.337443468236999	0.868816844457703	0.48741493900116	0.12940746848114	0.535553129919128	0.483406514074402	0.496799370031433	-0.0454400797366333	0.923409337377624	0.227202501318054	0.368278272497253	0.401886960485535	-0.0499029499758911	0.410527945959168	0.123142921361999	0.54923349204071	0.401912288732605	0.537898456396179	0.425827341772156	0.354735547826843	0.404898440893249	0.483686522863464	0.96001143320282	0.403011725317078	0.34819858377655	0.608136179845886	0.33930104660614	0.52136942941864	0.456086641576843	0.780079817724304	-0.0862098297366332	0.710457073644714	0.380220221532898	0.192418242651062	0.495461784826355	0.962895251562195	0.418314069372253	0.405626474096374	0.386592638586121	0.174258857702332	0.969045309301453	0.422489622778015	0.40986563846405	0.423280880712585	0.244613536352234	-0.310553916040344	0.59800226938446	0.851967127966003	1.08464224490936	1.14615412595184	0.205998924535828	0.440177365331726	0.805336963781433	0.418064207006531	0.502092571020203	0.407424313940124	0.404173071142273	0.361938295751648	0.0995427729244995	0.42167812851532	0.40899108164032	0.43436862851532	0.42167812851532	0.520250876128601	0.856249026601257	-0.301937514281555	0.327423123968445
CUX1-cg10692693-7-101688648	-0.368014180810852	0.42808732394989	0.300038158178406	-0.312303500024719	-0.343408257654114	0.433439907934265	0.473253086095886	0.196253021398621	-0.377687143945618	0.352974109594421	0.808429956396179	0.407841382055359	0.398351404882507	0.172589649389343	1.08775902561005	0.494050120153503	0.593531649633484	-0.329362688928528	0.566473695226746	0.425537551183777	0.45738010141571	0.432744518529968	-0.341155317529602	0.470222453649597	0.427686141637878	-0.124200768823547	0.393480127111511	0.492013102514343	0.510706673193054	0.393891469884949	0.479957637548523	0.4056115229245	0.408461728979187	0.409398622045593	0.235958704015808	1.08185661435516	0.416974906469421	0.367790764928894	0.90531736099823	0.628939227758484	0.461986610570984	0.832965822729187	0.969367998876648	-0.0991386485842893	0.0203782547970581	0.381218402685242	-0.427918576196594	0.486764965978699	0.0752484327145386	0.421973250524597	0.519418655248718	0.424161819738464	0.384978038854675	0.259297490453796	0.426586803930359	0.410624819616394	0.521590061864929	-0.145467282495422	-0.426935734888	0.584182450536804	0.403702309118347	0.707520426061707	0.610851307104187	0.714306105688171	0.30352354648407	0.847705144933777	0.436790388158875	0.489860752172546	0.423143495092468	0.395033252294617	0.574968476903992	0.0561719540768433	0.42167812851532	0.39165308164032	0.45170662851532	0.42167812851532	0.951616097175476	0.270233247648132	0.41733170676532	0.42560555501532
CXXC4-cg17473165-4-105411756	-0.376550147485657	0.422320357275085	0.0870291915036011	0.074356533300476	0.252326775671082	0.41472194125946	0.408492119421082	0.0928850547238159	0.447092889379578	-0.00343285708038332	0.564565989721375	0.361498415380554	0.649224438207703	0.370486682714539	0.632614058935242	0.444542153478699	0.762398682958679	0.475973344396668	0.365204728551941	0.380445584508972	0.336379134740906	0.405554551855164	-0.352962284204407	1.09358248697479	0.885457174963074	0.700803264501648	0.364417160436707	0.797780135839539	0.43040570651825	0.386920503210144	0.149063670873718	0.447281556249695	-0.399865237695618	1.12513765537079	0.443065737341003	0.202460647680359	0.365573939794617	0.347057798254089	0.666622394323425	0.189827261083679	0.407182643896179	0.681521856054382	0.290460032201843	0.734271384740906	0.507011288122253	0.384641436010437	0.327439457128601	0.440173999303894	0.0669194660397339	0.817762283849792	0.383763688573914	0.43191685306366	0.171734072179871	0.392240523778992	0.436598837255554	0.430841852941589	0.500021095190125	-0.139344249170227	0.420038298437195	-0.227556516138001	1.13733934244354	0.544106459386902	0.577259340429382	0.642512139013367	0.812594579809265	-0.0324608217410278	0.66962742148407	0.480969785497742	0.435215528417664	0.406674285619812	0.434488510229187	0.440925987402039	0.42167812851532	0.61199108164032	0.23136862851532	0.42167812851532	0.0402367676754762	0.442255918148132	0.40518537726532	0.43775188451532
CYB5R2-cg16281276-11-7695528	0.495536519750671	0.422589024511414	0.832869858739929	-0.351719799463196	-0.34346155709259	0.408385608495789	0.42312378665741	0.416584721960144	0.419502556615906	0.330649810155945	0.292626656957703	-0.0508949173831176	0.400162105444031	0.432204349950867	1.02002372617157	0.475237820715027	0.0683813501950073	0.464913011632996	0.382258395788269	0.4091082517453	0.504217801977234	0.396683219091492	0.424029383031921	0.351011154211121	0.388597842199402	0.513340931737976	0.394831827673035	0.155366803075867	0.470890373754578	1.27767817044647	0.482641338110046	0.430938223486023	0.51901242954071	0.392454322607117	0.474911404577331	0.195495314916687	1.30614560703094	0.478147465490418	0.763066061559753	0.620733928320007	0.463596311132507	0.68673452329071	0.317766699438171	0.699548051977234	0.854228955358582	0.367193103246765	0.346455124364929	0.446874666540222	0.971878133276062	0.408336951086121	1.22461335581024	0.752846520299988	0.817229739416199	0.39263019101532	0.391511504491882	0.406622520177918	0.383085762426453	0.527919418066101	0.484312965673523	0.627981151098328	0.396668009679871	0.39016312662323	1.11892700766571	0.0158158062496948	0.351467247045593	0.0493358454953003	0.388113088720398	0.44966245273407	0.401704195653992	0.40377695285614	0.371525177465515	0.967293654638367	0.42167812851532	0.55952908164032	0.28383062851532	0.42167812851532	0.600226183636414	0.39936133410907	-0.131117206773743	0.446642562476257
CYBA-cg03787864-16-88717134	0.452221800878601	0.322573305639343	0.806806139867859	0.467685481664734	0.494721724035339	0.444844889623718	0.410664067785339	0.0957610030880737	0.427875837743835	0.468805091283875	0.773545938085632	-0.126442636255188	0.931156386571961	0.452731631078796	1.0301300072995	-0.138415898157043	0.039211631322937	0.246035292760925	0.817697676916199	0.30830653287323	0.403510083105164	0.305832500219421	0.424244664159851	0.42407243533905	0.295638123327331	0.513438212865906	0.298695108800964	0.0411950842037963	-0.402351345117493	0.876953451574402	0.453169619237976	0.301674504613953	-0.47267628933136	0.299811603735046	0.418091685705261	0.576121596044617	0.296489888158875	0.405263746618347	0.673996342687683	0.00844320944793697	0.433869592260437	0.62408580441864	0.257862980566101	0.479059333105164	-0.0804937635134888	0.959465384374695	0.413401405492859	0.490337947668152	0.919986414403992	0.31355823221405	0.298118636938171	0.384345801427918	0.0598590205441284	0.751794472143249	0.299708785619812	0.305377801305847	-0.416717956445618	0.375843699194031	0.385881246801453	0.494061432226257	1.2207372908078	1.15597640775116	0.26600828879364	-0.157675912622376	0.938059528173523	0.70610112662323	0.939088369848328	0.428817733862	0.611786476781921	0.96050023398407	0.378513458593445	0.571005935766296	0.42167812851532	0.27110008164032	0.57225962851532	0.42167812851532	0.800523088175476	0.275125238648132	0.34216669776532	0.50077056401532
CYBA-cg08843517-16-88717464	0.479150528051453	0.393723032812195	0.72358386704071	0.392909208837585	0.547175451208191	0.43379761679657	0.443933794958191	0.211842730260925	0.454628564916687	0.268099818456726	0.889615665258484	0.507366090917664	0.368682113744812	0.494864358251648	0.271122734472351	0.400344829015808	0.380642358495789	-0.171068980066223	0.88575640408905	0.351969260046082	0.466650810278015	0.366651227392273	0.456045391332703	0.600795162511902	0.338155850500183	0.636165940038757	0.366797835973816	0.136793811376648	0.111334382055359	0.357983178747253	0.491567346410828	0.354132231786804	-0.442626562158508	0.671325330907898	0.467059412878113	0.834095323217468	0.337608615331726	0.448241473791199	0.717208069860535	0.562154936620789	0.493844319433289	0.804417531591492	0.810401707738953	-0.110232939721985	-0.0421170363406372	0.646119111547546	0.46460013266571	0.548297674841003	0.958416141576844	0.392220959386902	0.349289364111023	0.373610528600769	0.21832374771698	0.312843199316101	0.388031512792664	0.349151528478699	0.460772770727234	-0.00529357363311778	0.454411973974304	0.527710159399109	0.411253017980652	0.356951134924011	0.618249015966492	-0.0960701854495238	0.254815255346375	0.836792853796082	0.343065097021179	0.472136461034851	0.352148203954773	0.339010961156921	0.472426185766296	0.472416662939148	0.42167812851532	0.28476308164032	0.55859662851532	0.42167812851532	0.787637739175476	0.258996889648132	0.42351934876532	0.41941791301532
CYP1B1-cg09799983-2-38301756	0.422649932226257	0.945107436987	-0.0343307287844848	0.43806561301239	0.427824855382996	0.286815020971374	0.382691199132996	0.64586313443573	0.389490969091492	0.425019222631531	0.159890069433289	0.471714495092468	0.332920517919617	0.420840762426453	0.169059138647156	0.403068233190613	0.591030762670593	0.346880424108582	0.342813808263855	0.293734664220886	0.39938121445282	0.291983631567078	0.382531795507507	0.661670566686706	0.740468254674988	0.342267344213562	1.19193824014862	0.680185215551453	0.454686786230164	0.279976582922058	0.230937750585632	0.846009635961609	0.419802842016296	0.299454735082703	0.403677817052917	0.404060727392273	1.17829101950653	0.414168877966003	0.773437474035339	0.537434340795593	0.430628723608093	0.729666935766296	0.561090111913757	0.63373546445282	0.710811367834167	0.266590515722351	0.410321536840515	0.447948079015808	0.904247545751648	0.292288363561707	0.336795768285828	0.360163932775574	0.698659151891785	0.415956603490906	0.320994916967468	0.309909932653503	0.444216174902039	0.647134830541687	0.400625378149109	0.514845563573914	1.16033442215546	1.09079853909882	1.0443334201413	0.517148218725281	0.379264659521179	0.714307257970886	0.295093501195984	0.395444865209656	0.280720608129577	0.320885365331726	0.434829589941101	0.870454067113953	0.42167812851532	0.64367758164032	0.19968212851532	0.42167812851532	0.442778605034851	0.246665755507507	0.404924214624695	0.468923245874695
CYP26B1-cg14447606-2-72370328	0.429451580419617	0.588590085180359	0.0806659194088747	0.43473626120575	-0.392822496423645	0.529325669164734	0.375474847326355	0.0896017826290895	0.352442617284851	0.41973987082489	0.268137717626648	0.474502143285828	0.428929166112976	0.409054410619812	0.217811786840515	0.315647881383972	0.682215410863953	-0.396112927698059	0.388960456457214	0.368815312414246	0.439355862646179	0.509050279760437	0.401882443700867	0.947408214880066	0.361809902868347	0.257048992406921	0.73973888834198	0.660449863744812	-0.0527095655764769	0.348765231115418	0.449360398778992	0.513944284154968	0.445119490209656	0.967148383276062	0.396382465246277	0.940560375585632	1.20547566769989	0.400605526159363	0.765669122228699	0.546648988988953	0.444736371801453	-0.062818416040344	0.276583760107117	0.623968112646179	0.493622016027527	0.34992916391571	0.0317151850338748	0.368403727209168	0.756490193945007	0.470249011755066	0.348536416479187	0.548637580968933	0.961201800085144	0.260671251684265	0.698160565160828	0.367724580846863	0.137915823095398	0.440885478735046	0.421803026342468	0.530165211767273	0.378450070348816	0.380591187292175	0.209302068334656	0.51355086691864	0.364031307714539	0.713382906164246	0.347899149389343	0.392366513403015	0.649203256322937	0.578590013525086	0.38976023813446	0.517844715307312	0.42167812851532	0.36782108164032	0.47553862851532	0.42167812851532	0.685044974128601	0.694842124601257	0.113548583718445	0.162629025968445
CYTL1-cg06007271-4-5021203	0.468105028051453	0.431006532812195	0.107339367040711	-0.265693291162414	0.117614951208191	0.42211111679657	0.483722294958191	0.296196230260925	0.500201064916687	0.505712318456726	0.879050165258484	0.406949590917664	0.407424613744812	0.443577858251648	0.738177234472351	0.498614329015808	0.142994858495789	0.498201519933777	0.41627790408905	0.923271760046081	0.148409310278015	0.412352727392273	0.502749891332703	0.369683662511902	0.406355350500183	0.742675440038757	0.530781335973816	0.152463311376648	-0.128732117944641	0.865864678747253	0.435809846410828	0.427367731786804	0.221132937841492	0.408266830907898	0.401104912878113	0.212753823217468	0.398056115331726	0.485534973791199	0.282461569860535	0.655500436620788	0.238104819433289	0.740436031591492	0.353450207738953	0.381303560278015	0.799844463659363	0.734843611547546	0.39771263266571	0.320373174841003	0.0960966415768433	0.423366459386902	0.429397864111023	0.423323028600769	0.17332924771698	1.1530036993161	0.415750012792664	0.577308028478699	-0.0719547292727661	0.183505926366882	0.460130473974304	-0.293846340600891	0.422939517980652	0.413745634924011	1.12882751596649	0.288109314550476	0.573370755346374	0.542191353796082	0.678381597021179	-0.284182038965149	0.531442703954773	0.482151461156921	0.548829685766296	0.043296162939148	0.42167812851532	0.59971908164032	0.24364062851532	0.42167812851532	0.246842374136414	0.39793152460907	0.541224983726257	0.448072371976257
D4S234E-cg17584804-4-4387793	-0.32751244545929	0.450834059301453	0.296175893529968	-0.319352764673157	0.535340477697449	0.442034643285828	0.539871821447449	0.120659756750183	0.561883591405945	0.480120844945984	0.339459691747742	0.643374117406921	0.41703814023407	-0.282248615259094	0.289676760961609	0.534360855505066	0.728202384985046	0.390891046423035	0.405897430578308	0.424702286535339	0.384373836767273	0.433835253881531	-0.30495358217804	0.37994418900116	0.489167876989441	0.157718966528015	0.413363862463074	0.593700837865906	0.546340408544617	0.425823205236511	0.542284372900086	0.437814258276062	0.53669446433075	0.425798357397156	0.492293439367371	0.230493349706726	0.412835641820984	0.488560500280456	0.0727370963497925	0.423802963110046	0.543713345922546	0.0263535580807495	0.34636973422821	0.707313086767273	0.0815489901486206	0.539036138036804	0.372914159154968	-0.0558202986697388	0.112829168066101	0.42781398587616	0.429941390600281	0.402060555090027	0.208687774206238	0.290672225805359	0.440142539281921	0.423967554967957	0.534495797216492	-0.04530254714386	0.411737000463562	-0.0674248141116334	0.42871704446991	0.435320161413269	0.29182104245575	0.625399841039734	0.326609281835632	0.57681688028534	0.411719123510437	0.524246487524109	0.431919230444031	0.421025987646179	0.264048212255554	0.0663066894284057	0.42167812851532	0.62762958164032	0.21573012851532	0.42167812851532	0.211743478042664	0.39181762851532	0.454215087632507	0.625149640882507
DDAH1-cg20431191-1-86043795	0.451819484350281	0.370746989111023	0.903803823339539	0.462930165136413	0.500337407507019	0.590852573095398	0.442426751257019	0.0315406865597535	0.430580521215515	0.425377774755554	0.182196621557312	0.498707047216492	0.36684807004364	0.422526314550476	0.237092690771179	0.454355785314636	0.701004314794617	0.455633976232605	0.341667360387878	0.36463121634491	0.399671766576843	0.347785183691101	0.465783347631531	0.32052711881073	0.322921806799011	-0.198047103662415	0.585152792272644	0.658923767675476	0.444615338354187	0.331241135046081	0.444525302709656	0.325349188085632	0.40325039414032	0.973585287206726	0.425536369176941	0.185003279516296	0.316201571630554	0.393660430090027	0.248787026159363	0.575571892919617	0.217778275732117	-0.12535451210968	0.695314664037781	0.668038016576843	0.824440919958191	0.439098067846374	0.418394088964539	0.477206631139831	0.912197097875671	0.36593891568573	0.626597320409851	0.376711484899597	0.784444704015808	0.862348155614929	0.439703469091492	0.326976484777527	0.441479727026062	0.20171638266571	0.408284930273132	0.513095115697937	0.33493597427948	0.430026091222839	0.19333897226532	-0.0880042291506959	0.253166211645202	0.62334281009491	0.337278053320007	0.390713417333679	0.329016160253601	0.331251917455749	0.297971142065124	0.792805619237976	0.42167812851532	0.59004508164032	0.25331462851532	0.42167812851532	0.754413260175476	0.226813410648132	0.42806486976532	0.41487239201532
DDAH2-cg17983217-6-31698223	0.116475659032898	0.41800916379364	0.915115998022156	-0.0157036601809692	-0.296701417810364	0.411828747778015	0.464422925939636	0.108912861242371	0.382033695898132	0.493872949438171	1.04902979623993	0.278779221899109	0.436055244726257	0.433022489233093	0.327523865453796	0.487554959997254	0.505697489477234	-0.307070849084778	0.711057535070496	0.592758391027527	-0.44448905874054	0.697999358373718	-0.327662477685852	0.460597293493347	0.421980981481628	-0.118857928979797	0.393760966955261	0.533030942358093	0.520352513036804	0.400315309728699	-0.358526522607727	1.22734636276825	0.389837568822937	0.414769461889343	-0.031419456140442	1.01187845419891	0.423331746313171	-0.305040395227356	0.81783220084198	-0.240553932397766	0.530332450414734	0.819434662572937	0.756173838720398	-0.106857808740539	0.149579094640808	0.520362242528992	0.228144263647156	-0.172235194177551	0.0765512725582885	0.434592090368347	0.451295495092468	0.412591659582214	0.992860878698425	0.313422330297546	0.491905643774109	0.408665659460144	0.520909901708679	-0.136235442651672	0.359037104955749	-0.248359709619446	0.705748148962097	0.458153265905457	0.667839146947937	0.606211945531921	0.98978538632782	0.798089984777527	0.475914228002625	0.467874592016296	0.405856334936218	0.401226092138367	0.465919316747742	0.0600647939205933	0.42167812851532	0.14815158164032	0.69520812851532	0.42167812851532	0.679346605034851	0.689036755507507	0.168356214624695	0.144385608874695
DGKA-cg07679948-12-56329641	-0.402052549707337	0.317081955053406	0.0318607892819215	0.148270131078796	0.120835373449402	0.552614539037781	0.441241717199402	0.903962652502136	0.368675487157898	0.462725740697937	1.08792158749969	0.489081013158875	0.741355035986023	0.445101280492859	0.292173656713562	0.159453751257019	0.467919280737	-0.415838057825012	0.449689326330261	0.762456182287293	-0.550054267480774	0.569981149633484	0.456989313573914	0.419539084753113	0.413808772741394	-0.229070137720032	0.353243758215027	0.542701733617859	0.0733363042965698	0.336044100988464	0.472280268652039	0.515187154028015	0.423226360082703	0.921360253149109	0.460367335119324	0.182030245458679	0.407430537572937	0.42584139603241	-0.0561990078982543	-0.317187141138001	-0.0191457583255004	-0.133418546167297	0.331187629980164	0.465901982519226	0.424752885900574	0.316386033788757	0.423211054906921	0.343077597082214	0.236318063818054	0.525709881628113	0.329133286352234	0.49890445084198	0.957162669958191	0.149564121557312	0.542874435033875	0.52578545071991	-0.358459307031555	-0.241044651391907	0.398397896215515	-0.42228591835968	0.849229940221863	0.464982057165222	0.220481938207703	0.748427736791687	0.238736177587585	0.788279776037293	0.48368301926239	0.422290383276062	0.452097126195984	0.357543883398132	0.268756108007507	0.859611585180359	0.42167812851532	0.11057258164032	0.73278712851532	0.42167812851532	0.545713392175476	0.228419542648132	0.50117200176532	0.34176526001532
DHRS3-cg06641388-1-12655240	-0.0324564492434692	0.328737055517273	0.281243889745789	0.479453231542664	0.170212473913269	0.728470639501648	0.405919817663269	0.428442752966003	0.419354587621765	0.312610841161804	0.187020687963562	0.499816113622742	0.32044513644989	0.430002380956726	1.01181275717743	-0.454770148279114	0.766905381200867	0.437704042638855	0.320435426794128	0.45878528275116	0.419592832983093	0.316308250097351	0.451931414037781	0.30658618521698	0.681357873205261	0.663672962743835	1.20387985867889	0.589475834081726	0.460730404760437	0.382621201452332	0.449164369115906	0.317282254491882	0.41339646054657	0.325163353612976	0.455946435583191	0.505719345922546	0.806177638036804	0.420994496496277	0.596772092565613	0.268546959325867	0.419658342138367	0.76837855429657	0.264280730444031	0.585725082983093	-0.0832400136355591	1.13976213425262	0.430162155370789	0.401555697546082	0.890028164281921	0.32988698209198	0.345026386816101	0.583512551305847	0.904382770422058	1.10501322202118	1.07335753549774	0.408883551183777	0.470427793432312	0.67483644907196	0.0574589966793821	0.519006182104187	0.31788104068573	0.340191157629089	0.18081903867157	0.304070837255554	0.224622278051453	0.79428887650116	0.336857119726257	0.406765483739929	1.00270022665985	0.476913983862	-0.230168791528625	0.178117685644226	0.42167812851532	0.37338608164032	0.46997362851532	0.42167812851532	1.00029586813641	0.43041301860907	0.382600477726257	0.415590877976257
DIAPH1-cg25518868-5-140984057	0.192072859594421	0.419740364355164	0.184882198583679	0.272701540380554	0.55211578275116	0.439479948339539	0.49000712650116	0.167619061803894	0.461290896459656	0.454122149999695	0.272093996801453	0.217724422460632	0.424390445287781	0.445572689794617	0.26907106601532	0.390745160558777	0.214256690038757	0.487403351476746	0.852453735632019	0.41302459158905	0.151921141820984	0.430511558935242	0.491591722875671	0.424088494054871	0.401001182043152	-0.0897977284182742	0.390764167516785	0.220252142919617	-0.211863286401673	1.19931551029022	0.305009677953796	0.404001563329773	0.29488276938446	0.400764662450867	0.443946744421082	0.280712654760437	0.506266946874695	0.0810668053341675	0.193901401403503	0.399213268163757	0.386520650976257	0.66111886313446	0.303692039281921	0.680988391820984	0.852384295202332	0.362985443090515	0.436508464208679	0.426041006383972	0.755177473119812	0.427710290929871	0.397219695653992	0.377286860143738	0.174900079259949	1.10785853085907	0.466930844335632	0.446000860021667	-0.276173897729797	0.514194757909851	0.414196305517273	0.530401490942078	0.949044349523621	0.83632046646698	0.95118334750946	0.0467101460934449	0.903130586889343	0.83186218533905	0.386015428564148	0.45967879257782	0.445125535497742	0.40783629269989	0.569875517309265	0.862294994482117	0.42167812851532	0.38681258164032	0.45654712851532	0.42167812851532	0.359597651995789	0.491171802468445	0.680098261585632	0.222959167835632
DIP2C-cg12014181-10-729479	0.536658359594422	0.412164864355164	0.0984376985836793	0.530375040380554	-0.34071471724884	1.29527144833954	0.54039862650116	0.413824561803894	0.531621396459656	-0.0715943500003052	0.398141496801453	0.279643922460632	1.29055494528778	0.539038189794617	0.28293156601532	-0.347813339441223	0.190530190038757	0.541351851476746	0.535784235632019	0.49305009158905	0.478996641820984	1.28528305893524	-0.0309667771243286	0.494331994054871	0.459847682043152	-0.137583228418274	0.395290667516785	0.724112642919617	-0.317267786401673	0.386018010290222	0.419550177953796	0.423304063329773	0.44825826938446	0.483184162450867	0.530290244421082	0.538584154760437	0.391642446874695	0.483036305334167	0.323105901403503	-0.258396231836243	-0.308188849023743	-0.0332596368655395	0.577281539281921	-0.0861241081790161	0.00120979520233155	0.381207943090515	0.495718964208679	0.556877506383972	0.927730973119812	0.461931790929871	0.427044195653992	0.603331360143738	0.153272579259949	0.24799003085907	0.599234344335632	0.615692360021667	-0.402086397729797	-0.134305742090149	-0.226733194482727	0.538986990942078	0.406033849523621	0.47367396646698	0.28163184750946	0.208556646093445	0.339693086889343	0.85105568533905	0.506289928564148	-0.13739770742218	0.515122035497742	0.47084879269989	-0.288940982690735	0.297931494482117	0.42167812851532	0.10189408164032	0.74146562851532	0.42167812851532	0.577617005128601	1.40454415560126	-0.111825385281555	0.270056994968445
DKFZP434H168;GNAO1-cg27271486-16-56227690	0.451499455785828	0.42355496054657	0.554402794775085	0.33877513657196	0.565281378942566	0.414272544530945	0.393779722692566	0.2449806579953	0.386489492651062	0.533822746191101	0.923831592992859	0.470710018652039	0.599005041479187	0.416501285986023	0.923723662206726	0.495307756750183	0.348034286230164	0.484871947668152	0.469493331823425	0.401085187780457	0.41159873801239	0.458908155126648	0.450809319067078	0.382100090246277	0.408320778234558	-0.145449132226868	0.403333763708191	0.356921739111023	0.463769309789734	0.412677106481628	0.404065274145203	0.401669159521179	-0.362304634424133	0.392883258642273	0.441537340612488	0.363074250951843	0.944592543066101	0.447566401525574	0.00369699759490971	0.652465864355164	-0.336535752832336	-0.0691175406741333	0.324135635473328	0.44329598801239	0.437438891393738	0.935508039281921	0.495545060400086	0.449461602575378	0.526817069311218	0.407716887121277	0.417070291845398	0.419638456335144	0.507239675451355	0.649887127050476	0.397454440527039	0.406245456213074	0.509642698461609	0.160033354101257	0.457375901708679	-0.266731912866516	0.404775945715027	0.397983062658386	0.292377943700867	0.436780742284851	0.92024518308075	0.00092078153045666	0.395563024755554	0.466728388769226	0.462432131689148	0.736917888891296	0.444907113500671	0.473461590673523	0.42167812851532	0.50306808164032	0.34029162851532	0.42167812851532	0.658446978042664	0.40330312851532	0.442729587632507	-0.300478874117493
DKK1-cg01160882-10-54075082	-0.354212174341126	0.397796330419617	0.0883931646481325	-0.343370493554993	0.0190867488156128	0.659653914403992	0.519872092565613	0.571233027868347	0.524658862524109	0.541093116064148	0.296455962865906	-0.0167206114749144	0.395955411352234	0.44198365585907	0.374496032079773	0.49709612662323	0.38038065610321	0.459410317541199	0.634438701696472	0.453079557653503	0.461016107885437	0.414639524999695	0.445321688940124	1.13314746011932	0.414925148107605	0.311438237646179	0.392714133581238	0.44067610898407	-0.145056320337219	0.726559476354675	0.000933644018249691	1.18155352939423	-0.438577264551086	0.41926062851532	0.494905710485535	1.06607262082489	1.28318591293915	0.0691307713986207	0.874761367467957	-0.24436076577179	-0.16305738295929	-0.0649281708010864	0.416592005346375	0.0302463578854371	0.0602562612667847	0.445643409154968	0.0921764302731325	0.359862972448425	0.228478439184265	0.425575256994324	0.405011661718445	0.592291826208191	0.664400045324402	0.294415496923523	1.18714281040009	1.04707382608612	0.502013068334656	-0.156649276025696	0.479434271581726	-0.325960542993469	0.485379315588074	0.778458432531433	0.494293313573914	0.395438112157898	0.685767552953796	0.593959151403503	0.748414394628601	-0.021828241357727	0.583302501562195	0.446294258764343	-0.245444516626282	0.14370896054657	0.42167812851532	0.50769958164032	0.33566012851532	0.42167812851532	0.791533385675476	0.235231536148132	0.38247599526532	0.46046126651532
DLG4-cg13729891-17-7108468	0.398633575536804	0.422746080297546	0.796103914526062	-0.339413743677063	0.439631498693542	0.424586664281921	0.362921842443542	0.662164777746277	0.335138612402039	0.356289865942078	0.305026712743835	0.403087138403015	0.409725161230164	0.348426405737	0.278006781957703	0.35878887650116	0.49409940598114	0.401428067419128	0.408684451574402	0.993497307531433	0.460002857763367	0.413677274877624	0.325412438818054	0.362221209997253	0.421599897985535	0.619078987524109	0.427154883459167	0.616866858862	0.38268442954071	0.407568226232605	0.376943393896179	1.15946427927216	0.463143485326843	1.02533437839325	0.389572460363464	0.71383337070282	1.21728966281708	0.40559152127655	0.759421117345886	0.50780898410614	0.44545836691864	0.759914579076843	0.330599755224304	0.292718107763367	0.849582011144714	1.1263991590329	0.401642180151062	0.331193722326355	0.900116189062195	0.431013006872253	1.08217341159637	0.503179576086121	0.837183795202331	0.278954246801453	0.424884560278015	0.41264157596405	0.422786818212585	0.641653473852234	0.363421021459656	-0.30471879311554	0.421159065466003	0.414040182409363	1.00421606345184	0.265997862035828	0.596200302831726	0.689339901281433	0.431064144506531	0.337649508520203	0.941712251440124	1.11470000864227	0.398544233251648	0.243600710424499	0.42167812851532	0.59108958164032	0.25227012851532	0.42167812851532	0.562426978042664	0.42437012851532	0.421662587632507	0.415784599882507
DLGAP1-cg15673034-18-3499093	0.270608887060242	0.446621391820984	0.1207512260495	-0.326901432153625	-0.31170918978302	0.476572975805359	-0.28649684603302	0.899625089269714	-0.347327076074524	0.476047177465515	0.325766024267273	-0.175627550073547	0.444586472753601	0.555569717260437	0.37503309348114	0.530171188024597	0.564799717504578	-0.296913621057434	1.20134676309784	0.430586619054871	0.307590169286804	0.478806586401062	0.276018750341492	0.396014521520691	0.425085209508972	0.781926299047546	0.438232194982605	0.156002170385437	0.585720741064148	0.452168537756042	0.560347705419617	1.36116659079559	0.542809796850281	0.435139689916687	-0.353626228113098	0.230105682226257	0.420285974340515	-0.373522167200012	0.712363428869324	0.698888295629577	0.378317678442078	-0.0431401093997192	0.970723066747742	-0.0824885807131958	0.0268633226681519	1.16122447055634	0.540876491674499	-0.149365966150208	0.105368500585632	1.03136331839569	0.443180723119812	0.443525887609558	0.191293106725769	1.21208955832489	0.420989871801453	1.16271788748749	0.579172129736023	-0.129556214624329	0.367442332983093	-0.286652481592102	0.424287376989441	0.4238244939328	0.300885374975281	0.0732651735592652	0.760620614355164	0.0258992128048707	0.423144456029968	-0.32453017995636	0.435710562963562	0.42079732016571	-0.00239945522491458	0.278749021947937	0.42167812851532	0.57035008164032	0.27300962851532	0.42167812851532	0.687107904128601	0.848739054601257	-0.652104486281555	0.160566095968445
DLGAP3-cg00114029-1-35351407	0.418927457006531	0.434097961767273	0.861419795995789	0.440504137792664	0.491384380163269	0.428848545751648	0.369466723913269	0.115539659216003	0.348603493871765	0.417477747411804	0.658889594213562	0.419002019872742	0.40884304269989	0.361369287206726	0.993238663427429	0.393051757970886	0.598672287450867	0.416952948888855	0.402642333044128	0.43538018900116	0.500578739233093	0.418135156347351	0.366296320287781	0.37973609146698	1.04530177945526	0.559447868993835	0.446502764928894	0.681631740331726	0.419990311010437	0.418004107702332	0.404048275365906	0.421600160741882	-0.40507663320343	0.423107259862976	0.390745341833191	0.220802252172546	1.2914875442868	0.390420402746277	0.261540998815613	0.519923865575867	0.505969248388367	0.71743746054657	0.844158636694031	0.606433989233093	0.833728892614441	0.456993040502624	0.432557061620789	0.423835603796082	0.198703070531921	0.44754388834198	0.419906293066101	0.398979457555847	0.340046676672058	0.274252128271179	0.416132441747742	0.418827457433777	0.456524699682312	0.64540735532196	0.393672902929382	0.567860088354187	0.42345894693573	0.715853063879089	1.02624394492157	0.433146743505554	0.640657184301453	0.73926378275116	0.410247025976257	0.360161389989929	0.417988132909851	0.409712890112	0.319189114721375	0.854302591894226	0.42167812851532	0.56207758164032	0.28128212851532	0.42167812851532	0.958824707636413	0.37998485810907	0.375869317226257	0.466019038476257
DLGAP3-cg26228266-1-35351340	0.462965233495789	0.344739738256531	0.399265572485046	0.463376914281921	0.523614156652527	0.339688322240906	0.424435500402527	0.0236744357052612	0.397965270361023	0.473924523901062	0.22105837070282	0.500543796362	0.326445819189148	0.417112063695984	1.03087143991669	0.442712534460144	0.577748063940124	0.481651725378113	0.318791109533386	0.341401965490417	0.441312515722351	0.326080932836609	0.421702096777039	0.290905867956238	1.11672855594452	0.660861645483093	0.322718541418152	0.557373516820984	0.163208087499695	0.332396884191589	0.453865051855164	0.33150893723114	0.0621321432858277	0.343004036352234	0.430096118322449	0.168274028661804	0.524801320776062	0.419492179235535	0.521285775304871	0.557644642065124	0.467071024877625	0.767309237035828	0.882706413183289	0.668161765722351	0.863210669103699	0.348239816991882	0.432803838110046	0.458137380285339	0.0515188470211793	0.341721664831238	0.330238069555359	0.310385234045105	0.111270453161316	0.191557904760437	0.333484218236999	0.328566233923035	0.48228647617157	0.707426131811218	0.42246467941864	0.538947864843445	0.338395723424988	0.633172840368347	1.07992972141083	0.577898519994812	0.32253896079071	0.775371559240418	0.330038802465515	0.408221166479187	0.331668909399109	0.322250666601257	0.113957891210632	0.866088368383484	0.42167812851532	0.62602358164032	0.21733612851532	0.42167812851532	0.921560130175476	0.221038280648132	0.41287673976532	0.43006052201532
DLX1-cg07936950-2-172953134	0.360681077612	0.360560582372742	0.0103944166012574	0.468424758398132	0.370993000768738	0.414207166357117	0.417288344518738	0.741291279821472	0.427134114477234	0.280997368017273	0.656933214819031	0.38846664047821	0.375621663305359	0.440706907812195	0.949449284032898	-0.326647621423645	0.0916059080563355	0.435020569494324	0.704118953649597	0.361970809606628	0.410313359838562	0.41291477695282	0.20770794089325	0.382867712072449	0.55705640006073	0.400579489599304	0.614378385534363	0.553258360937195	0.462257931615906	0.6383457283078	0.452544895971375	0.326680781347351	0.423593987402039	0.353057880468445	0.43354696243866	0.441201872778015	0.691886164892273	0.417239023351746	0.301173619421082	-0.336573513818665	0.438436868993835	-0.107791918847961	0.7645642572995	-0.179758390161438	-0.0813244867800904	1.16168566110809	0.430466682226257	0.45280822440155	0.30447069113739	0.456648508947449	0.31889591367157	0.383647078161316	0.350300297277527	0.674424748876648	0.44640706235321	0.739644078039246	0.441797320287781	0.663515975927429	0.406332523534851	0.522209708959656	0.323486567541199	0.351489684484558	1.04235056552704	0.0582203641110229	0.676278804906921	0.174048403356628	0.555886646581726	0.424617010595398	0.41537575351532	1.09506651071747	-0.320266264673157	0.840418212499695	0.42167812851532	0.20647508164032	0.63688462851532	0.42167812851532	0.148795780675476	0.505038931148132	0.46568739026532	0.37724987151532
DLX1-cg24228707-2-172948725	0.44686530832489	0.408899813085632	0.084715647314148	0.461851989111023	0.353732231481628	0.412951397070007	0.427174575231628	0.736601510534363	0.427427345190124	0.325255598730164	0.482318445531921	0.383367871191101	0.41502189401825	0.443640138525085	0.737334514745789	-0.387186390710754	0.626380138769226	0.439156800207214	0.962944184362488	0.403772040319519	0.395897590551453	0.44213000766571	0.45278017160614	1.04492994278534	0.422355630773621	-0.146346279687805	0.455158616247253	0.344560591650086	0.366356162328796	0.423056959020691	0.432390126684265	0.423256012060242	0.410704218114929	0.387119111181335	0.40764519315155	0.203498103490906	0.454394395605164	0.406007254064636	-0.00710914986602784	-0.210802283105774	0.426084099706726	0.000468311864929183	0.63837948801239	0.633593840551453	-0.0167782560671996	1.16978789182098	0.400618912939148	0.449810455114441	0.891836921850281	0.395175739660339	0.37859914438446	0.383430308874207	0.631374527990417	1.03713097958954	0.402433293066101	0.473609308752136	-0.381484448999329	0.67148420664032	0.400495754247742	0.494161939672546	1.22658779825409	0.403906915197449	0.486930796239929	0.509271594823914	0.877624035619812	-0.0327973659304809	0.402890877294617	0.407316241308289	0.515444984228211	0.570168741430359	-0.290389033960266	0.0311764432125854	0.42167812851532	0.32088458164032	0.52247512851532	0.42167812851532	0.217989561136414	0.45544671160907	0.527229170726257	0.390557184976257
DLX3-cg05639912-17-48070891	0.509391189672546	0.419059694433289	0.424090528661804	0.262622870458679	0.0474821128292848	0.401799278417664	0.400562456579285	0.565340391882019	0.440822226537781	0.48564148007782	0.284716326879578	0.429074752538757	0.406104775365906	0.391046019872742	0.642520396093445	0.444530490636902	0.792512020116882	0.294648681554871	0.386026065710144	0.404503921667175	0.510240471899109	0.401061889013367	0.392744052953796	0.449850824132996	0.402134512121277	0.649162601659851	0.53856649759491	0.793898472997742	0.471323043676453	0.425490840368347	0.483932008031921	0.414467893407898	0.499085099462586	0.394088992528992	0.455622074499206	0.384768984838562	0.43461527695282	0.450066135412292	0.476772731481628	0.533613598241882	0.501859981054382	0.415367193212586	0.337344369360046	0.557263721899109	0.230299625280457	0.38672177316864	0.503678794286804	0.440169336462097	0.133083803197937	0.413452621007996	0.410706025732117	0.389487190221863	0.900387409338074	0.363390860937195	0.537248174413757	0.400560190099792	0.384165432348328	0.480418087987976	0.415079635595398	0.248662821020203	0.417295679601746	0.400769796545105	0.269174677587586	0.55748147617157	0.315619916967468	0.782539515417175	0.608925758642273	0.461020122655945	0.405902865575867	0.409359622778015	0.47343184738739	0.885345324560242	0.42167812851532	0.58124608164032	0.26211362851532	0.42167812851532	0.261885478042664	0.41341062851532	0.432622087632507	0.478211762882507
DLX3-cg24383056-17-48071706	0.19729884750946	0.444054352270203	0.107096186498718	0.484726528295593	0.371753770666199	0.419403936254578	0.145861114416199	0.204678049718933	0.451709884374695	0.345026137914734	0.388212984716492	0.479879410375671	0.45550443320282	0.419900677709656	0.300832053930359	-0.268343851526184	0.408414677953796	0.447686339391785	0.419213723547058	0.417926579504089	0.496487129736023	0.438734546850281	0.451920710790711	0.49508748196991	0.419905169958191	-0.113313740503235	1.24252015543182	0.135530130834656	0.481931701513367	1.01982449820526	0.482559665868835	0.424127551244812	0.5162497572995	0.452493650365906	0.467239732336121	0.905688642675476	0.421257934789734	0.484617793249206	0.499088389318542	0.579593256078796	0.504996638891296	0.8239158510495	0.34372502719696	0.352255379736023	0.100516283117371	0.402123431005554	0.481214452123718	0.0388289942990112	0.0965154610348511	0.90220027884491	0.408483683569031	0.420940848058777	0.249160067174988	0.293844518774109	0.416681832250671	0.873526847936707	-0.351103909814758	0.72739374582489	0.456688293432312	-0.291656521142883	0.44231633743866	0.423048454382019	0.288511335424499	0.461956134008484	0.387223574804382	0.343293173254089	0.412911416479187	0.283684780492859	0.432779523412781	0.453530280614929	0.442150505224304	0.920456982397156	0.42167812851532	0.61085858164032	0.23250112851532	0.42167812851532	0.393675151995789	0.457094302468445	0.521284761585632	-0.160117514164368
DLX5-cg04737114-7-96654931	0.406208834570007	0.36585733933075	0.539312173559265	0.24309051535614	0.464789757726746	0.374636923315125	0.398877101476746	0.24975903677948	0.434793871435242	0.295679124975281	0.519477971777039	0.465521397436218	0.338828420263367	0.412022664770203	0.288306040990906	0.436014135534363	0.670958665014343	0.431330326452332	0.374262710607605	0.349170566564636	0.37060811679657	0.422932533910828	0.402658697851257	0.320297469030457	0.371860157018738	0.391761246557312	0.737227142492371	0.785038117895203	0.194934688573914	0.846627485265808	0.367418652929382	1.18928953830536	-0.438050255639953	0.902569637426453	0.420482719396667	0.808975629736023	1.19887492185028	0.368444780309753	0.639390376379089	0.582284243139343	0.431947625951843	0.761664838110046	0.466460014257507	0.54720536679657	0.781209270177918	0.312282418066101	0.418915439184265	0.453959981359558	0.105785448095398	0.361044265905457	0.345685670629578	0.437273835119324	0.822576054235535	0.613072505834656	0.556026819311218	0.348631834997253	0.433200077245789	0.470968732885437	0.383561280492859	0.414401465917664	0.356334324499207	0.348328441442566	0.665946322485046	0.570309121069031	0.261669561864929	0.776824160314636	0.334819403539734	0.441889767553406	0.362340510473328	0.480110267675476	0.511797492284851	0.0294839694577027	0.42167812851532	0.60667358164032	0.23668612851532	0.42167812851532	0.839487287136413	0.33724743760907	-0.276802103273743	0.508756458976257
DLX5-cg08101303-7-96652222	-0.261536181299133	0.516432323461609	0.0914861576901246	0.376481499487	0.140705741857605	0.453022907445984	0.550538085607605	0.735648020910339	0.534207855566101	0.50204010910614	0.321392955907898	0.473211381567078	0.632702404394226	0.544377648901062	0.319901025121765	0.116015119665222	0.0831156491452027	0.599223310583191	0.425036694738464	0.422180550695496	0.501508100927429	0.451066518041687	-0.208890318017883	0.382193453161316	0.426873141149597	-0.108709769311829	1.29863512662323	0.146679102026062	0.600568672704773	0.423474469396667	0.552417637060242	0.472543522436218	-0.402178271509094	0.414624621557312	0.450496703527527	1.13071161386688	0.46345290598114	0.495512764440613	0.140897360509949	-0.114097772729797	0.540442610082703	0.127042822240906	0.357411998388367	-0.0301636490725708	0.0384232543087769	0.39061140219696	0.411887423315125	0.569437965490417	0.104901432226257	0.473374250036316	0.451504654760437	0.421565819250183	0.195741038366394	0.287461489965515	0.436650803442078	0.419883819128113	0.560035061376648	0.373836717016296	0.520872264623718	-0.205126549951477	0.428864308630066	0.408577425573425	0.333400306615906	-0.00867389480010983	0.347370545995789	0.0290471444454957	0.407149387670593	0.544327751684265	0.432138494604187	0.528155251806335	-0.12542452358429	0.675616953588562	0.42167812851532	0.16082658164032	0.68253312851532	0.42167812851532	0.213540384128601	1.23507253460126	-0.0467000062815552	0.634133615968445
DLX5-cg08835113-7-96650192	0.466187885473328	0.40531639023407	0.534298224462585	0.40718656625946	0.438280808630066	0.382091974218445	0.446113152380066	0.2077850876828	0.451355922338562	0.365987175878601	0.342043022680359	0.390117448339539	0.365999471166687	0.419861715673523	0.341195091894226	0.142956186437683	0.171668715917664	0.508111377355652	0.584375761510925	0.373450617467956	0.41613716769989	0.427316584814148	0.364213748754578	0.356152519933777	0.633036207922058	-0.111331702539368	1.21678819339569	0.333903168798523	0.501736739477234	0.362859536169128	0.383803703832703	0.470359589208679	-0.461577204736633	0.790433688329773	0.431579770299988	0.779156680639343	0.529101972753601	0.420946831213074	0.54866242728241	0.614692294042664	0.435896676855163	0.346698889013367	0.654028065160828	0.26724041769989	0.809408321081238	0.446311468969421	0.425586490087585	0.496279032262878	0.589882498998718	0.367267316808777	0.370112721532898	0.443051886022644	0.387262105138855	0.243723556737976	0.463185870214539	0.365900885900574	0.470611128149109	0.105766783788757	0.431476331396179	-0.190181483179016	0.423589375402527	0.356941492345886	0.646640373388367	0.243013171972351	0.305350612768249	0.713542211217956	0.357349454443054	0.462148818456726	0.373155561376648	0.590998318578796	0.514373543188171	0.0686280203610228	0.42167812851532	0.27927508164032	0.56408462851532	0.42167812851532	0.404389237628601	0.706582388101257	0.312091847218445	0.443284762468445
DLX5-cg11891395-7-96652153	-0.165382173364563	0.442935331396179	0.023889165624695	0.39017550742157	0.478409749792175	0.376007915380554	0.386598093542175	0.61569602884491	0.422181863500671	0.39080211704071	0.639948963842468	0.464526389501648	0.344563412328796	0.322849656835632	0.629401033056335	0.412639127599792	0.484752657079773	0.471695318517761	0.379559702673035	0.341725558630066	0.343631108861999	0.415082525976257	-0.295100310083313	0.391430461095886	1.19271314908417	-0.138004761377258	1.2046001345578	0.264389109960632	0.486672680639343	0.341335477331238	0.424317644994812	0.596978530370789	-0.454826263574524	0.498400629491882	0.354699711462097	0.965081621801453	1.21071691391571	0.330571772375183	0.605700368444519	0.259125235204773	0.418321618017273	0.748445830175476	0.675792006322937	0.580299358861999	-0.038535737756653	0.719350410131531	0.402761431249695	0.446677973424988	0.837101440160828	0.345917257970886	0.931013662695007	0.590916827184753	0.513441046300964	0.238835497900085	0.394634811376648	0.770114827062683	0.444807069311218	0.333460724950867	0.395984272558289	0.0683484579830932	0.822051316564636	0.338558433507996	1.07382931455048	0.56722211313446	0.854763553930359	0.353894152380066	0.329089395605163	0.424226759618835	0.353880502538757	0.987155259740906	0.323851484350281	0.824400961523132	0.42167812851532	0.40813108164032	0.43522862851532	0.42167812851532	0.0392157031754762	1.00182785364813	0.41969231276532	0.42324494901532
DLX6AS-cg22616881-7-96642096	0.501597269750671	0.452966774511414	0.131884608739929	-0.240011049463196	0.20718219290741	0.413320358495789	0.44108053665741	0.147183471960144	0.457622306615906	0.180280560155945	0.898704406957703	0.199427832616882	0.382078855444031	0.274780099950867	0.93582047617157	0.462057570715027	0.0774491001950074	0.504840761632996	0.453796145788269	0.3885500017453	0.483338551977234	0.463777969091492	0.449076133031921	0.361155904211121	0.484931592199402	0.702262681737976	0.807544577673035	0.191281553075867	0.513570123754578	0.386195920446472	0.506583088110046	1.16837697348602	-0.209529820459289	0.397820072607117	0.499644154577332	0.733625064916687	1.25554635703095	0.404367215490417	0.112068811559753	-0.242386321679993	0.525549061132507	0.479534273290711	0.625170449438171	-0.120958198022766	0.898551705358581	0.425388853246765	0.340023874364929	0.445568416540222	0.112538883276062	0.418948701086121	0.603805105810242	0.371616270299988	0.251418489416199	0.38061494101532	0.393627254491882	0.627971270177917	0.512338512426453	0.711418168066101	0.481450715673523	0.597196901098328	0.403577759679871	0.38941287662323	0.926999757665711	0.193915556249695	0.311169997045593	0.1170175954953	0.379957838720398	0.53198720273407	0.399679945653992	0.39500970285614	-0.285685072534485	0.712424404638367	0.42167812851532	0.20798558164032	0.63537412851532	0.42167812851532	0.312245151995789	0.538524302468445	-0.130815238414368	0.687570039835632
DMRTA2-cg17800654-1-50888590	0.413019062475281	0.426303567236023	0.0902114014645387	0.498986743261414	0.559719985632019	0.415633151220398	0.434279329382019	0.513388264684753	0.464847099340515	0.483178352880554	0.917452199682312	-0.0467783746585083	0.41204464816864	0.437564892675476	0.415743268896179	0.243340363439636	0.0824658929196168	0.508361554357605	0.445077938512878	0.50605879446991	0.499526344701843	0.405605761816101	0.453795925756531	0.42347069693573	0.404908384924011	-0.0323905255374146	0.825779370397644	0.163970345800476	-0.167280083520813	0.406821713171082	0.467521880834656	0.406341766210632	0.47319197226532	0.457662865331726	0.477184947301941	0.228175857641296	0.415953149755554	0.466173008215027	0.00515360428436284	-0.220621528955383	0.525127853857117	0.41954906601532	0.467276242162781	0.625481594701843	0.039711498083191	0.617687645971374	0.469155667089539	0.385137209264832	0.868422676000671	0.41392649381073	0.398567898534851	0.406817063024597	0.225211282140808	1.17040973373993	0.409410047216492	0.724552062902527	0.381717305151062	0.34507896079071	0.445269508398132	-0.317252306177063	0.41107555240448	0.406552669347839	0.36389755039032	0.421672348974304	0.669273789770203	-0.0112586117800902	0.453068631445007	0.458065995458679	0.907561738378601	0.39546949558075	-0.242990279809875	0.900533197362976	0.42167812851532	0.19056508164032	0.65279462851532	0.42167812851532	0.176397978042663	0.38739412851532	0.458638587632507	0.504965326882507
DMRTA2-cg23097402-1-50883394	0.482489429540711	0.843118934301453	0.950057768529968	0.471560110326843	0.548626352697449	0.397410518285828	0.453037696447449	0.296677631750183	0.389543466405945	0.511753719945984	1.01363456674774	0.0690099924069213	0.91383001523407	0.473450259740906	0.997656635961609	-0.386274269494934	0.277995259985046	0.197276921423035	0.424409305578308	0.379039161535339	0.465645711767273	0.390081128881531	0.47047329282196	0.77312706400116	0.408172751989441	0.686849841528015	0.366920737463074	0.217884712865906	-0.254567716455383	0.376298080236511	0.462007247900086	0.420212133276062	0.47333833933075	1.15590723239716	0.492779314367371	0.908588224706726	0.369189516820984	0.445133375280456	0.197578971349792	-0.208575161889953	0.487652220922546	-0.0910745669192503	1.05166360922821	0.118543961767273	0.888330865148621	0.439913013036804	0.433051034154968	0.469889576330261	0.343241043066101	1.07295786087616	1.05626626560028	0.443237430090027	0.148582649206238	0.679048100805359	0.371114414281921	0.390682429967957	-0.382864327783508	0.22642732785614	0.449203875463562	0.567676060888367	1.17047191946991	0.367578036413269	0.251204917455749	0.0799547160397339	0.331208156835632	0.378771755285339	0.394547998510437	0.463713362524109	0.384143105444031	0.393534862646179	-0.207878912744446	0.170614564428406	0.42167812851532	0.52305508164032	0.32030462851532	0.42167812851532	0.159288478042664	0.37321662851532	0.472816087632507	0.515738484882507
DNAJB6-cg19118904-7-157179789	-0.545110245141907	0.238338259618836	-0.119614906152649	0.352538435644226	-0.539733321985168	0.76509884360321	-0.562758978235168	0.831041957067566	0.345084791723328	-0.105359954736633	0.988694892065125	0.00841731772430437	0.421649340551453	-0.474878414941711	0.743189961278992	0.336221055822449	0.777465585302429	-0.526853753259583	0.548100630895691	1.12258148685272	-0.607010962915345	1.04293645419891	-0.513133381860657	0.965365389318542	0.351379077306824	0.547733166845398	0.421729062780456	0.855624038183289	-0.0795873911380004	0.224167405553894	0.352578573217468	1.11444445859344	-0.622684335351868	1.13811855771454	-0.458929360315246	0.943771550024109	1.11440984213837	-0.587015299402161	0.602562296667175	-0.234216836572571	0.317767546239929	0.658206758398132	0.642512934545593	0.368579287084656	-0.146366809533997	0.203709338354187	0.279645359472351	0.460868901647644	0.266802368383484	1.12397118619354	1.12935759091766	1.08569575540741	0.855050974523621	0.981141426122742	1.0172817395993	1.13141675528534	0.355357997533875	-0.330291346826477	0.279444200780945	-0.50697161379425	0.216334244787293	1.10279136173065	1.00863424277313	0.638158041357117	0.990603482153015	0.723042080602722	1.12923832382782	-0.564036312158508	1.05970043076141	1.04121918796356	0.421113412572937	0.764895889745789	0.42167812851532	0.0794205816403199	0.76393912851532	0.42167812851532	0.525807105034851	0.960342255507507	0.321895714624695	0.298391143874695
DPF1-cg27493151-19-38701994	-0.168060597680969	0.429921907079773	0.428626741308289	0.541327083105164	0.521632325475769	0.404740491064148	0.512153669225769	0.191330604528503	0.522832439184265	0.185302692724304	0.294333539526062	0.624925965185242	0.46080798801239	0.549412232519226	0.264390608739929	0.350607703283386	0.895763232763367	0.545707894201355	0.390881278356628	0.42538313431366	0.427221684545593	0.386786101659851	0.544680265600281	0.35900703677948	0.456460724767761	-0.126455185693664	0.438728710241394	0.177863685644226	-0.108720743677063	0.436375053014832	0.502777220678406	0.443598106054382	-0.38088468789093	0.415974205175476	0.514088287145691	0.303134197485046	0.453642489599304	0.487943348058777	0.434410944128113	-0.214054189111633	-0.218748806299133	-0.0579855941409302	0.414380582006531	-0.0167800654544067	0.870582837926941	0.446225985815125	0.474894006933289	0.0530215491085815	0.0805980158444214	0.40411483365448	0.434613238378601	0.406222402868347	0.172718621984558	0.822932073583679	0.429124387060242	0.441556402746277	-0.158605355005188	-0.0783256993655396	0.472645848241882	-0.313271966333313	0.41084389224823	0.441378009191589	0.40467089023407	0.655569688818054	0.364734129613953	0.26195472806366	0.411792971288757	0.502559335302429	0.419569078222351	0.4383208354245	0.556762060033875	0.209870537206726	0.42167812851532	0.36313558164032	0.48022412851532	0.42167812851532	0.297420868636414	0.46998501910907	0.689592478226257	0.376018877476257
DST-cg05789595-6-56555274	0.0183885842037965	0.417291088964539	0.926579923193054	-0.340132735010071	0.519209507360535	0.426822672948914	-0.0674751488894654	0.446450786413269	0.437297621069031	0.43991687460907	0.663606721410828	-0.144135852929993	0.478233169897156	-0.330104585596008	0.985480790624695	0.456316885168152	0.201406414648132	0.457346076086121	0.503505460241394	0.688596316198425	-0.417462133569641	0.439044283544617	0.472661447485046	0.626995218664246	1.20973290665253	0.125999996191101	0.37779389212616	0.127078867528992	0.510002438207703	1.0283842348996	-0.328028597436829	0.407775287939148	-0.402700506006164	0.401893387060242	0.458775469030457	0.300130379369812	0.38913667148407	-0.228572470056458	0.158482126012878	0.597368992773132	0.130802375585632	0.472912587743835	0.456192763891296	-0.0625988835696411	0.669806019811707	0.38492216769989	-0.435877811181946	0.499695730993347	0.0487311977291871	0.414386015539246	0.725655420263367	0.400610584753113	0.149996803869324	1.10519325546844	0.402053568945007	0.408255584631043	0.466637826879578	0.672017482519226	0.279262030126648	-0.236453784448547	0.382462074132996	0.443429191076355	0.696885072118835	-0.0185421292971801	0.574302311498718	0.827268909948425	0.658472153173523	0.456679517187195	0.412896260107117	1.08661401730927	0.29832024191864	0.0660067190914917	0.42167812851532	0.40015708164032	0.44320262851532	0.42167812851532	0.326124651995789	0.524644802468445	-0.0732297384143677	0.678556212835632
DTX4-cg05415131-11-58940866	0.409150070653992	0.325224575414734	0.74751740964325	0.464559751440124	0.49914699381073	0.318740159399109	0.40018033756073	0.0116722728634643	0.340401107519226	0.421457361059265	0.184947207861023	0.430448633520203	0.959413656347351	0.403300900854187	0.69937327707489	0.363604371618347	0.619082901098328	0.411095562536316	0.375236946691589	0.306657802648621	0.431032352880554	0.306402769994812	0.395778933935242	0.323904705114441	0.341579393102722	0.646275482641296	0.314462378576355	0.649722353979187	0.406089924657898	1.16824672134979	0.412518889013367	0.354242774389343	0.439041980444031	0.304335873510437	0.393609955480652	0.936223865820007	1.19523515793427	0.423091016393738	0.745273612463074	0.532862479223328	0.452408862035828	0.745849074194031	0.616374250341492	0.611716602880554	0.813082506261902	0.278736654150085	0.42007967526825	0.376830217443542	0.920735684179382	0.427978501989441	0.571495906713562	0.353789071203308	0.910799290319519	0.80282674191864	0.803923055395203	0.314702071081238	0.433249313329773	0.544846968969421	0.407015516576843	0.127109702001648	0.681327560583191	0.39807667752655	0.176605558569031	0.469041357153015	0.966032797948913	0.731743396398621	0.301342639623718	0.37041200363739	0.333381746557312	0.92981550375946	0.417533728368835	0.365641205541687	0.42167812851532	0.58593008164032	0.25742962851532	0.42167812851532	0.834414055675476	0.281398206148132	0.42138866526532	0.42154859651532
DUOX1;DUOXA1-cg08328777-15-45422004	-0.32705803139679	0.625457473363953	0.387802307592468	0.338515649389343	0.469206891759949	0.428037057348328	0.484018235509949	0.268137170812683	0.497483005468445	0.569688259008484	0.320736105810242	0.543879531469421	0.41325855429657	0.481666798803406	0.277591175024109	0.552405269567566	0.421869799047546	-0.306461539514465	0.415900844640808	0.439530700597839	0.537594250829773	0.458356667944031	0.456091831884461	0.40349760306366	0.424146291051941	0.589373380590515	0.411358276525574	0.605732251928406	0.469029822607117	0.482866619299011	0.523125786962585	1.08040867233856	0.55444487839325	0.415447771459656	0.537972853429871	1.04752576376923	0.417560055883484	0.515282914342956	0.603180510412292	0.657384377172546	-0.378124240014954	-0.0164710278567505	0.38815814829071	-0.0462564991702271	0.0480464042111206	0.384456552099304	0.522610573217468	0.362764115392761	0.0947925821286011	0.42196939993866	0.417054804662781	0.399248969152527	0.429308188268738	0.290495639867859	0.418371953344421	0.421622969030457	0.573714211278992	0.41932586691864	0.494011414526062	0.312573599950867	0.43758245853241	0.418610575475769	0.28659445651825	0.632481255102234	1.16197069589813	0.254968294347839	0.411997537572937	0.500660901586609	0.421709644506531	0.414909401708679	0.365339626318054	1.00228310349091	0.42167812851532	0.59266508164032	0.25069462851532	0.42167812851532	0.798221478042664	0.34344562851532	0.502587087632507	-0.0585954901174926
DUOX1;DUOXA1-cg19295951-15-45421998	-0.256676586938782	0.56632491782196	0.195082752050476	0.372480093847351	0.462597336217957	0.409760501806335	0.420646679967957	0.254708615270691	0.465505449926453	0.529502703466492	0.28651455026825	0.548799975927429	0.390433998754578	0.457698243261414	0.260469619482117	0.507023714025574	0.420939243505554	-0.338411095056457	0.392408289098816	0.546432145055847	0.511754695287781	0.433328112402039	0.447988276342468	0.385246047521667	0.403486735509949	0.505528825048523	0.390757720983582	0.639526696386414	0.535081267065125	0.756540063757019	0.529092231420593	1.27427611679657	0.533044322851257	0.398232215917664	0.475426297887878	1.07210520822723	0.389898500341492	0.486653358800964	0.5732479548703	0.639652821630554	-0.407171795556946	-0.0407085833987427	0.669411592748718	-0.0314260547122193	0.0663248486691284	0.366676996557312	0.487650017675476	0.453655559850769	0.0763440265866089	0.406618844396668	0.457615249120789	0.403073413610535	0.665002632726746	0.264903084325867	0.397673397802429	0.402281413488464	0.533283655737	0.508136311376648	0.46642685898407	0.359527044408874	0.401926902990418	0.401970019933777	0.267294900976257	0.563688699560242	1.10042814035614	0.308651738805847	0.388941982030945	0.470632346044617	0.401598088964539	0.398258846166687	0.420583070776062	0.978304547948914	0.42167812851532	0.57418908164032	0.26917062851532	0.42167812851532	0.434145651995789	0.416623802468445	0.559472261585632	0.248224770835632
DUSP5P-cg26859841-1-228784104	0.448128823461609	0.345506328222351	0.356865162450867	0.299149504247742	0.472066746618347	0.354127912206726	0.441161090368347	0.752738025671081	0.425587860326843	0.462595113866882	0.18986896066864	0.53425338632782	0.349081409154968	0.468989653661804	0.183766029882507	0.429862124425964	0.687686653905945	-0.278410684656067	0.736608699499206	1.04897555545624	0.397788105688171	0.488123522802429	-0.060034313257141	0.300781457922058	0.719470145910339	0.565330235448914	0.392125131383972	0.749631106786804	0.355556677465515	1.10030547415741	0.186950641820984	0.31945752719696	0.419284733251648	0.330596626318054	0.410330708288269	0.891758618627625	1.12608691074188	0.416964769201355	0.677956365270691	0.494830232030945	0.306161614843445	0.741316827001648	0.897349003149109	0.651686355688171	0.134121259069519	0.389013406957703	0.381982428075867	0.24238397025116	0.420711436987	0.451746254797058	1.16230265952118	0.363294824010925	0.899419043127136	0.460434494726257	0.92676680820282	0.333761823888855	0.42012506613739	0.385440721777039	0.40909726938446	-0.387783545190735	0.357599313390808	0.520262430334167	0.190647311376648	0.534269109960632	0.839037550756531	0.739549149206238	0.901133392431335	0.404118756445007	0.401578499364929	0.345803256567078	0.502326481176453	0.0938859583493041	0.42167812851532	0.60400658164032	0.23935312851532	0.42167812851532	0.426948205628601	0.205865356101257	0.442629815218445	0.420725794468445
DUSP6-cg10077746-12-89743788	0.149542853490906	0.382157358251648	0.0392971924801638	0.145217534277039	-0.347797223352356	0.400376942236023	0.441882120397644	0.0860360557003785	0.42339489035614	0.450545143896179	0.301537990697937	0.348372416357117	0.595416439184265	0.400636683691101	0.787802059911804	0.164932154455261	0.714829683935242	-0.37465065462677	0.612330729528503	0.368644585485535	0.214388135717468	0.878319552831726	0.464178716772156	0.568812487951355	0.915264175939636	-0.15479773452179	0.888462161413269	0.540900136816101	0.098331707494812	1.23879350418671	-0.355936328149719	0.382143557226257	0.417288763280945	0.375160656347351	0.0903347383175659	1.05279664865692	1.23980194077118	-0.436342200769348	-0.0218296047000122	0.342317262060242	-0.281340355127258	0.783605857030945	0.882071033178406	0.475652385717468	0.793098289098816	0.330576436986999	0.414104458105164	-0.242389999719543	0.447054467016296	1.18199828482635	1.20311368955048	0.616520854040222	0.852970073156433	0.231741524755554	1.15025483823212	0.378452853918152	0.461454096166687	-0.161213248193665	0.316716299413757	-0.315829515161438	0.838180343420105	0.968386460363464	0.273845341405945	0.648759139989929	0.538107580785828	0.504535179235535	0.743763422460632	0.440912786474304	0.385885529394226	0.666961286596375	0.32286551120575	0.903936988378601	0.42167812851532	0.56741858164032	0.27594112851532	0.42167812851532	0.647665656128601	0.816243806601257	-0.0393527342815553	0.200008343968445
EBF1-cg11891579-5-158478533	0.302823778661804	0.306746283422546	0.776212117651062	0.423538459447937	0.467675701818542	0.297191867406921	0.360397045568542	0.573065980871277	0.0710378155270385	0.437681069067078	0.850960915868835	0.354205341528015	0.275757364355164	0.416477608862	0.683196985082703	0.42249707962616	0.66546760910614	-0.442366729455871	0.372718654699402	0.533942510656433	0.390471060888367	0.293304478002625	0.408396641943054	0.422255413122253	0.465372101110535	0.674869190649109	0.274112086584167	0.465652061987	0.45076563266571	0.278175429357605	0.419714597021179	0.302678482397156	0.338194688451843	1.08105358151825	0.403600663488464	0.96413457382782	1.22519586594208	0.39364072440155	0.737640320470886	0.47270918723114	0.19110557004364	0.445979782201843	0.221605958349304	0.639683310888367	-0.106923785730286	0.879390362157898	0.395032383276062	0.441173925451355	0.890122392187195	0.296379209997253	0.310483614721374	0.527926779211121	0.653209998327332	0.243213449926453	0.327333763403015	0.28386877908905	0.424188021337585	0.656703676977234	0.376103224584656	0.35752541000946	0.935862268591004	0.634676385534363	0.754005266576843	0.321900065160828	0.662772505956726	0.405785104406433	0.282292347631531	0.205863711645203	0.449955454565124	0.298202211767273	0.429852436376648	0.859680913549499	0.42167812851532	0.32401708164032	0.51934262851532	0.42167812851532	0.914258916175476	0.203070066648132	0.43993152576532	0.40300573601532
EBF4-cg05825244-20-2730488	0.454685856542664	0.512603361303406	0.0222221955319214	0.482610537328796	0.454832779699402	0.323484945287781	0.396721123449402	0.713690058752136	0.424103893407898	0.0441651469479371	0.902106993749695	0.465007419408875	0.515162442236023	0.445736686742859	0.195276062963562	0.195341157507019	0.765123686987	0.441238348424988	0.430628732580261	1.19984158853729	0.395786138769226	0.415576555883484	0.380203719823913	0.433034491003113	0.315582178991394	-0.00808573147003178	0.308663164465027	0.856636139867859	-0.40775228945343	0.516035507238464	0.476203674902039	0.301396560278015	0.412774766332703	0.389486659399109	0.420856741369324	0.446044651708679	1.24310194382294	0.41243580228241	0.174034398351746	-0.308377734888	0.4298016479245	0.0952868600827027	0.210764036230164	0.510081388769226	0.815197292150574	0.289710440038757	0.420471461156921	-0.285396996667786	0.702973470068054	0.544699287878113	0.338232692602234	0.72304385709198	0.251783076208191	1.09234752780731	0.465393841283874	0.41591185696991	0.403197099218445	0.597865754858093	0.408409302465515	0.28015048789032	0.302035346471863	0.585162463415222	0.256155344457703	0.646466143041687	0.428309583837585	0.490923182287292	0.34499942551239	0.350997789526062	0.424876532445984	0.527813289648132	-0.0857894857424927	-0.0228650085696412	0.42167812851532	0.39107558164032	0.45228412851532	0.42167812851532	0.0431954901364136	0.44675564060907	0.502075099726257	0.399248255976257
ECEL1-cg01869243-2-233350363	0.186895832861023	0.384250337621765	0.694695171850281	0.378229513647156	0.0699127560177612	0.34628692160614	0.370312099767761	0.0384720350704956	0.342282869726257	0.414594123266296	0.218435970068054	0.386980395727234	0.360385418554382	0.380360663061218	0.982531039281921	0.438303133825378	0.657503663305359	0.312661324743347	0.980496708898621	0.333338564855652	0.437472115087585	0.336808532201843	0.356069696142273	0.297710467321472	1.12597015530975	0.150049244848328	0.331116140783386	0.608085116186218	0.382031686864929	1.11987748355682	-0.398958348779602	1.23998053659637	-0.467029257348938	0.420644635717468	0.378758717687683	0.673137628027038	1.2653399201413	0.422230778600769	-0.0682216253298951	0.576270241430359	-0.078796375757141	0.024229836401062	0.538044012548523	0.576231365087585	0.824065268468933	1.21457941635712	0.450222437475281	0.392135979650574	0.947686446386414	1.14876526419647	0.731104668920593	0.349699833410339	0.95325305252655	1.07205450412567	0.517827817602234	0.960620833288269	-0.409173924463196	0.0874407311764525	0.409119278783874	0.549634464208679	1.24619632279022	1.13245643973358	1.06622932077606	0.483481119360046	0.235380560155945	0.713186158605652	1.06678040183075	0.380428765844421	0.425001508764343	1.08266826596649	0.398114490575867	0.814102967748718	0.42167812851532	0.52512058164032	0.31823912851532	0.42167812851532	0.329783651995789	0.520985802468445	0.554336261585632	-0.137152611164368
EFHD1-cg02806452-2-233499070	0.470437576025086	0.409127080785828	0.922667915014343	0.413640256811218	0.204849499181824	0.445855664770203	0.421294842931824	0.231202778234558	0.44390661289032	0.474737866430359	0.267872713232117	0.479150138891296	0.378022161718445	0.474188406225281	0.981811782445984	0.451125876989441	0.665470406469421	0.41309506790741	0.644178452062683	0.389804308019714	0.418965858251648	0.387781275365906	0.419999439306335	0.439836210485535	0.392189898473816	0.44354898801239	0.399178883947449	0.174396859350281	0.460656430028992	0.880668226720886	0.442074394384461	0.385249279760437	0.467969485815125	0.381618378881531	0.286903460851746	0.243296371191101	1.26840366330536	0.470223521764832	0.469188117834168	-0.192627015405578	0.467540367406921	0.221689579565125	0.293422755712585	0.686766108251648	0.872945011632996	0.579678159521179	0.460197180639343	0.426104722814636	0.947468189550476	0.395062007360535	1.04955341208466	0.461854576574402	0.546650795690613	0.748625247289734	0.383382560766296	0.942353576452332	0.407906818700867	0.174947474340515	0.415869021947937	0.554180207372742	0.387283065954285	0.378455182897644	0.334940063940125	0.361778862524109	0.622091303320007	0.0389269017697145	0.370695144994812	0.403648509008484	0.393427251928406	0.414845009130554	0.468168233739929	0.0381117109127808	0.42167812851532	0.62089308164032	0.22246662851532	0.42167812851532	0.696684478042664	0.40426762851532	0.441765087632507	0.269922556882507
EFS-cg16585972-14-23835212	0.4151878354245	0.427667340185242	0.583388174413757	0.484385516210632	0.431202758581238	0.404592924169617	0.418989102331238	0.256373037633972	0.446310872289734	0.435519125829773	0.296275972631531	0.464484398290711	0.416504421117859	0.473254665624695	0.334402041845398	0.459519136388855	0.512471665868836	0.451925327306824	0.465212711462097	0.780267567419128	0.393728117651062	0.40365953476532	0.43005269870575	0.377507469884949	0.40640215787323	0.347317247411804	0.403418143346863	0.627528118749695	0.161415689428406	0.9779984861203	0.284188653783875	0.402113539159851	0.367038745214539	0.399460638280945	0.38270972025116	0.339346630590515	0.424523922704773	0.405692781164246	0.554896377233582	0.487532243993835	0.429619626806335	0.0283198389645385	0.719322015111999	0.604976367651062	0.83275627103241	0.367530418920593	0.437939440038757	0.47468198221405	0.63089544894989	0.409415266759949	0.39892767148407	0.405303835973816	0.249706055090027	1.08661650668915	0.44977982016571	0.416983835851746	-0.255023921899719	0.112806733739929	0.407591281347351	0.473138466772156	0.408254325353699	0.424249442297058	0.957802323339539	0.307251121923523	0.341533562719421	0.707058161169128	0.832455404394226	0.433053768407898	0.41152351132782	1.12791026852997	0.483322493139343	0.373631970312195	0.42167812851532	0.38491958164032	0.45844012851532	0.42167812851532	0.517920105034851	0.713727255507507	0.329782714624695	0.125563268874695
EFS-cg18844382-14-23834977	0.424743687597351	0.651711192358093	0.787823026586609	0.457229368383484	0.576590610754089	0.419746776342468	0.397398954504089	0.340123889806824	0.429617724462585	0.494765978002625	0.290635824804382	0.451631250463562	0.39457027329071	0.414020517797546	0.92097089401825	0.364710988561707	0.103855518041687	0.452994179479675	0.534743563634949	0.40268641959198	0.500466969823914	0.405453386938171	0.421166550878601	0.4350613220578	0.399722010046082	0.123236099584656	0.398920995519714	0.640313970922546	0.353127541601257	0.446101338293152	0.430527505956726	0.406303391332703	0.53221859738739	0.403331490453796	0.397356572424011	0.209710482763367	0.400000774877624	0.402518633337097	0.678300229406433	-0.233017903833313	0.515910478979187	-0.0390513088626098	0.421004867284851	0.675263219823914	0.870836123205261	0.469153271093445	0.490767292211609	0.166404834386902	0.701750301122742	0.4165561189328	0.400747523656921	0.379207688146667	0.431372907262878	1.123367358862	0.402008672338562	0.407993688024597	-0.275428069726868	0.301773585912781	0.432659133520203	0.582197318945007	0.40784717752655	0.51122029446991	1.02767617551239	0.231903974096375	0.848075414892273	0.65692601334198	0.407650256567078	0.43538062058075	0.588453363500671	0.43979412070282	0.350037345312195	0.0485488224850464	0.42167812851532	0.60463508164032	0.23872462851532	0.42167812851532	0.229445978042664	0.43095812851532	0.415074587632507	0.428870849882507
EFS-cg19736128-14-23834710	0.532125483862	0.439075988622742	0.148756822851257	0.562546164648132	0.504109407018738	0.443960572607117	0.497637750768738	0.123445686071472	0.500623520727234	0.542602774267273	0.299968621069031	0.55484304672821	0.411520069555359	0.487110314062195	1.0786816902829	0.428909784826355	0.126485314306336	0.490827975744324	0.411334359899597	0.418052215856628	0.542335766088562	0.44180018320282	0.494856347143249	0.397581118322449	0.41478480631073	0.538172895849304	0.414708791784363	0.150610767187195	0.424923337865906	0.4303471345578	0.221123302221375	0.425990187597351	0.519456393652039	0.418653286718445	0.50695036868866	0.224085279028015	0.416609571142273	0.468824429601746	0.140130025671082	0.139305892431335	0.561511275243835	-0.0514585125979614	0.4728146635495	-0.050741983911438	0.18175991946991	0.386423067358093	0.535075088476258	0.46359763065155	0.32354609738739	0.424895915197449	0.52985631992157	0.394496484411316	0.186608703527527	0.333978155126648	0.41844546860321	0.420174484289246	-0.321867273462219	0.430100382177429	0.504474929784851	-0.288595884790344	0.449359973791199	0.416783090734558	0.286752971777039	-0.0452732296389771	0.773819211156921	0.0112018096066285	0.442242052831726	0.498217416845398	0.41975015976532	0.413409916967468	0.521652141576843	0.0627986187496948	0.42167812851532	0.45054758164032	0.39281212851532	0.42167812851532	0.182763478042664	0.38734562851532	0.458687087632507	0.544240536882507
EIF5A2-cg16450309-3-170626822	-0.166296924463196	0.408587580297546	-0.023250585473938	0.096401756322937	-0.451571001306457	0.531569164281921	-0.501970657556458	0.910928277746277	-0.485787887597961	-0.180590634057922	1.11580721274384	-0.152899361596985	0.970422661230164	0.378083905736999	0.943266281957703	-0.48027162349884	0.66533990598114	-0.397856432580872	1.1320909515744	0.466861807531433	-0.560015642236633	0.912293774877625	-0.428383061181946	0.506087709997253	1.22118939798553	0.689933487524109	0.336470383459167	0.953537358862	0.23905892954071	0.727969726232605	0.455515893896179	1.22871377927216	-0.386003014673157	1.21974487839325	-0.383231039636536	1.03770487070282	0.292977162817078	-0.40766797872345	0.825626617345886	0.02437048410614	0.17844386691864	0.767348079076843	1.0840282552243	0.704163607763367	-0.107438488855286	1.0598306590329	-0.396721319848938	-0.291281777673645	0.0619646890621948	1.12342050687225	1.17146691159637	1.14771707608612	0.861545295202331	0.546530746801453	1.18798106027802	0.56428507596405	-0.479855681787415	-0.0805220261477662	-0.0795624785403443	0.42540270688446	0.352247565466003	0.412679682409363	0.210002563451843	0.271854362035828	0.418440802831726	0.798567401281433	0.810851644506531	-0.514732991479797	0.480712751440124	0.583193508642273	-0.0135902667483522	0.879651210424499	0.42167812851532	-0.23573241835968	1.07909212851532	0.42167812851532	0.444794605034851	1.37927475550751	0.402908214624695	-0.0742628361253052
ELL3-cg24361265-15-44068668	0.256427130224304	0.379271634985046	0.0310674692135621	0.435757811010437	0.287160053381042	0.519354218969421	0.401886397131042	0.886386332433777	0.416527167089539	0.408636420629578	0.416571267431335	0.538923693090515	1.18767971591766	-0.1350790395755	0.379235336645203	0.40182143118866	0.81578696066864	0.439245622106628	0.542100006261902	0.684947862218933	-0.548155587549133	0.643576829565125	-0.304103006494446	0.591606764684753	0.534906452673035	-0.119342457788391	0.359649438146667	0.824825413549499	0.46913498422821	1.13211178092011	0.436169948583679	0.323675833959656	0.381935040014343	0.418068933080749	0.334249015050964	0.94477192539032	0.298268217504578	-0.51962692403595	0.777245672033386	0.51934353879364	0.35642492160614	0.291690133764343	0.438395309911804	0.677755662450867	0.307925565832214	0.517716713720398	-0.515064265161438	0.519654277013855	0.0440487437496949	0.499755561559753	0.319596966283875	0.702294130773621	0.758354349889832	0.272051801488953	0.409737114965515	0.79844013065155	0.423958372900085	-0.226093971460266	0.351502576147156	-0.433393238428039	0.353131620153503	0.490258737096863	0.224836618139343	0.442278416723328	0.213225857519226	0.753956455968933	0.665820699194031	0.400130063207703	0.518519806127624	0.488131563329773	0.493990787939148	0.831421265111999	0.42167812851532	0.30749108164032	0.53586862851532	0.42167812851532	0.159389035636414	0.32722618610907	0.553668645226257	0.518777710476257
EMP3-cg06350544-19-48833535	-0.398111981347961	0.346525523412781	0.819322357641297	0.396897699438171	0.128024941808777	0.325304107397156	0.214551285558777	0.698919220861511	0.413268055517273	0.443301309057312	0.74597915585907	0.50999558151825	0.497728604345398	0.0540888488522339	0.754298225072937	0.397520319616394	0.753960849096375	0.142038510534363	1.04587789468964	0.367425750646668	0.352584300878601	0.321045717992859	-0.416486118066712	0.654580653112488	0.625482341100769	-0.231321569360657	0.868313326574402	0.768873301977234	0.467673872655945	1.06993866934784	0.0319938370114137	0.59818572238739	0.362792928442078	0.448397821508484	0.344225903478699	0.642014813818054	0.528592105932312	-0.178292035608215	0.726216560461121	0.537527427221374	-0.503512189966125	0.495566022192078	0.568600198339539	0.639639550878601	-0.0732215457400514	0.707262602148132	-0.508519376733704	0.476585165441589	0.856706632177429	0.327310449987488	0.805034854711609	0.428533019201355	0.790602238317566	0.720534689916687	0.871480003393249	0.369969019079285	0.38397426132782	0.324396916967468	0.21549846457489	-0.406373350000305	0.321748508581238	0.365212625524597	1.02895950656708	0.563949305151062	0.25518974594696	0.756544344396668	0.723979587621765	0.214501951635437	0.354538694555359	0.322819451757507	0.227642676366882	0.161319153539734	0.42167812851532	0.34225708164032	0.50110262851532	0.42167812851532	0.694366210675476	0.263254361148132	0.41723182026532	0.42570544151532
EMX2-cg19925204-10-119307692	0.499955274511414	0.441142779272156	0.966220613500672	0.0832819552975464	0.591122197668152	0.429338363256531	0.539404541418152	0.414808476720886	0.516312311376648	0.545262564916687	0.953478411718445	0.400924837377625	1.19642386020477	0.487786104711609	0.391693480932312	0.534692575475769	0.0479031049557496	0.230230766393738	0.422305150549011	0.862789006506043	0.504886556737976	0.881965973852234	0.560944137792664	0.361710908971863	0.392342596960144	0.734330686498718	0.399947582433777	0.212152557836609	0.10861012851532	0.392239925207214	0.367319092870789	0.447372978246765	0.342622184301453	0.410552077367859	0.394955159338074	0.251207069677429	0.396125361791687	0.51888822025116	0.207870816320496	0.435151683080749	-0.36434693410675	0.851254278051453	0.431346454198914	-0.0746281932620239	0.173070710119324	0.391418858007507	0.294787879125671	0.526673421300964	0.420685888036804	0.401797705846863	0.405378110570984	0.38780927506073	0.160651494176941	0.280687945776062	0.401577259252624	0.93529927493866	0.539417517187195	-0.129015827173157	0.509416720434265	-0.31312009414093	0.580442764440613	0.424436881383972	0.998601762426453	0.074516561010437	0.745644001806335	-0.00723439974395751	0.57692884348114	0.486709207494812	0.457958950414734	1.11359370761688	0.304377932226257	0.561637409399109	0.42167812851532	0.43929308164032	0.40406662851532	0.42167812851532	0.455854105034851	0.728827255507507	0.391848714624695	0.225155424874695
EMX2OS-cg02230593-10-119293083	0.434955682104187	0.458474186864929	0.911126021093445	0.0307013628903198	0.487610605260925	0.817420770849304	0.442925949010925	0.14006388431366	0.424886718969421	0.399777972509461	0.282929819311218	0.402301244970398	0.861535267797547	0.432552512304382	1.08591588852509	0.430420983068542	0.048468512548523	0.201826173986511	0.361984558141785	0.613011414098816	0.37827596433075	0.813308381445007	0.472694545385437	1.06176131656464	0.378071004552917	0.517913094091492	0.35952499002655	0.111549965429382	0.173129536108093	0.666484332799988	0.322678500463562	0.405157385839539	0.405150591894226	0.468854484960632	0.425286566930847	0.171286477270203	0.38798076938446	0.398783627843933	0.444281223913269	0.586601090673523	-0.363495526513977	0.767476685644226	0.388123861791687	0.422983214330749	0.486588117712097	0.424110265600281	0.416951286718445	0.343235828893738	0.129715295629578	0.369213113439636	0.371111518163757	0.632615682653503	0.619888901769714	0.608157353368835	0.437646666845398	0.388282682531433	0.454732924779968	0.0105755804196166	0.411299128027039	0.104554313451843	0.474022172033386	1.14864328897675	0.694389170019226	-0.0684630313967896	1.01086940939911	-0.0465999921511841	0.729205251073914	0.418243615087586	0.411035358007507	0.419254115209656	0.271606339819031	0.678176816991882	0.42167812851532	0.47991508164032	0.36344462851532	0.42167812851532	0.228444662175476	0.815752812648132	0.25405627176532	0.58888099001532
EMX2OS-cg16234557-10-119292062	0.441790471777039	0.338750976537781	0.768694810766297	0.428638152563171	0.525886394933777	0.351772560522156	0.463156738683777	0.627400673986511	0.431605508642273	0.418182762182312	0.66808360898407	0.40965103464325	0.969461057470398	0.436998301977234	0.430641678197937	0.413988772741394	0.00504230222137458	0.452523963659363	0.314185347814636	0.907691203771667	0.435086754003601	0.329225171117859	0.448122335058289	0.276765106237488	0.322066794225769	0.665290883764343	0.938620779699402	0.0474727551022338	0.100056325780945	0.348197122472839	0.449806290136414	0.40412017551239	0.448638381567078	0.616160274633484	0.349463356603699	0.705374266943054	0.317606559057312	0.423242417516785	0.0706640135861206	0.0487128803463743	0.428329263158874	0.772190475317078	0.481741651464539	-0.192981995996399	0.186944907384949	0.311488055273132	0.214532076391296	0.444021618566589	0.543984085302429	0.320289903112488	0.314022307836609	0.364214472326355	0.0806176914425659	0.489821143041687	0.332140456518249	0.337011472204285	0.48800771445282	0.399969370092468	0.43338591769989	-0.337998896875305	0.315091961706238	0.346527078649597	0.197618959692078	0.231338758276062	1.10990119907196	0.451576797521668	0.394792040746765	0.437900404760437	0.925964147680359	0.533616904882507	0.474451129491882	-9.39333526622788e-06	0.42167812851532	0.49365458164032	0.34970512851532	0.42167812851532	0.252700478042664	0.44065462851532	0.405378087632507	0.622564885882507
EN1-cg21811143-2-119599748	0.454859945409851	0.499032450170593	0.882606284399109	0.452116626195984	0.532459868566589	0.407379034154968	0.429249212316589	0.652547147619324	0.367061982275085	0.464746235815124	0.782843082616882	0.314168508276062	0.39015253110321	0.392853775610046	0.500785151830749	0.392360246374206	0.0702627758541871	0.414325437292175	0.780844821447449	0.45117467740448	0.451443227636414	0.397107644750671	0.420685808691101	0.4902045798703	0.391929267858582	0.665327357397156	0.420589253332214	0.136807228735046	0.434376799413757	0.440799596105652	0.404679763769226	0.404967649145203	0.32233285519989	0.401567748266296	0.443386830236511	0.776909740575867	1.26397603269012	0.451606891149597	0.0510184872189332	0.572910353979187	-0.368414263208313	0.13367994894989	0.361404125097351	0.353094477636413	0.0309223810177612	0.598408528905945	0.442074550024109	0.444429092199402	0.112701558935242	0.4003903767453	0.428503781469421	0.421460945959167	0.781609165075378	0.271337616674499	0.520063930151062	0.481366945837097	0.497382188085632	0.202536843725281	0.460128391332703	0.0894805767575073	0.40002143533905	0.41033955228241	1.04491043332489	0.158730231908875	0.362080672704773	0.63918627115448	0.398296514379578	0.462331878393249	0.394187621313171	0.38922737851532	0.438725603124695	0.0544820802975464	0.42167812851532	0.47144058164032	0.37191912851532	0.42167812851532	0.305043651995789	0.545725802468445	0.202652261585632	0.625518450835632
EN1-cg26990102-2-119606746	0.561229950536804	0.441940455297546	0.109858289526062	0.510761631322937	0.605841873693543	0.425662039281921	0.494987217443542	0.738455152746277	0.439253987402039	0.518175240942078	0.823373087743836	0.368345513403015	0.414441536230164	0.481474780736999	0.351175156957703	0.53948925150116	0.12729278098114	-0.0503735575808716	0.972184826574402	0.651685682531433	0.535547232763367	0.413049649877624	0.500678813818054	0.383804584997253	0.407422272985535	-0.0563856374758911	1.24661125845917	0.146888233862	0.51982680454071	0.420690601232605	0.566872768896179	0.422403654272156	0.257611860326843	0.48939975339325	0.514948835363464	0.44193774570282	0.492129037817078	0.52532989627655	0.0316134923458862	0.66090135910614	-0.26592825808136	0.841683954076843	0.367187130224304	0.214302482763367	0.0190303861447144	0.384419534032898	0.476466555151062	0.271371097326355	0.0949245640621948	0.417447381872253	0.414586786596375	0.392210951086121	0.188319170202332	0.276138621801453	0.437849935278015	0.41586695096405	0.540962193212585	-0.133437151147766	0.500681396459656	0.21137958188446	0.982768440466004	0.409348557409363	0.292149438451843	0.0869802370358276	0.719292677831726	0.450097276281433	0.666590519506531	0.312282883520203	0.422584626440125	1.16135138364227	0.227571608251648	0.0586970854244995	0.42167812851532	0.49826858164032	0.34509112851532	0.42167812851532	0.194560978042664	0.40130712851532	0.444725587632507	0.491027003882507
EN2-cg21497990-7-155255122	0.422351018407898	0.42170152316864	0.869437357397156	0.328210699194031	0.520232941564636	0.427852107153015	0.404209285314636	0.459807220617371	0.404712055273132	0.384152308813171	0.913029155614929	0.385081581274109	0.398792604101257	0.354293848608093	0.355199224828796	0.411343319372253	0.0682908488522339	0.493608510290222	0.422330894445496	0.415679750402527	0.48842530063446	0.437979717748718	0.374340881689148	0.386022652868347	0.400872340856628	0.684405430395203	0.441645326330261	0.570967301733093	0.432754872411804	0.889095669103699	0.346980836767273	0.402903722143249	0.206239928197937	0.701646821264343	0.410923903234558	0.438110813573914	1.00922810568817	0.445699964147644	-0.00213243978302008	0.651833426977234	-0.122131190210266	0.817180021947937	0.543858198095398	0.48996455063446	0.190754454015808	0.464665601903992	0.433754623022156	0.403167165197449	0.479582631933289	0.436852449743347	0.729223854467468	0.411398018957214	0.944158238073425	0.680798689672546	0.571791003149109	0.413695018835144	0.488861261083679	0.252307916723328	0.404841464330749	-0.314593350244446	0.487690508337097	0.400936625280457	0.273553506322937	0.527363304906921	0.31520174570282	0.356270344152527	0.398915587377625	0.428172951391296	0.407522694311218	0.414840451513367	0.446199676122742	0.0483031532955931	0.42167812851532	0.43686358164032	0.40649612851532	0.42167812851532	0.693683761175476	0.348863911648132	0.41367137076532	0.42926589101532
EPAS1-cg20623601-2-46526843	0.42492148398407	0.409449988744812	0.883591822973328	0.404838164770203	0.518216407140808	0.398678572729187	0.387347750890808	0.154012686193542	0.403553520849304	-0.358680225610657	0.362178621191101	0.407123046850281	0.412798069677429	0.413140314184265	0.477977690404968	0.462887784948425	0.429661314428406	-0.328506024133606	1.04118136002167	1.0581962159787	0.455555766210632	0.42181318332489	-0.0680806527346802	0.507881118444519	0.3998068064328	-0.165249104028625	1.20154779190643	0.413374767309265	0.450138337987976	0.384733134679871	0.431822302343445	1.22904118771942	0.476559393774109	1.14216828684052	0.43481436881073	0.203311279150085	1.23220457126434	0.457238429723816	0.435128025793152	-0.129265107446594	0.458060275365906	0.780937487524109	0.33788766367157	-0.117958983789367	-0.00665208040802007	0.930321067480164	0.445117088598328	-0.166437369226379	0.0801300975094604	0.397223915319519	0.39200532004364	0.451892484533386	0.581216703649597	0.586876155248718	0.392565468725281	0.423844484411316	-0.384926273340149	0.708585382299499	0.444285929906921	0.563003115331726	0.395967973913269	0.391144090856628	0.276841971899109	-0.0393902295169068	1.08230621127899	0.728961809728699	0.409061052953796	0.421267416967468	0.41656415988739	0.704161917089539	0.460452141698913	0.023763618871765	0.42167812851532	0.59028608164032	0.25307362851532	0.42167812851532	0.221681478042664	0.42067262851532	0.425360087632507	0.548630230882508
EPAS1-cg24046888-2-46526785	0.477050859594421	0.421784364355164	0.939537198583679	0.503743540380554	0.53759578275116	0.427005948339539	0.47034912650116	0.129290061803894	0.443718896459656	-0.333634850000305	0.316393996801453	0.530020422460632	0.422346445287781	0.467821689794617	0.32483506601532	0.514476160558777	0.311873690038757	-0.315766648523254	1.07083073563202	1.20182259158905	0.472430141820984	0.423583558935242	-0.125392277124329	0.375543494054871	0.401682182043152	-0.126965728418274	1.02734716751678	0.160338142919617	-0.0943682864016723	0.405567510290222	0.493654677953796	1.25473456332977	0.49033876938446	1.21894166245087	0.468297744421082	0.214057654760437	0.778258946874695	0.467539805334167	0.325921401403503	-0.146917731836243	0.506294650976257	0.82749086313446	0.332651039281921	-0.100398608179016	0.0160512952023316	0.389756443090515	0.483863464208679	-0.258056993616028	0.0833074731198121	0.413561290929871	0.405638695653992	0.385879860143738	0.507910079259949	0.36876853085907	0.409887844335632	0.427358860021667	-0.361804897729797	0.714998757909851	0.459137305517273	0.472986490942078	0.416004349523621	0.41858446646698	0.27440034750946	-0.0506448539065551	1.05935458688934	0.77962618533905	0.431252428564148	0.40965979257782	0.431740535497742	1.19009429269989	0.266562517309265	0.0652989944821167	0.42167812851532	0.57878108164032	0.26457862851532	0.42167812851532	0.203408478042664	0.38531062851532	0.460722087632507	0.561741243882507
EPAS1-cg25124739-2-46527098	0.440780344457703	0.407357849218445	0.85463168344696	0.414125025243835	0.516151267614441	0.40361543320282	0.412295611364441	0.165189546667175	0.394287381322937	-0.352886365137024	0.401393481664734	0.494460907323914	0.431449930151062	0.373621174657898	1.0190225508786	0.447248645422058	0.468680174902039	-0.274649163659973	1.0330042204953	1.09518107645233	0.419866626684265	0.417452043798523	-0.0619437922610473	0.472159978918152	0.419728666906433	-0.143255243554993	1.20206565238007	0.206688627782898	0.347823198461609	0.406697995153503	0.449105162817078	1.22564504819305	0.420651254247742	1.14492514731415	0.431239229284363	0.229905139623718	0.982153431737976	0.423426290197449	0.495214886266785	0.529038753027039	0.466031135839539	0.763185347997742	0.395529524145203	-0.119601123315735	-0.00018021993438716	0.365127927953796	0.418594949071961	-0.212208508752747	0.0560629579830934	0.409451775793152	0.392431180517273	0.533967345007019	0.59504556412323	0.577751015722351	0.413635329198914	0.440307344884949	-0.393303412866516	0.678737242773132	0.397436790380554	0.528392975805359	0.399574834386902	0.461285951330261	0.291482832372742	0.040202630956726	0.560090071752624	0.754042670202332	0.516704913427429	0.402250277441101	0.507739020361023	0.578649777563171	0.447815002172546	0.031836479345398	0.42167812851532	0.57076208164032	0.27259762851532	0.42167812851532	0.208387978042664	0.38256212851532	0.463470587632507	0.484686801882507
EPHB1-cg10791959-3-134516302	0.549759788427429	0.411973293188171	0.0979941274166872	0.279200469213562	0.589888711584168	0.430922877172546	0.473466055334167	0.166199990636902	0.515440825292664	0.555033078832703	0.378034925634461	0.58157335129364	0.504818374120789	0.514585618627625	0.276988994848328	0.507002089391785	0.625405618871765	-0.300734719690247	0.911985664465027	0.407131520422058	0.231084070653992	0.40917048776825	0.241331651708679	0.688997422887879	0.76116311087616	0.238018200414734	1.25190009634979	0.849751071752625	0.543082642431336	0.40969843912323	0.492709606786804	1.30129749216278	-0.402155301782532	0.404417591283875	0.455184673254089	1.07192558359344	1.2017208757077	0.519924734167175	0.146418330236511	-0.145878803003235	0.0118865798092653	0.519489791967468	0.340462968114929	-0.0471686793460082	0.0619692240353394	0.375107371923523	-0.0694126069583128	0.53458093521698	0.0769344019528199	0.410073219762878	0.418967624487	0.479646788976746	0.175193008092957	0.273980459692078	0.43794277316864	0.419633788854675	0.55030103110321	-0.145329313257141	0.494558234350281	-0.290165580224915	0.408046278356628	0.423804395299988	0.899099276342468	0.712254074926453	0.309912515722351	0.850827114172058	0.416966357397156	0.512882721410828	0.421492464330749	0.427993221532898	0.575219446142273	0.0743719233151245	0.42167812851532	0.49924058164032	0.34411912851532	0.42167812851532	0.270773128636414	0.33049027910907	0.562136738226257	0.515513617476257
EPHX3-cg17399362-19-15343345	0.476330000707703	0.383539505468445	0.42337833969696	0.466749681493835	0.551533923864441	0.41928608945282	0.486891267614441	0.861531202917175	0.505643037572937	0.528848291112976	0.404773137914734	0.536118563573914	0.349365586401062	0.486335830907898	0.209839207128601	0.507705301672058	0.127568831152039	0.531436492590027	0.6602438767453	0.901800732702332	0.462694282934265	0.385016700048523	0.520764863988953	0.376465635168152	0.354680323156433	-0.115626587304993	0.578687308630066	0.602610284032898	0.538239854711609	1.0416416514035	0.505068819067078	1.26885270444305	0.344580910497742	0.442717803564148	0.482864885534363	0.228154795873718	0.354787087987976	0.482116946447449	-0.0228464574832152	0.284826409277039	0.0951247920895386	-0.0223069957522583	0.276923180395203	0.253715532934265	-0.0318295636843872	0.348439584203796	0.382848605321961	0.546807147497253	0.637277614233093	0.362952432043152	0.613584836767273	0.342565001257019	0.42184722037323	0.628328671972351	0.366078985448914	0.357870001134949	0.186828243383484	0.500721899023132	0.465230446630554	0.288296632055359	0.371210490636902	0.369064607580261	0.910679488622742	0.0304232872067261	0.401875728002625	0.796519326452332	0.343447569677429	0.489523933691101	0.368404676611023	0.367306433813171	0.419500658422546	0.451622135595398	0.42167812851532	0.62607708164032	0.21728262851532	0.42167812851532	0.583974305675476	0.308927456148132	0.39328091526532	0.44965634651532
EPHX3-cg26010734-19-15344046	0.41251724960907	0.349952754369812	0.628513588598328	0.436758930395203	0.482633172765808	0.324727338354187	0.419921516515808	0.682307451818543	0.424778286474304	0.465897540014343	0.244646386816101	0.503590812475281	0.309024835302429	0.450503079809265	0.199227456029968	0.423836550573425	0.428685080053406	0.446742741491394	0.539969125646668	0.336217981603699	0.394305531835632	0.33136694894989	0.45608111289032	0.289148884069519	0.3125565720578	0.536262661596374	0.406745557531433	0.646252532934265	0.472208103612976	0.860375900304871	0.440425067968445	0.339734953344421	0.399080159399109	1.09080705246552	0.41497713443573	0.348926044775085	0.359906336889343	0.410279195348816	0.553325791418152	0.578378658178406	0.421813040990906	0.703177253149109	0.23304542929657	0.688328781835632	-0.0822413147830201	0.824094833105164	0.414300854223328	0.475284396398621	0.75573486313446	0.360563680944519	0.86165708566864	0.317942250158386	0.667101469274597	0.929323920873718	0.350302234350281	0.319389250036316	0.433129492284851	0.573698147924499	0.405487695531921	0.413021880956726	0.356127739538269	0.315996856481628	1.08036573752411	0.381896536108093	0.216968976903992	0.777724575353699	0.301984818578796	0.421060182592468	0.34889392551239	0.338621682714539	0.444925907323914	0.0184423844967651	0.42167812851532	0.58838658164032	0.25497312851532	0.42167812851532	0.791886622175476	0.194136772648132	0.42280023176532	0.42013703001532
EPO-cg20893717-7-100318190	-0.349599652368469	0.411433852392273	0.509749686620789	0.536048028417664	-0.020838729211731	0.401421436376648	0.509523614538269	0.0953765498410034	0.505044384496765	0.439617638036804	0.269412484838562	0.126022910497742	0.39772493332489	0.443191177831726	0.297199554052429	-0.220993351404114	0.307547178075867	0.446881839513855	0.443961223669128	1.06935407962616	0.272925629858093	0.393712046972351	0.525820210912781	0.82500098209198	0.804084670080261	0.696288759618835	0.980147655553894	0.566329630956726	0.524267201635437	0.389827998327332	-0.382965834009094	1.28720905136688	0.51688125742157	0.415826150487976	0.450099232458191	0.594774142797546	0.440043434911804	0.515030293371277	0.930413889440613	-0.255373243799133	0.440164139013367	0.85954135117157	0.320500527319031	-0.127007120141907	-0.00518721676055905	0.355648931127625	0.514359952245789	0.0626384944210815	0.0741739611569214	0.40166277896698	0.386475183691101	0.389609348180847	0.698836567297058	0.640132018896179	0.400223332372742	0.394112348058777	0.564022590307312	0.77103524594696	0.494180793554382	-0.003875021020813	0.39585683756073	0.566094954504089	0.25491883554657	0.427836634130554	0.502016074926453	-0.00733832662384032	0.383631916601257	-0.383768719385071	0.389963023534851	0.429168780736999	0.497040005346374	0.0548164825192261	0.42167812851532	0.59252308164032	0.25083662851532	0.42167812851532	0.247752849136414	0.31507199960907	0.535348458726257	0.530931896976257
ESPN-cg13356427-1-6520354	0.503565822729187	0.455873327489929	0.209316161718445	0.14410350351532	0.546226745885925	0.432780911474304	0.504489089635925	0.11055702493866	0.474367859594421	-0.00384888686553947	1.10864295993622	0.389573385595398	0.409811408422546	0.450252652929382	0.290624029150085	0.174805123693543	0.550700653173523	0.517256314611511	0.412129698766785	0.433774554723816	0.27643010495575	0.420309522070007	0.413793686010437	0.382260457189636	0.424828145177918	0.451312234716492	0.41800213065155	0.153724106054382	-0.215669323266907	0.468283473424988	-0.350297358911438	0.428306526464539	-0.102110267480774	0.418081625585632	0.476953707555847	0.244473617895203	0.41293791000946	0.502487768468933	0.626681364538269	-0.196634768701477	0.539678614111023	0.865223826269226	0.335276002416687	0.70879635495575	0.935237258337097	0.398545406225281	0.490100427343445	0.499391969518738	0.806914436254578	0.436390254064636	0.431519658788757	0.444111823278503	0.249452042394714	1.18055249399384	0.419748807470398	0.420386823156433	0.166093065404968	0.107576721044617	0.516544268652039	-0.294660545923157	0.435655312658386	0.418756429601746	0.285767310644226	0.0546771092282105	0.357477550024109	0.759457148473816	0.414704391698914	0.512420755712585	0.431385498632507	0.424801255834656	0.520516480444031	0.0921189576168823	0.42167812851532	0.53471558164032	0.30864412851532	0.42167812851532	0.486912105034851	0.561490255507507	0.360790714624695	-0.105568857125305
ESR1-cg18007957-6-152011666	0.386636582616882	0.429517087377625	0.87996492160614	-0.366147736596985	0.503860505773621	1.034025671362	-0.260605150476379	0.093206784826355	0.420349619482117	-0.0798171269778442	1.04223671982391	0.161189145483093	1.15108816831024	-0.331879587182922	0.336906789037781	0.444896883581238	0.0641774130612183	-0.336458925500793	0.97530245865448	0.807505314611511	-0.407686135156555	0.515013281957703	-0.327633554101868	1.00421321707733	0.870695905065613	-0.156898005395813	0.382465890539246	0.149639865942078	-0.181840563379212	0.381119233312683	0.128688400976257	1.24950428635223	-0.439522507593079	1.17227538547333	0.417694467443542	0.983144377782898	NA	-0.404948471643372	0.326978124425964	0.599705991186218	-0.0957196260012817	0.783606586156921	0.309009762304382	0.679395114843445	0.725016018224792	0.371157166112976	-0.43396981276886	0.438156729406433	0.0614981961422731	0.836267013952332	0.380233418676453	0.463665583166199	0.46710280228241	1.11166925388153	0.563837567358093	0.472798583044128	0.429520825292664	-0.094631519067688	-0.449031971460266	0.528289213964539	0.413308072546082	0.508632189489441	1.07694007053192	0.310638869115906	0.738586309911804	0.780969908361511	0.886028151586609	0.0556215156002808	0.846124258520203	0.446301015722351	-0.149837759668274	0.0643597175045776	0.42167812851532	0.47686658164032	0.36649312851532	0.42167812851532	0.245128426628601	0.863641577101257	0.0359360362184448	0.602545573468445
ESRRG-cg09106903-1-217309568	0.487922647070007	1.03146315183075	0.741615986059265	0.10703532785614	-0.113476429773254	0.421970735815125	0.460308913976746	0.07500184927948	0.420750683935242	0.443647937475281	0.276756784277039	0.511073209936218	0.405748232763367	0.354364477270203	0.912980853490906	0.477463948034363	0.0771994775143433	0.453321138952332	0.552529523107605	0.391042379064636	-0.0317590707034302	0.393868346410828	0.383622510351257	0.883719281530456	0.380017969518738	0.714242059057312	0.423306954992371	0.117770930395203	0.464185501073914	0.433351297765808	-0.0562795345706176	0.443030350805359	-0.399244443139954	0.377559449926453	0.440911531896667	0.940714442236023	0.377216734350281	0.458076592809753	0.0279461888790894	0.126357055639343	-0.122371561548157	0.520410650610046	0.547428826757507	0.66716717929657	0.859313082677917	1.1653212305661	-0.381821748315735	0.475970793859558	0.060886260595398	0.424444078405457	0.489004483129578	0.382964647619324	0.148116866735535	0.393846318334656	0.385075631811218	0.380682647497253	0.468721889745789	-0.166961454614563	0.414000092992859	-0.314848721582336	0.573149136999207	0.419806253942566	0.256502134985046	0.422616933569031	0.823255374364929	0.350273972814636	0.396220216039734	0.428540580053406	0.451438322973328	1.17974808017548	0.527818304784851	0.0527237819577026	0.42167812851532	0.48720408164032	0.35615562851532	0.42167812851532	0.283855478042664	0.47132362851532	0.374709087632507	0.638624626882507
ESRRG-cg25851789-1-217309794	0.445178694433289	1.20769819919403	0.0756820334225466	0.398070375219421	0.534397617590027	0.396290783178406	0.421299961340027	0.0808668966427613	0.423988731298523	0.250127984838562	0.26190883164032	0.4201152572995	0.378320280126648	0.433171524633484	1.02837790085419	0.456124995397644	0.101713524877625	0.361193186315613	1.06268557047089	0.378195426427918	0.406296976659851	0.384831393774109	0.437824557714539	0.681857328893738	0.688471016882019	0.694835106420593	0.370502002355652	0.117991977758484	0.406241548437195	0.433848345129089	0.432422512792664	1.22178539816864	0.428808604223328	0.375413497289734	0.403641579259949	0.980446489599304	1.27822878171356	0.451963640173035	0.349839236242371	0.127674103002624	0.486831485815125	0.805359697973328	0.360264874120789	0.582798226659851	0.848596130041199	0.355137277929382	0.474702299047546	0.410787841222839	0.135187307958679	0.386377125768738	0.855053530492859	0.368938694982605	0.169704914098816	0.984043365697937	0.3901156791745	0.389919694860535	0.47471493710907	-0.0119114072512818	0.45085414035614	-0.340344674219055	0.388301184362488	0.850992301305847	0.958620182348328	0.104149980932312	1.10470642172821	0.750098020177918	0.608303263403015	0.385335627416687	0.387907370336609	0.390898127538757	0.473425352148132	0.902121829320984	0.42167812851532	0.39157908164032	0.45178062851532	0.42167812851532	0.509869105034851	0.719987255507507	0.337833714624695	0.221614955874695
ETV2-cg01308827-19-36132627	-0.371430514062805	0.318186990697937	-0.0174661750735473	-0.411530833276673	0.496995409093933	0.464669574682312	0.368620752843933	0.0352776881466675	0.360528522802429	0.154700776342468	0.278667623144226	0.474474048803406	0.360671071630554	0.31027531613739	0.865093692358093	0.42003878690155	0.666357316381531	0.400292977819519	0.469372361974793	0.300471217931824	0.331222768163757	0.304295185278015	0.389353349218445	0.427656120397644	0.333061808385925	0.2343868979245	0.934222793859558	0.65365576926239	0.444755339941101	0.364249136632996	0.26548530429657	0.681462189672546	0.421705395727234	0.39474828879364	0.377641370763855	0.814621281103211	1.19316357321747	0.412350431676941	0.579705027746277	0.356880894506531	0.423174277319031	0.591777489477234	0.220086665624695	0.619127018163757	0.472393921545105	0.291631069433289	0.343957090551453	0.362196632726746	0.820664099462586	0.315392917272644	0.423657321996765	0.629243486486511	0.844127705602722	0.771914157201843	1.04134447067841	0.299997486364441	0.420967728612976	0.595297384252624	0.406125931860046	0.516172117284851	0.306133975866394	0.798665092809754	0.723821973852234	0.491473772436218	0.199082213232117	0.709231811681824	0.292954054906921	0.432762418920593	0.304741161840515	1.02166091904266	0.462216143652039	0.78320462082489	0.42167812851532	0.54109408164032	0.30226562851532	0.42167812851532	0.991922269675476	0.303499420148132	0.40711987926532	0.43581738251532
EVC2-cg01834022-4-5710411	0.495400470678406	0.407374975439148	0.900001809667664	0.503786151464539	-0.344011606164856	0.401219559423523	0.436474737585144	0.592738672887879	0.46804950754364	0.525479761083679	0.283858607885437	0.528974033544617	0.380750056371765	0.457005300878601	0.734367677099304	0.461835771642761	0.667484301122742	0.17317896256073	0.371311346716003	0.602649202673035	0.489805752904968	0.393477170019226	0.500463333959656	0.559886105138855	0.796808793127136	0.71638688266571	0.379662778600769	0.285044754003601	0.261441324682312	0.394863121374207	0.233234289037781	0.391922174413757	0.265406380468445	0.391854273534851	0.435084355505066	0.193681265844421	0.380757557958679	0.473991416418152	0.728932012487488	0.638505879247742	-0.141300737939758	0.194553474218445	0.559890650365906	0.375097002904968	0.726706906286316	0.3617420541745	0.493888075292664	0.491906617467957	0.500203084203796	0.394466902013855	0.383010306737976	0.377868471227722	0.650664690343933	0.397310141943054	0.388506455419617	0.399471471105652	0.446612713354187	0.598980368993836	0.471700916601257	0.570016102026062	0.395915960607605	0.385521077550964	1.03901795859344	0.536447757177429	0.315175197973328	0.379697796423035	0.379940039648132	0.436179403661804	0.387733146581726	0.398113903783875	0.23672212839325	0.473322605566101	0.42167812851532	0.62349858164032	0.21986112851532	0.42167812851532	0.485620605034851	0.305921755507507	0.362082214624695	0.505748629874695
EVX1-cg01357429-7-27285563	0.412524778661804	0.360326283422546	0.907886117651062	0.422239459447937	0.501040701818543	0.353302867406921	0.388924045568542	0.344865980871277	0.353479815527038	0.464272069067078	0.223454915868835	0.417968341528015	0.421554364355164	0.320621608861999	0.352894985082703	0.43148407962616	0.70237060910614	0.421663270544128	1.0761036546994	1.10197351065643	0.440199060888367	0.341911478002624	0.345008641943054	0.658763413122253	1.13375010111053	-0.199547809350891	0.332821086584167	0.673918061987	0.45409563266571	0.341985429357605	0.209008597021179	0.371446482397156	0.469685688451843	0.855620581518249	0.369522663488464	0.64477557382782	0.345222865942078	0.43089872440155	0.785059320470886	0.55003618723114	0.47218057004364	0.418810782201843	0.261287958349304	0.626876310888367	0.798780214269714	1.2159683621579	0.450647383276062	0.377566925451355	0.946146392187195	0.375860209997253	0.889507614721375	0.315791779211121	0.121708998327332	1.14276344992645	0.340736763403015	0.85353777908905	0.379879021337585	0.327273676977234	0.394290224584656	0.55943441000946	1.228785268591	1.11136138553436	1.08418026657684	0.548680065160828	0.236732505956726	-0.0762898955935669	0.331039347631531	0.407319711645203	0.339152454565124	0.338629211767273	0.468279436376648	0.870956913549499	0.42167812851532	0.61454408164032	0.22881562851532	0.42167812851532	0.170664978042664	0.37583612851532	0.470196587632507	0.572626739882507
EVX2-cg01749491-2-176948693	0.377741321508484	0.362791826269226	0.873868660497742	0.515932002294617	-0.300684755334778	0.357365410253601	0.459922588415222	0.0636195237179565	0.418428358373718	0.277029611913757	0.643388458715515	-0.203721115625305	0.637400907201843	0.503088151708679	0.310859527929382	-0.0508723775271607	0.0702051519528198	-0.278453186609192	0.604072197546082	0.380131053503113	0.437085603735046	0.346526020849304	0.487541184789734	0.960742955968933	0.357203643957214	0.661715733495789	0.331677629430847	0.0793196048336792	-0.37625382448761	0.369507972204285	0.472834139867859	0.833431025243835	0.214182231298523	0.457068124364929	0.441709206335144	0.1410631166745	0.359018408788757	0.45625126724823	0.378000863317566	0.56742273007782	0.22066511289032	0.478176325048523	0.652286501195984	0.719353853735046	-0.058450242883606	0.305968905004578	0.447092926122742	0.445355468298035	0.394727935033875	0.358420752843933	0.330450157568054	0.3303963220578	0.0908375411740112	0.211667992773132	0.790049306249695	0.48087332193573	-0.440425435815735	0.714242219823913	0.433406767431335	0.47048395285614	1.00678281143768	0.849971928381043	1.13212180942352	0.423207608007507	0.922990048803406	-0.0583243527468871	0.454286890478211	-0.283477745508117	0.546247997411804	0.700140754613953	-0.345393020776672	0.895559456396179	0.42167812851532	0.14633908164032	0.69702062851532	0.42167812851532	0.626867478042664	0.60125762851532	0.244775087632507	0.174127038882507
EVX2-cg07411620-2-176948759	0.402627761694031	0.351911266454773	0.707322100683289	0.423369442480164	-0.038048315149231	0.324150850439148	0.399715028600769	0.317294963903503	0.345866798559265	0.138929052099304	0.966893898901062	-0.169484675439758	0.49662334738739	0.419045591894226	0.999523968114929	0.443540062658386	0.0984675921383666	0.177612253576355	0.996505637731629	0.98085249368866	0.385651043920593	0.390923461034851	0.422296624975281	0.62647439615448	0.406974084142761	0.681036173681335	0.303546069616394	0.0751730450192259	0.203579615697937	0.635954412389832	0.425217580053406	0.341567465429382	0.41070167148407	1.09971156455048	0.415420646520691	0.503604556860046	0.523394848974304	0.403570707433777	0.795021303503113	0.540577170263367	0.379529553075867	0.73959276523407	0.558674941381531	0.516857293920593	-0.0703728026980592	0.292639345190124	0.418004366308289	0.333692908483582	0.809744375219421	0.55262019302948	0.555218597753601	0.336844762243347	0.078543981359558	0.209626432958679	0.397170746435242	0.500872762121277	-0.442684995630188	0.68859466000946	0.409314207616882	0.515292393041687	1.05066225162323	0.433370368566589	1.08909224960907	0.546454048193054	0.926865488988953	-0.0728839125613405	0.867862330663757	0.421646694677429	0.389693437597351	0.4382031947995	0.388424419408874	0.886856896581726	0.42167812851532	0.33224158164032	0.51111812851532	0.42167812851532	1.01475897804266	0.34654412851532	0.499488587632507	-0.322031824117493
EVX2-cg14118515-2-176948728	0.370366705663757	0.337051210424499	0.855576044653015	0.48506438644989	0.0958696288204955	0.323974794408874	0.455512972570496	0.30789290787323	0.446488742528992	0.336192996069031	1.09620384287079	-0.229978731470032	0.730237291357117	0.474332535863953	0.942166912084656	0.449230006628113	0.00414653610809324	0.379727197546082	0.894078581701355	0.421998437658386	0.39941198789032	0.333736405004578	0.444400568945007	0.516647340124207	0.506958028112488	0.684649117651062	0.306057013586121	0.0657889889889526	-0.119248440332336	0.632616356359558	0.432573524023132	0.335249409399109	0.418874615453796	0.592978508520203	0.437418590490417	0.157032500829773	0.819027792944031	0.425043651403503	0.558673247472839	0.125633114233093	0.392393497045593	0.691334709203796	0.497856885351257	0.56917823789032	-0.0833408587283324	0.277584289159851	0.420907310278015	0.413394852453308	0.670906319189148	0.369722136999207	0.333045541723328	0.313134706213074	0.0738869253292846	0.199276376928406	0.342637690404968	0.378113706091003	-0.457355051660461	0.700216603979187	0.418111151586609	0.516730337011414	1.10576419559296	0.621195312536316	1.1073191935788	0.626717992162781	1.10001143295868	-0.0634659685916139	0.958065274633484	0.384166638647156	0.369323381567078	0.539648138769226	-0.0444216366213991	0.880190840551452	0.42167812851532	0.33063608164032	0.51272362851532	0.42167812851532	0.613874478042664	0.31753962851532	0.528493087632507	-0.353797863117493
EVX2-cg15133351-2-176948732	0.309284649267273	0.355852154028015	0.722537988256531	0.455522330053406	0.331025572424011	0.31661073801239	0.424864916174011	0.384020851476746	0.416083686132507	0.357736939672546	1.0311327864743	-0.278131787866516	0.512873234960632	0.457346479467468	0.995216855688171	0.413536950231628	0.0997494797116089	-0.190092858850403	0.99361852530487	0.480964381261902	0.358634931493835	0.324795348608093	0.450740512548523	0.898093283727722	0.808047971716004	0.661114061254578	0.299905957189636	0.0743629325924682	-0.0389454967288208	0.491961299963074	0.334999467626648	0.322850353002624	0.360033559057312	0.816805452123718	0.350365534093933	0.190267444433289	0.456363736547546	0.398795595007019	0.734570191076355	0.547276057836609	0.377980440649109	0.719773652807312	0.296998828954773	0.528121181493835	-0.0898879151248169	0.278090232763367	0.391682253881531	0.455450796056824	0.863974262792664	0.479888080602722	0.366208485326843	0.349902649816589	0.0749988689328003	0.231857320531921	0.475849634008484	0.346382649694519	-0.448737108056946	0.681248547582703	0.398174095190124	0.445351280614929	0.853172139196472	0.432455256139832	1.08571013718231	0.668523935766296	0.916210376562195	-0.0407800249880981	0.572928218237	0.413481582250671	0.462978325170593	0.885238082372742	0.440519306982117	0.714565784154968	0.42167812851532	0.37082858164032	0.47253112851532	0.42167812851532	1.03773847804266	0.36556962851532	0.480463087632507	-0.328743296117492
EVX2-cg24683680-2-176948864	0.159698672948914	0.438578177709656	0.100018011938171	0.480093353735046	-0.337753403894348	0.407171761694031	0.442715939855652	0.392749875158386	0.220591709814148	-0.238954036645813	0.885404810155945	-0.210399764184875	0.395853258642273	0.448204503149109	1.03265787936981	-0.337257026086731	0.0840815033932495	0.334821164831238	0.478534548986511	0.440971404943542	0.391613955175476	0.438337372289734	0.468816536230164	1.03042330740936	1.19458899539764	0.562230084936218	0.383128980871277	0.469470956274109	0.46408652695282	0.406556323644714	0.378347491308289	0.427383376684265	0.447400582738953	1.18545247580536	0.412157557775574	0.202090468114929	0.398932760229187	0.39652961868866	0.0274622147579956	0.563928081518249	0.455724464330749	-0.0257073235110475	0.710598852636414	-0.0970797948245237	0.554991108556824	0.360485256445007	0.270052277563171	-0.206326180261535	0.214795286474304	0.809450104284363	1.18020750900848	0.93071167349823	0.975769892614441	0.289487344213562	1.18130865769012	0.44519667337616	-0.326777084375305	0.406741571264343	0.433462118871765	0.48333630429657	0.419600162878113	1.16931927982147	0.349207160863953	-0.0156350405520631	0.753013400243835	0.277403998693542	0.42497424191864	0.447537605932312	0.453749348852234	1.14838410605438	-0.285591669336243	0.0827098078366088	0.42167812851532	0.0994255816403198	0.74393412851532	0.42167812851532	0.593004605034851	0.870102755507507	0.254698214624695	0.139573169874695
EXPH5-cg22254463-11-108422663	-0.450594062646789	0.330652442113953	0.0451082763424683	-0.396111381860657	-0.154676139490051	1.22110902609833	0.443713204259949	0.356024139562683	-0.448733025781555	-0.0288317722415161	0.932076074560242	-0.249184499780578	1.20725552304657	0.428203767553406	1.03420614377411	0.238791238317566	0.370290767797546	-0.392378570764465	0.564225813390808	0.404389669347839	-0.542825780420227	1.21365563669403	0.39788080063446	1.04803257181366	0.646100259801941	0.688750349340515	1.19238224527557	0.904504220678406	-0.326623208642883	0.316295588049011	-0.358434244287414	1.03097364108856	-0.20482915285675	1.20739274020966	0.453604822179871	1.04129073251923	1.22107902463348	-0.482270116907043	0.552202479162293	-0.310360654077453	-0.512455271264953	-0.0981460591067502	1.02450611704071	-0.125507530420227	0.538671372961121	0.353304520849304	0.411747541967468	0.455744084142761	0.0191165508786011	0.38653636868866	1.07627977341278	0.764576937902527	0.978001157018738	0.167238608617859	1.21771992209442	0.632443937780456	-0.464937819971008	0.0134328356686401	-0.0856166167239378	-0.362323431299133	0.60508742728241	0.657943544225769	0.21795242526825	0.217754223852234	0.428860664648132	0.794328263097839	1.06158750632294	0.413518870336609	1.09477461325653	1.18633937045868	0.491843595068054	0.883127072240906	0.42167812851532	0.11763158164032	0.72572812851532	0.42167812851532	0.649763605034851	0.774774755507507	0.197939214624695	0.042448660874695
FAM115A-cg01030534-7-143579698	0.303584311864929	0.427114816625671	1.02432665085419	-0.333813007348938	0.618983235021668	0.426200400610046	0.536859578771667	0.589517514074402	-0.364494651269836	0.593769602270203	0.31247844907196	-0.0981941252688598	0.405372897558289	-0.280817857934875	0.280509518285828	0.545371612829285	0.348247142309265	-0.337965196252747	0.418702187902527	0.406923043859558	-0.420944405908508	0.421126011205749	-0.307687824853821	0.400159946325378	0.40760863431366	-0.115574276147766	0.592934619787292	0.327566595190125	0.590840165868835	0.40920496256073	0.570030130224304	0.423239015600281	0.548219221654968	0.409440114721374	0.554519196691589	0.259475107030945	1.2159583991452	-0.395077742395325	0.883364853674011	0.680819720434265	0.558893103246765	0.879809315404968	0.822568491552429	-0.101178155908508	0.949316747472839	1.14864389536102	0.538108916479187	0.58473645865448	1.04714492539032	0.420945743200378	0.454374147924499	0.399057312414246	0.171625531530457	0.270810983129578	0.42609729660614	0.411706312292175	0.580826554540711	0.681184210180359	0.519537757787781	0.646666943212585	0.421770801794128	0.409167918737488	0.277062799779968	0.663041598363953	0.340307039159851	0.887659637609558	0.964450880834656	0.527505244848328	0.41115698776825	0.414706744970398	0.454815969579773	0.0643524467526245	0.42167812851532	0.37330558164032	0.47005412851532	0.42167812851532	0.819082978042664	0.44077512851532	0.405257587632507	0.379173902882507
FAM115A-cg03225210-7-143579951	0.0129228354244995	0.330375340185242	0.789654174413757	-0.431121483789368	0.520718758581238	0.343860924169617	0.421686102331238	0.327296037633972	-0.463940127710266	0.480281125829773	0.214939972631531	0.17298739829071	0.361946421117859	-0.388520334375305	0.215433041845398	0.444051136388855	0.504187665868835	-0.431408672693176	0.307120711462097	0.314341567419128	-0.522629882348938	0.45089553476532	-0.398681301294251	0.279964469884949	0.32982415787323	-0.214450752588196	0.745762143346863	0.461927118749695	0.478957689428406	0.3160004861203	0.457886653783875	0.330536539159851	0.437992745214539	0.718537638280945	0.42237972025116	0.355709630590515	1.10855092270477	-0.488080218835754	0.793381377233582	0.586396243993835	0.450462626806335	0.781845838964539	0.899129015111999	-0.198704632348938	0.84911727103241	1.08897641892059	0.430593440038757	0.45366298221405	0.93649444894989	0.318134266759949	1.19668567148407	0.296808835973816	0.133934055090027	0.173502506689148	0.781989820165711	0.311709835851746	0.468288078100281	0.580423733739929	0.390799281347351	0.529525466772156	0.320480325353699	0.421552442297058	0.179580323339539	0.532324121923523	0.245606562719421	0.781734161169128	0.997018404394226	0.430840768407898	0.31389651132782	0.315275268529968	0.424439493139343	0.864062970312195	0.42167812851532	0.46301458164032	0.38034512851532	0.42167812851532	0.764951978042663	0.58056412851532	0.265468587632507	0.257727740882507
FAM115A-cg03514404-7-143579665	0.209301049169617	0.428916553930359	1.00629738815887	-0.317932270044251	0.549138972326355	0.435747137914734	0.539280316076355	0.461716251379089	-0.364398913965149	0.60736833957489	0.316895186376648	-0.189531387964172	0.410463634862976	-0.265236120630188	0.274797255590515	0.551179350133972	0.205760879613953	-0.331398458948059	0.421210925207214	0.413335781164246	-0.418808668603821	0.428929748510437	-0.306367087549133	0.396378683630066	0.408535371618347	-0.0935955388430786	0.44627635709198	0.398786332494812	0.509121903173523	0.410560699865417	0.573668867528992	0.422117752904968	0.544626958959656	0.415689852026062	0.545466933996277	0.329712844335632	1.19738113644989	-0.394876005090637	0.872001590978699	0.567373457738953	0.557670840551453	0.870560052709656	0.582436228857117	-0.0972604186038206	0.951505484777527	0.65277563266571	0.532915653783875	0.551935195959167	1.03621266269501	0.418754480505066	0.485810885229187	0.403120049718933	0.203528268835144	0.273281720434265	0.422388033910828	0.421071049596863	0.584483291845398	0.640742947485046	0.526894495092468	0.640643680517273	0.421928539098816	0.413124656042175	0.277453537084656	0.55134133566864	0.452221776464539	0.638155374914246	0.623723618139343	0.543542982153015	0.418501725072937	0.415560482275085	0.39472170688446	0.068347184057312	0.42167812851532	0.39311258164032	0.45024712851532	0.42167812851532	0.485167605034851	0.531220755507507	0.362535214624695	0.312338485874695
FAM169A-cg07222505-5-74161231	-0.347130950586243	0.4681475541745	0.937099388403015	-0.38643026980011	0.498750972570496	0.453449138158875	0.450548316320496	0.13698025162323	0.462094086278992	0.449843339819031	1.07031918662079	0.328610612279968	0.389962635107117	0.463509879613953	0.261722255834656	0.440016350378113	0.646052879858093	-0.354257458703918	0.367773925451355	0.431308781408386	-0.44042166835968	0.569224748754578	0.0446249126950073	0.850521683874207	0.414718371862488	-0.150147538598938	0.564845357336121	0.483113332738953	0.413496903417664	0.379244700109558	-0.398968132226868	1.00071875314911	-0.428113040796203	0.737448852270203	-0.338064065759582	0.961425844579773	0.372817136694031	-0.406212004846497	0.0397435912228393	0.635371457983093	0.452307840795593	0.774749052953796	0.428912229101257	-0.14165041835968	0.787522485021667	0.362639632909851	0.429362654028015	0.515135196203308	0.091868662939148	0.483528480749207	0.366880885473328	0.531159049963074	0.927069269079285	0.239441720678406	0.832627034154968	0.414978049841003	0.492248292089539	-0.149197052270813	-0.435045504663391	-0.305072319238586	0.407996539342957	0.461705656286316	0.369365537328796	0.740261335912781	0.742146776708679	0.305639375158386	0.402167618383484	0.469430982397156	0.414740725317078	0.414486482519226	0.431592707128601	0.167443184301453	0.42167812851532	0.29523858164032	0.54812112851532	0.42167812851532	0.787337796675476	0.332434947148132	0.50839440626532	0.33454285551532
FAM181B-cg19320476-11-82443592	-0.379062749536438	0.405565755224304	0.11162658945282	-0.372519068750305	-0.0264288263796997	0.397862339208679	0.4329115173703	0.265545452673035	0.434186287328796	0.486031540868836	0.875748387670593	0.326528813329773	0.415834836156921	-0.351629919336243	0.375708456884461	0.458349551427918	0.655220080907898	-0.354012257654114	0.90569312650116	0.386601982458191	-0.452909467309876	0.393769949804382	-0.358967886255188	0.903755884924011	0.384317572912293	0.251232662450867	0.389507558385925	0.263228533788757	0.433333104467468	0.947608901159363	0.477418068822937	0.392501954198914	0.492987160253601	0.386417053320007	0.415341135290222	1.00356504562958	1.26185033774384	-0.420818803796692	0.722532792272644	0.552286659032898	0.526832041845398	0.731633254003601	0.359633430151062	0.627448782690125	0.209870686071472	1.23186683395966	0.51560185507782	0.397871397253113	0.663110863988953	0.427835681799011	1.04390808652313	0.370960251012878	0.634716470129089	0.27011792172821	0.396172235204773	0.398213250890808	0.493050493139343	0.679183148778992	-0.450645303613586	-0.150018118188782	0.993447740392761	0.522573857336121	1.0284537383786	0.480367536962585	0.567541977758484	0.728446576208191	0.393381819433289	0.46105418344696	0.388452926366882	0.470526683569031	0.372739908178406	0.933977385351257	0.42167812851532	0.34861858164032	0.49474112851532	0.42167812851532	0.202558163136414	0.40845031360907	0.536832772726257	0.437553582976257
FAM193A-cg07265976-4-2696715	0.415099848852234	0.377175353612976	0.0148181878414918	0.423629529638367	-0.00782922799102775	0.607056937597351	-0.477182884241028	0.897787051061707	0.426958885717468	-0.166287860742493	1.07103198605927	0.556659411718445	0.476214434545593	-0.399499320947571	0.381846055273132	-0.481930850183411	0.67450267929657	-0.254370659265442	0.964183724889832	1.09906858084686	-0.567229868921204	1.19544754819305	-0.398744287866516	0.620485483312683	0.844131171300964	-0.227946739160461	0.364789156774597	0.93456013217743	-0.12737229714386	1.19847349954803	-0.233957332788391	0.802195552587586	-0.450667241357727	0.579143651708679	0.274378733678894	1.01221064401825	0.438357936132507	-0.49324120540802	-0.083443609338684	-0.37389774257843	-0.54915635976593	-0.159200147607727	0.477070028539734	0.304053381078796	-0.106885715539856	0.262685432348328	-0.534464546533508	0.513065995641785	0.843108462377625	0.448245280187683	1.1826406849118	0.85247284940155	0.921496068517761	1.02888352011688	1.14853183359345	0.81416584927948	-0.498438908471985	-0.207754252832336	0.276069294775085	0.41851548019989	0.338514338781433	0.962751455724793	0.223947336767273	0.734336135351257	0.358475576147156	0.786265174596863	0.59460841782196	0.367524781835632	0.716219524755554	0.499858281957703	0.508891506567078	0.157353983739929	0.42167812851532	-0.22142941835968	1.06478912851532	0.42167812851532	0.698056105034851	0.909009255507507	0.149646714624695	-0.586308109125305
FAM46A-cg22388948-6-82460558	-0.372010830713196	0.537744674047546	0.0927215082760621	-0.350511149927063	0.512483092443543	0.499271258031921	-0.358541563806458	0.318985371496277	0.477940206152039	-0.129327540307922	0.368041306493835	0.0430237321530152	0.489243754980164	-0.339057000513	0.303012375707703	0.46484047025116	0.75178699973114	0.475650661169128	0.599267045324402	0.473916901281433	-0.444080548486633	1.16997586862762	-0.331157967431946	1.11301380374725	1.23488349173553	-0.114064418725891	0.433292477209167	0.592634452612	0.529338023290711	1.2513028199826	-0.273893012353821	0.481377873022156	-0.420739920923157	0.54895597214325	-0.356968945886536	0.21879596445282	0.406021256567078	-0.29955288497345	0.00533071109588629	-0.21825742214386	-0.41612603933136	0.457784172826843	0.410395348974304	0.686324701513367	0.0107966048947144	0.402342752782898	-0.419539226098938	0.555317316076355	0.109105782812195	1.26866860062225	0.406843005346375	0.553446169836121	0.170723388952332	1.11779484055145	0.546001154028015	0.62708016971405	0.469498411962586	-0.0737309323977661	-0.429315384790344	-0.32345019936554	0.400200659216003	1.14937277615936	1.07334865720184	0.714265455785828	0.392973896581726	0.771434495031433	0.442727738256531	0.387488102270203	0.613511845190124	0.490555602392273	0.545108827001648	0.0521893041744995	0.42167812851532	0.52296058164032	0.32039912851532	0.42167812851532	0.380266105034851	1.06611625550751	0.467436714624695	-0.161441106125305
FARP1-cg10805850-13-98794470	-0.413744823511047	0.377742681249695	0.921575515478211	0.388758857275085	0.255557099645691	0.32819726523407	0.402768443395691	0.688898378698425	0.454246213354187	0.479940466894226	0.214195313695984	0.565467739355163	0.367992762182312	0.427332006689148	0.257534382909851	0.460837477453308	0.721989006933289	0.448994668371277	0.71303705252655	0.387794908483582	-0.523660541284485	0.315779875829773	-0.00376096022979738	0.444970810949402	0.347881498937683	-0.160258411523743	0.968042484411316	0.0627134598141479	0.484365030492859	1.18595382718475	0.441158994848328	0.350366880224304	0.421387086278992	0.465785979345398	0.402780061315613	0.960034971654968	0.983104263769226	0.422732122228699	0.833953718298035	-0.284308414941711	0.101549967870789	-0.148930819971008	0.627291356176453	0.552490708715515	0.517789612096863	1.09296775998505	0.419557781103211	0.462895323278503	0.909590790014343	0.404412607824402	0.346820012548523	0.492103177038269	0.90875539615448	0.193325847753601	1.05222216123016	0.452882176916199	0.176758419164734	-0.232289925195618	0.416019622411804	-0.407439192163391	0.354037666418152	0.378598783361511	0.179789664403992	0.397034462987976	0.319689903783875	0.792638502233581	0.368189745458679	0.425789109472351	0.357743852392273	0.593861609594421	0.500576834203796	0.865038311376648	0.42167812851532	0.64980058164032	0.19355912851532	0.42167812851532	0.576076361175476	0.320232511648132	0.39730097076532	0.44563629101532
FBRSL1-cg05617413-12-133065912	0.403243421850281	0.358501926611023	0.778403760839539	0.384488102636414	0.292767345007019	0.357462510595398	0.364646688757019	0.622514624059753	0.372833458715515	0.426966712255554	0.223100559057312	0.464279984716492	0.35374600754364	0.373584252050476	0.949556628271179	0.386540722814636	0.641968252294617	0.410903913732605	0.346765297887878	0.38505315384491	0.446061704076843	0.346291121191101	0.0814062851315309	0.66051905631073	0.340303744299011	0.607922833837585	0.336163729772644	0.680012705175476	0.395993275854187	0.382012072546082	0.430081240209656	0.385410125585632	0.47452833164032	1.10402822470673	0.385986306676941	0.861266217016296	0.343316509130554	0.362565367590027	0.782747963659363	0.534928830419617	0.466363213232117	0.70045642539032	0.617458601537781	0.580799954076843	-0.0419491425418092	0.976635005346374	0.431881026464539	0.367587568639832	0.910831035375671	0.35208785318573	0.916289257909851	0.589804422399597	0.805149641515808	0.208788093114929	0.574480406591492	0.344229422277527	0.450464664526062	0.636996320165711	0.401563867773132	0.522262053197937	0.34832191177948	0.347776028722839	1.02304490976532	0.426084708349304	0.593185149145203	0.66790174759491	0.339671990820007	0.415584354833679	0.341803097753601	0.40756085495575	0.434553079565125	0.553224556737976	0.42167812851532	0.58446058164032	0.25889912851532	0.42167812851532	1.02300547804266	0.38137962851532	0.464653087632507	0.149779308882507
FBRSL1-cg25694349-12-133065906	0.422162077001648	0.33526058176239	0.766187415990906	0.379753757787781	0.334407000158386	0.330199165746765	0.356915343908386	0.601601279211121	0.374977113866882	0.418791367406921	0.198235214208679	0.480541639867859	0.314042662695007	0.372153907201843	0.884549283422546	0.396732377966003	0.702333907445984	0.380332568883972	0.320152953039246	0.595008808996277	0.43920635922821	0.324394776342468	0.0730079402828979	0.846487711462097	0.327487399450378	0.607543488988953	0.309718384924011	0.710483360326843	0.440172931005554	0.378944727697449	0.414739895361023	0.338172780737	0.443927986791687	1.13248787985809	0.392198961828308	0.954196872167664	0.317245164281921	0.370762022741394	0.77273161881073	0.541713485570984	0.448918868383484	0.739800080541687	0.726108256689148	0.56297460922821	-0.070599487390442	1.06538666049774	0.419088681615906	0.363212223791199	0.918661690527039	0.325811508337097	1.07681291306122	0.699972077550964	0.849368296667175	0.177311748266296	0.634317061742859	0.315326077428894	0.466457319677429	0.635857975317078	0.387695522924499	0.509196708349304	0.324123566930847	0.316206683874207	1.02428956491669	0.521208363500671	0.55816380429657	0.680308402746277	0.311788645971375	0.389196009985046	0.314707752904968	0.520637510107117	0.416559734716492	0.613301211889343	0.42167812851532	0.61489108164032	0.22846862851532	0.42167812851532	1.01984547804266	0.36270262851532	0.483330087632507	0.342948419882507
FBXL16-cg27436995-16-743998	-0.467452911157532	0.37204059360321	0.267471427831726	-0.436874230371399	0.519675011999207	0.323908177587585	0.354037355749206	0.329487291051941	0.445570125707703	0.459367379247742	1.0683242260495	0.221646651708679	0.389456674535828	-0.441170080957336	1.10609429526337	0.460319389806824	0.796336919286804	0.477859580724792	0.297671964880066	0.475093820837097	-0.534438628930969	0.305898788183289	-0.447057047876282	0.416320723302917	0.391156411291199	0.0788525008297729	1.23054039676483	0.523165372167664	0.521095942846375	0.300857739538269	-0.466816092798157	1.21762579257782	0.414659998632507	0.354719891698913	-0.444098026330871	0.230433884008484	1.14341617612274	-0.0938509654177857	0.85069163065155	0.615233497411804	0.441474880224304	0.626059092382507	0.431266268529968	-0.0207683789309693	0.849282524450378	1.13827967233856	-0.465094306543274	0.495417235632019	0.447502702367859	0.315780520177917	0.432498924902039	0.898734089391785	0.990409308507996	1.11296976010712	0.920243073583679	0.529714089269714	0.468161331518249	0.100201987157898	0.21515953476532	0.302198720190124	0.315494578771667	1.07780469571503	0.729420576757507	0.426412375341492	0.26601281613739	0.388443414587097	0.322577657812195	0.431923021825867	0.301785764745788	0.961768521947937	0.527612746557312	-0.0394737762698365	0.42167812851532	0.43941958164032	0.40394012851532	0.42167812851532	0.830603247175476	0.181368397648132	0.41489885676532	0.42803840501532
FBXO17-cg10742957-19-39466716	0.455560331274109	0.433718836034851	0.847186670263367	-0.350165987939758	-0.121851745569153	0.421401420019226	0.433126598180847	0.148653533483582	0.268065368139343	0.506472621679382	0.31556246848114	0.52357389414032	0.414998916967468	0.421029161474304	0.423380537695007	0.519008632238464	0.468748161718445	-0.214540176843567	0.423688207311707	0.438019063268738	0.448338613500671	0.421961030614929	-0.184412805444641	0.423177965734558	0.414746653722839	-0.132007256738586	0.408015639196472	0.751498614599304	0.486948185278015	0.42208898196991	0.233829149633484	0.42750303500946	0.414448241064148	0.416663134130554	0.484927216100769	0.574000126440124	0.625148418554382	0.430978277013855	0.781337873083191	0.362572739843445	0.125797122655945	-0.042082665185852	0.377496510961609	0.00262286350067142	0.0808207668820191	0.391601914770203	0.487731935888367	0.44232447806366	0.0794609447994996	0.417437762609558	0.438696167333679	0.393077331823425	0.178131550939636	0.261952002538757	0.48184131601532	0.421232331701355	0.52359557394989	-0.141298770410461	0.45891277719696	-0.293224037378235	0.410483821203308	0.424397938146667	0.268603819189148	0.594243617773132	0.337188058569031	0.649667657018738	0.429229900243835	0.458155264257507	0.428529007177429	0.407968764379578	0.439184988988953	0.671877466161804	0.42167812851532	0.28677808164032	0.55658162851532	0.42167812851532	0.973066867136414	0.34942701760907	0.272059476726257	0.496576878976257
FBXO2-cg13875012-1-11710610	0.149723004980164	0.395582509740906	0.0612893439694215	0.394734685766296	-0.356074071863098	0.399881093725281	0.420977271886902	0.345048207189636	0.358504041845398	0.414378295385437	0.258444142187195	0.507467567846375	0.371888590673523	0.363014835180359	0.992602211401062	0.420492305944519	0.5884998354245	-0.370542503137512	0.900500881017761	1.05404873697479	0.457250287206726	0.379479704320984	0.363427868261414	0.850982639440613	0.379654327428894	0.652855416967468	0.374542312902527	0.541503288305359	0.43957385898407	0.386383655675964	0.432330823339539	0.383706708715515	0.480767914770203	1.12873980783661	0.442055889806824	1.00392280014618	1.29072609226044	0.46861195071991	-0.0205834532107545	0.565514413549499	0.0352567963619995	0.773993008520203	0.759489184667663	0.0833825372067261	0.388434440588074	0.351746588476257	0.449140609594421	0.435487151769714	0.844839618505554	0.390645436315613	1.15318284103973	0.36461900552948	0.910527224645691	0.236469676244812	0.376045989721375	0.88396600540741	-0.396414752344055	-0.166498096704407	0.438642450903015	0.58454963632782	1.24965749490936	0.374432611852722	0.243531492895203	0.492175291479187	0.808597732275085	0.739754330724792	0.95652857394989	0.130222937963562	0.374599680883484	1.10705743808563	0.485470662695007	0.143462139867859	0.42167812851532	0.58602008164032	0.25733962851532	0.42167812851532	0.175245478042664	0.37442962851532	0.471603087632507	0.547914540882507
FBXO2-cg18792022-1-11709271	0.243222015722351	0.401535520483093	0.0784823547116091	0.410647696508484	-0.354850061120911	0.434642104467468	0.385192282629089	0.122557217931824	0.373630052587586	0.449018306127625	0.336098152929382	0.502762578588562	0.437317601415711	0.359978845922547	0.97914922214325	0.411980316686707	0.661988846166687	0.314791507604675	1.07912289175995	0.40092974771698	0.472711297948914	0.450378715063171	0.367710879003601	0.4877406501828	0.402523338171082	0.650596427709656	0.390970323644714	0.386559299047546	0.443460869726257	0.383806666418152	-0.381196165918274	0.457711719457703	0.51094392551239	0.382687818578796	0.431979900549011	0.780488810888367	1.28690810300262	0.403947961462097	0.326382557531433	0.591691424291687	0.490314807104187	0.78242001926239	0.499905195409851	0.124302547948914	-0.0093555486697387	0.356210599218445	0.442517620336609	0.404907162511902	0.869995629247742	0.4047844470578	1.16656285178192	0.684929016271668	0.923790235387879	0.395505686987	0.387069000463562	1.0001860161496	-0.396020741601868	0.653038914037781	0.426857461645203	0.577210647070007	0.39891350565155	1.11079262259491	0.25278550363739	0.582483302221375	0.322256743017273	0.74273234146698	0.702024584692078	0.41414194870575	0.772170691625672	0.40774944882782	0.446585673437195	0.131682150610047	0.42167812851532	0.57145308164032	0.27190662851532	0.42167812851532	0.205305978042664	0.39910412851532	0.446928587632507	0.508639646882507
FBXO2-cg25276694-1-11708949	0.413119009618835	0.430790514379578	0.0949263486080933	0.449705690404968	-0.326497067224426	0.419956098363953	0.469396276525574	0.156062211828308	0.48323804648407	0.221679300024109	0.303958146825867	0.422508572485046	0.416517595312195	0.421997839819031	0.279073216039734	0.517703310583191	0.578487840063171	-0.0263204984988403	0.887230885656433	0.406047741613464	0.522154291845398	0.439515708959656	0.444176872900085	0.383645644079285	0.424682332067566	0.71660642160614	0.404998317541199	0.155686292944031	0.425896863622742	0.415066660314636	-0.339762172021789	0.420642713354187	0.502815919408874	0.413595812475281	0.510537894445496	0.329426804784851	1.35285609689911	0.480829955358581	0.134340551427918	-0.217227581811828	0.527673801000671	0.857922013158875	0.334789189306335	-0.0924874581546019	0.0189994452267456	0.385709593114929	0.510186614233093	0.478456156408386	0.424532623144226	0.430385440954285	1.00378584567841	0.395132010168152	0.507889229284363	0.291984680883484	0.418534994360046	0.456296010046082	-0.364932747705383	0.746648907934265	0.507683455541687	0.620916640966492	0.419324499548035	0.413390616491394	0.275586497533875	0.539450296117859	0.337641736913757	0.668522335363464	0.490643578588562	0.490014942602234	0.435236685522156	0.411103442724304	-0.257243332666321	0.120942144506531	0.42167812851532	0.58311608164032	0.26024362851532	0.42167812851532	0.257224387136414	0.45639453760907	0.517654996726257	0.389609358976257
FBXO47-cg14399930-17-37123669	0.458157994115906	0.375328498876648	0.0274933331051636	0.441132674902039	-0.389144082727356	0.594233082861023	0.382486261022644	0.246881196325378	0.42932003098114	-0.0508357154788208	0.513284131322937	0.525535556982117	0.838512579809265	0.421036824316101	0.213067200536804	-0.424696704919739	0.385528824560242	0.49387548599823	0.353421870153503	0.885349726110535	0.425518276342468	0.350800693456726	0.440506857397156	0.491679628576355	0.351817316564636	0.67744240610321	0.337181302038269	0.743659277441101	-0.0881821518801881	0.341934644811707	0.178573812475281	0.352170697851257	0.437333903905945	1.21116679697235	0.433113878942566	1.02362678928192	0.341138081396179	0.453085939855652	-0.0055774640750122	0.112586402685242	0.449091785497742	0.778189997655945	0.300475173803406	-0.165491473657532	0.232221429723816	1.219740577612	0.436236598730164	0.365529140905457	0.903522607641296	0.358039425451355	0.340543830175476	0.491138994665222	0.185036213781433	0.312775665380554	0.347801978857117	0.500439994543152	0.155951236791687	0.644676892431335	0.419889440038757	-0.327554374536438	0.552513484045105	0.530950600988464	0.226456482030945	0.422556280614929	0.299012721410828	0.798500319860535	0.633602563085632	0.390735927099304	0.425699670019226	0.356184427221374	0.51698265183075	0.559446129003601	0.42167812851532	0.0939455816403199	0.74941412851532	0.42167812851532	0.239145429628601	0.896423580101257	0.00352603921844491	0.608528570468445
FBXO47-cg16530382-17-37123671	0.429477466528015	0.385523971288757	0.031761805517273	0.423550147314148	-0.385991610315246	0.737054555273132	0.366978733434753	0.393956668737488	0.427549503393249	0.0812687569332886	0.743759603735046	0.530413029394226	0.942353052221375	0.43033129672821	0.242367672948914	-0.321125232507629	0.499162296972351	0.417576958410339	0.447657342565613	0.500856198522644	0.389942748754578	0.363454165868835	0.405572329809265	1.09638910098846	0.393615788976746	0.65346987851532	0.356844774450378	0.74246874985321	0.443648320531921	0.339961117223816	0.19814328488739	0.361837170263367	0.412059376318054	1.16298526938446	0.414522351354675	0.979769261694031	0.352269553808289	0.410262412267761	0.195649008337097	0.544778875097351	0.402283257909851	0.757667470068054	0.416884646215515	-0.151924001245422	0.572802902135925	1.19003005002411	0.402874071142273	0.427062613317566	0.859866080053406	0.367508897863464	0.418036302587585	0.983549467077331	0.166675686193542	0.785027137792663	0.430467451269226	1.05053146695526	0.199397709203796	0.632398364843445	0.398287912450867	-0.276585902124328	1.20214895645721	1.18940407340057	0.310138954443054	0.254311753027039	0.483974193822937	0.765504792272644	0.764983035497742	0.385040399511414	1.09284914243134	0.359474899633484	0.498268124242859	0.60371260141571	0.42167812851532	0.0655705816403199	0.77778912851532	0.42167812851532	0.157688305175476	0.822753455648132	0.44151891476532	0.40141834701532
FBXO47-cg22361859-17-37123638	0.455641896581726	0.359817401342468	0.0192652355709839	0.452816577367859	-0.396642180261536	0.407648985326843	0.349788163488464	0.493771098791199	0.42794493344696	-0.0427438130130005	0.624807033788757	0.519157459447937	0.948050482275085	0.446467726781921	0.202548103002625	-0.253585802453918	0.254681727026062	0.47295438846405	0.355714772619324	1.19704262857635	0.424457178808289	0.351429595922546	0.448251759862976	0.774910531042175	0.370100219030456	0.650170308569031	0.378989204504089	0.727851179906921	0.475381750585632	0.338768547277527	0.156240714941101	0.345486600317078	0.427036806371765	1.18193469943817	0.405128781408386	1.02137769174774	0.345540983861999	0.441460842321472	0.303181438390808	0.575826305151062	0.434571687963562	0.767901900121765	0.353484076269226	-0.164531571191711	0.222406332189636	1.19919948007782	0.416337501195984	0.139011043371277	0.907491510107117	0.350503327917175	0.338896732641296	0.436485897131042	0.281099116247253	0.273001567846374	0.716522881322937	0.935768897008972	0.338910139257507	0.670834794897156	0.395510342504578	-0.249272472070618	1.20947438651093	0.525663503454285	0.228749384496765	0.572237183080749	0.328741623876648	0.765658222326355	0.701002465551453	0.380793829565124	0.411711572485046	0.349201329687195	0.50298755429657	0.441956031469421	0.42167812851532	0.0669170816403199	0.77644262851532	0.42167812851532	0.434258105034851	0.487929255507507	0.413444714624695	0.221040367874695
FES-cg05211768-15-91427848	0.425153056615906	0.320707561376648	0.842484395605164	0.447807737402038	0.254219979772644	0.347353145361023	0.398289323522644	0.542628258825378	0.39187909348114	0.368680347021179	0.470250193822937	0.491729619482117	0.310197642309265	0.410376886816101	0.974302263036804	0.420783357580261	0.622852887060242	0.43606254849823	0.316956932653503	0.282926788610535	0.397063338842468	0.349080755956726	0.407161919897156	0.327070691076355	0.297635379064636	0.42580946860321	1.20629536453827	0.031324339941101	0.430665910619812	1.00550070731171	0.398571874975281	0.311319760351257	0.408160966405945	0.847266859472351	0.393405941442566	0.181844851781921	0.287273143896179	0.402780002355652	0.787976598424988	0.555607465185242	0.417041847997742	0.482744060155945	0.667610236303406	0.588925588842468	0.745858492223816	0.571343640111999	0.395051661230164	0.441392203405456	0.893385670141296	0.634730487951355	0.282702892675476	0.852201057165222	0.481932276281433	0.685069727880554	0.422262041357117	0.294345057043152	0.445365299291687	0.627083954931335	0.380322502538757	0.508540687963562	0.298510546545105	0.540823663488464	0.195702544530945	0.571250343114929	0.945790783910828	0.753582382360535	0.997724625585632	0.394637989599304	0.295112732519226	0.287781489721375	0.394206714330749	0.0601821915036009	0.42167812851532	0.50969458164032	0.33366512851532	0.42167812851532	0.458640293675476	0.216537444148132	0.40266890326532	0.44026835851532
FES-cg13947995-15-91427821	0.445632856542664	0.352360361303406	0.875150195531921	0.449222537328796	-0.273518220300598	0.397459945287781	0.389808123449402	0.442945058752136	0.384667893407898	0.364271146947937	0.327711993749695	0.495967419408875	0.321103442236023	0.438699686742859	1.00762006296356	0.435799157507019	0.412757686987	0.430031348424988	0.341387732580261	0.331594588537292	0.442948138769226	0.544665555883484	0.406671719823914	0.295356491003113	0.334087178991394	0.395479268529968	1.21880316446503	0.0589281398678588	0.44814271054657	0.990141507238464	0.447912674902039	0.335203560278015	0.459085766332703	0.340898659399109	0.421045741369324	0.314280651708679	0.329631943822937	0.43458980228241	0.740796398351746	0.544545265111999	0.468329647924499	0.316866860082703	0.797558036230164	0.618744388769226	0.768617292150574	0.773623440038757	0.420282461156921	0.401410003332214	0.891954470068054	0.835342287878113	0.385029692602234	0.38374685709198	0.173135076208191	0.476930527807312	0.333710841283875	0.33138385696991	0.483295099218445	0.665557754858093	0.404793302465515	0.54386548789032	0.336589346471863	0.333045463415222	0.224715344457702	0.520479143041687	0.486418583837585	0.758168182287293	0.95880142551239	0.421664789526062	0.331040532445984	0.323428289648132	-0.0579124857424928	-0.0153610085696412	0.42167812851532	0.43709858164032	0.40626112851532	0.42167812851532	0.157435978042664	0.33931612851532	0.506716587632507	0.542008000882507
FEZF2-cg12378187-3-62355443	0.500733084203796	0.422385588964539	0.309211423193054	0.466249764989929	-0.328479992639465	0.421728172948914	0.440715351110535	0.127895286413269	0.484574121069031	0.47808837460907	0.923023221410828	-0.196656352929993	0.448746669897156	0.445415914403992	0.254034290624695	-0.350762614831848	0.0569209146481324	0.499407576086121	0.399104960241394	0.410612816198425	0.454990366430359	0.425451783544617	0.453576947485046	0.350065718664246	0.971856406652527	-0.129011503808899	1.20831839212616	0.150226367528992	0.0277439382077027	0.436223734899597	0.0762079025631714	0.415100787939148	0.476374993993836	1.19743088706024	0.480635969030457	0.918214879369812	0.39402317148407	0.465566029943542	0.328009626012878	-0.236144507226868	0.201593875585632	0.615746087743836	0.376160263891296	0.346331616430359	0.367549519811707	0.37877066769989	0.468584688818054	0.556752230993347	0.810332697729187	0.404525515539246	0.474535920263367	0.405861084753113	0.321721303869324	0.303956755468445	0.442721068945007	0.408431084631042	0.476144326879578	-0.128067017480774	0.464071530126648	-0.319350284448547	0.405962574132996	0.403232691076355	0.674963572118835	0.28760937070282	0.870860811498718	0.755434409948425	0.429266653173523	0.446060017187195	0.439055760107117	1.23398451730927	0.18139174191864	0.0971892190914916	0.42167812851532	0.30502408164032	0.53833562851532	0.42167812851532	0.130560478042664	0.45782662851532	0.388206087632507	0.475614720882507
FIGN-cg01620164-2-164590272	-0.441187014062805	0.382101490697937	0.566884324926453	-0.444389333276672	0.496063909093933	0.803116074682312	0.433867252843933	0.0362381881466675	0.435248022802429	0.388770276342468	1.07975712314423	0.495955548803406	0.351217571630554	-0.21600918386261	0.219779192358093	0.42243828690155	0.612651816381531	0.425800477819519	0.358156861974792	1.17965871793182	0.373017268163757	0.812269685278015	-0.408508150781555	1.09078362039764	1.19942830838592	-0.00566660207550068	0.335433293859558	0.13124426926239	0.436067839941101	1.021341636633	-0.44071719570343	0.368120689672546	-0.505938104272766	1.17875978879364	-0.435276129236145	0.99662578110321	0.324483073217468	-0.489233068323059	0.790164527746277	-0.316969605493469	0.117310777319031	0.727442989477234	1.04558316562469	-0.130395481836243	0.815436421545105	1.00851756943329	0.379148590551453	0.524429132726746	0.889145599462585	0.363255417272644	1.18870182199677	0.386549986486511	0.329353205602722	0.181182657201843	0.384293970678406	1.14766798636444	0.418568228612976	0.665241884252624	0.400993431860046	-0.307026382715149	1.21440847586639	0.353047592809753	1.04616347385223	0.541573272436218	1.07557671323212	0.769785311681824	0.899205554906921	0.386813918920593	1.14691966184051	1.17261241904266	-0.319713356347962	0.08080812082489	0.42167812851532	0.24300808164032	0.60035162851532	0.42167812851532	0.641368006628601	0.879262157101257	0.204935616218445	0.206305993468445
FLJ32063-cg07913197-2-200334901	0.429395334325867	0.427064839086609	0.869982673315125	-0.0747119848880006	0.499371257482605	0.401720423070984	0.413632601232605	0.245035536535339	0.392692371191101	0.48062662473114	0.289325471532898	0.455019897192078	1.09947692001923	0.427583164526062	0.290932540746765	0.394731635290222	0.263202164770203	0.418118826208191	0.392856210363464	0.394454066320496	0.445431616552429	0.398881033666687	0.466079197607117	0.354565968786316	0.393029656774597	0.313720746313171	1.14979464224823	0.437260617651062	0.407270188329773	0.420846985021667	0.421096152685242	0.393218038061218	0.297836244115906	0.378283137182312	0.419490219152527	0.574570129491882	0.43689642160614	0.428074280065613	0.590660876134949	0.615435742895203	0.456204125707703	0.126472337865906	0.322581514013367	0.638712866552429	0.818914769933777	1.09796391782196	0.420037938940125	0.403590481115418	0.586564947851257	0.402888765661316	1.16535417038544	0.442537334875183	0.426467553991394	1.04569200559052	0.406712319067078	0.941137334753113	-0.288628422998352	0.338675232641296	0.410022780248718	0.0623449656735229	0.443918824255066	0.396944941198425	0.272344822240906	0.43734962082489	0.582605061620789	0.524449660070496	0.812593903295593	0.434260267309265	0.398452010229187	1.14914476743134	0.48318499204071	0.051654469213562	0.42167812851532	0.60860058164032	0.23475912851532	0.42167812851532	0.461387105034851	0.349996255507507	0.386315714624695	0.457064380874695
FLJ32063-cg10168149-2-200335558	0.468778109716492	0.374312614477234	0.91383744870575	0.480631790502625	0.52635103287323	0.365211198461609	0.41614237662323	0.103183311925964	0.375652146581726	0.464057400121765	0.615284246923523	0.473702672582703	0.400117695409851	0.416142939916687	0.82623331613739	0.293860410680847	0.0236109401608277	0.438578601598816	0.352588985754089	0.360910841711121	0.470568391943054	0.363689809057312	0.419717972997742	0.320116744176941	0.350215432165222	0.690492521703796	1.08427641763885	0.376262393041687	0.442082963720398	0.470073760412293	0.462298928075867	0.366814813451843	0.482776019506531	0.366899912572937	0.402342994543152	0.491793904882507	0.639942196996765	0.467395055456238	0.502245651525574	-0.131405481714172	0.485163901098328	-0.0118728867434692	0.687806289403992	0.615359641943054	0.658880545324402	0.325613693212585	0.44749871433075	0.424624256506042	0.692474723241882	0.860611541051941	0.349908945776062	0.347564110265808	0.112674329382019	0.25093078098114	0.354355094457703	0.363783110143738	0.311741352392273	0.471391008031921	0.448950555639343	-0.306182258935852	0.976581599645691	0.35947171658905	1.09762559763153	-0.0636906037844848	1.02001383701141	0.462548435461121	0.533934678686218	0.42136004269989	0.360219785619812	0.35468854282196	-0.0946412325686646	0.389264244604187	0.42167812851532	0.26863758164032	0.57472212851532	0.42167812851532	0.978359136636413	0.35074928710907	0.215476746226257	0.495254609476257
FLJ32063-cg25740565-2-200335101	0.461091000341492	0.335970505102234	0.88810133933075	0.160559681127624	0.50475292349823	0.344659089086609	0.42933326724823	0.677784202550964	0.421685037206726	0.462730290746765	0.218013137548523	0.500646563207703	0.336153586034851	0.433329830541687	0.33907620676239	0.448341301305847	0.134921830785828	0.413724492223816	0.321243876379089	0.325507732336121	0.420620282568054	0.382054699682312	0.420258863622742	0.294274634801941	0.313087322790222	0.660639412328796	0.619499308263855	0.0985852836666869	0.336993854345398	0.336668651037293	0.470347818700867	0.330634704076843	0.435491910131531	0.341901803197937	0.424030885168152	0.914546795507507	1.24323608762177	0.416596946081238	0.502858542150574	-0.265231591089172	0.450471791723328	0.712384003881531	0.265056180028992	0.661858532568054	0.840165435949402	1.15334558383759	0.42156560495575	0.448700147131042	0.227843613866882	0.583034431676941	0.450521836401062	0.423469000890808	0.171907220007019	1.08808367160614	0.319610985082703	0.332308000768738	0.448266243017273	0.344962898656921	0.414364446264343	-0.224298368310852	0.352710490270691	0.32125060721405	1.06449848825653	0.309087286840515	0.888697727636414	0.653969326086121	0.370693569311218	0.40659093332489	0.333870676244812	1.15803343344696	0.465860658056335	0.0717211352291869	0.42167812851532	0.62649108164032	0.21686862851532	0.42167812851532	0.863465222675476	0.259245373148132	0.37867283226532	0.46426442951532
FLJ40330-cg26053291-2-89064631	-0.102815271387024	0.382849233373718	0.057624067602234	0.419709409399109	0.507924651769714	0.631275817358093	0.458835995519714	0.416522930822449	0.45016776547821	0.45302901901825	1.03430386582001	-0.121055708520813	0.866989314306335	0.374800558813171	0.473164935033875	0.448326029577331	0.193453559057312	0.4501502204953	0.560248604650574	0.620983460607605	-0.474239989160462	0.581211427953796	0.269767591894226	0.380495363073425	0.487837051061707	0.545690140600281	0.456224036535339	0.323298011938171	-0.312660417383118	0.608931379308777	0.440892546972351	0.389377432348328	0.456685638403015	0.364552531469421	0.466246613439636	0.182875523778992	0.381717815893249	0.455574674352722	0.483480270422058	0.514726137182312	0.463702519994812	-0.0795622678469847	0.410852908300476	-0.151772739160461	-0.0423598357791138	0.32322431210907	-0.469388666772766	0.515373875402527	0.942020342138367	0.368423159948425	0.365073564672546	0.508861729162292	0.104687948278503	0.204492399877625	0.422763713354187	0.592030729040222	0.493559971288757	0.602080626928406	0.441854174535828	-0.373516640039368	0.412054218542175	0.535955335485535	0.351515216528015	0.664662015112	0.420668455907898	-0.020156945642395	0.576783297582703	0.441809661596375	0.396525404516296	0.357065161718445	-0.26359161367218	-0.0102641364993287	0.42167812851532	0.20881508164032	0.63454462851532	0.42167812851532	0.187705833136414	0.38559298360907	0.523931442726257	0.460410912976257
FLJ41350-cg11101117-10-102997865	0.445157842748718	0.42158734750946	0.0737611817379761	0.267732523534851	0.339078765905457	0.401963931493835	0.410374109655457	0.155849044958191	0.404961879613953	0.393178133153992	0.68690297995575	0.500015405614929	0.394232428442078	0.468579672948914	0.763491049169617	0.445370143713074	0.124500673193054	0.409807334631042	0.438662718786316	0.436409574743347	0.388151124975281	0.381180542089538	0.418811706029968	0.749551477209167	0.406261165197449	0.708618254736023	0.758030150671081	0.181341126073914	0.181914696752624	0.406668493444519	0.431490661108093	0.39554254648407	0.398004752538757	0.444627645605164	0.421861727575378	0.250984637914734	0.406044930028992	0.464470788488464	-0.00883861544219983	0.588216251318054	0.459571634130554	0.806854846288757	0.571073022436218	0.656150374975281	0.828287278356628	0.371017426244812	0.420765447362976	0.448718989538269	0.566030456274109	0.394326274084167	0.400860678808289	0.417641843298035	0.563375062414246	0.759998514013366	0.420609827489929	0.905879843175964	-0.2954219145755	0.501427741064148	0.41472628867157	0.318135474096374	0.424252332677917	0.386691449621277	0.493608330663757	0.451286129247742	0.65051257004364	0.454390168493347	0.379626411718445	0.444174775732117	0.416681518652039	1.20570427585419	0.498409500463562	0.0537189776364135	0.42167812851532	0.25703808164032	0.58632162851532	0.42167812851532	0.385741246675476	0.583600397148132	0.41708785626532	0.42584940551532
FLJ45983-cg00779924-10-8094641	0.470319331396179	0.427850836156921	0.126306670385437	0.441177012182312	-0.0705897454470825	0.419980420141296	0.446944598302917	0.711538533605652	0.467672368261414	0.318924621801453	0.38823046860321	0.30725689426239	0.713089917089539	0.459837161596375	0.845796537817078	0.450466632360535	0.292339161840515	0.474727823278503	0.376188207433777	0.407320063390808	0.430343613622742	0.828750030736999	0.444488194677429	0.401452965856628	0.41028765384491	0.580637743383484	0.361909639318543	0.132738614721375	-0.220235814599915	0.37160398209198	-0.109095850244446	0.433958035131531	0.439390241186218	0.391261134252625	0.458133216222839	0.815493126562195	0.396054418676453	0.433176277135925	-0.0173021267947387	-0.212302260034485	0.266193122778015	-0.0757506650637818	0.373242511083679	0.636251863622742	0.00309276700408939	0.433488914892273	0.389070936010437	0.45889747818573	0.93744194492157	0.873491762731629	0.38653516745575	0.455379331945496	0.129063551061707	0.856688002660828	0.48043831613739	0.425002331823425	-0.40743142592804	0.712562229711609	0.423152777319031	0.451080962743835	0.809610821325379	0.406228938268738	0.666620819311218	0.0579456178952026	0.299255058691101	-0.0143503428591918	0.381096900365906	-0.168793735620422	0.4707010072995	1.18814476450165	-0.110329010888977	0.0318504662838744	0.42167812851532	0.45682158164032	0.38653812851532	0.42167812851532	0.307564151995789	0.543205302468445	-0.00715123841436777	0.682598701835632
FLJ45983-cg24039697-10-8094534	0.424130771581726	0.426191276342468	0.847717110570984	0.345077452367859	0.329356694738464	0.352817860326843	0.407958038488464	0.613080973791199	0.41662980844696	0.474768061987	0.902292908788757	0.354741334447937	0.475308357275085	0.384305601781921	0.963469978002624	0.404856072546082	0.052685602026062	0.41971826346405	0.567358647619324	0.467297503576355	0.436567053808289	0.891958470922546	0.362475634862976	0.655845406042175	0.486932094030457	0.475251183569031	0.314657079504089	0.103264054906921	0.460715625585632	0.315378422277527	0.327070589941101	1.01457547531708	0.444481681371765	0.311853574438171	0.385129656408386	0.832789566747742	1.231282858862	0.411834717321472	-0.071071686609192	0.531768180151062	0.444968562963562	-0.0901192248782346	0.946183951269226	0.401567303808289	-0.0419807928103639	1.05902135507782	0.410428376195984	0.353069918371277	0.853466385107117	0.949435202917175	0.581199607641296	0.773106772131043	0.107084991247253	1.06273944284637	0.369131756322937	0.370209772008972	0.434127014257507	0.656944669897156	0.421727217504578	0.517753402929382	0.318152261510925	0.312284378454285	0.882098259496765	-0.0575509419192504	0.231769498876648	0.121287097326355	0.415948340551453	0.396480704565124	0.402795447485046	0.409598204687195	0.42786342929657	0.555350906469421	0.42167812851532	0.30155608164032	0.54180362851532	0.42167812851532	0.0947254780426636	0.41145662851532	0.434576087632507	0.461958656882507
FLOT1;IER3-cg16331823-6-30711835	0.476058468237	0.410286972997742	0.0703118072262574	0.503489149023132	-0.325446608606262	0.494796556982117	0.477319735143738	0.604124670446472	0.429577505102234	-0.249323241357727	0.258890605444031	0.27965503110321	0.365322053930359	0.375588298437195	0.263947674657898	-0.0870852307986451	0.0487542986813355	0.134052960119324	0.446480344274597	0.664045200231628	0.442661750463562	0.38662416757782	0.450331331518249	0.421518102697449	0.76466779068573	0.597545880224304	0.770459776159363	0.173694751562195	0.0746393222409057	0.3866101189328	0.471970286596375	0.457279171972351	0.456046378027039	1.15064227109344	0.41228135306366	0.282379263403015	1.15812655551727	0.437346413976746	0.829676010046081	-0.241123123193664	0.374950259618835	-0.0793835282229615	0.3269466479245	0.449174000463562	0.76706790384491	0.440416051733093	0.445967072851257	0.23328661502655	0.0844670817623902	0.586853899572449	0.88348830429657	0.382206468786316	0.938215687902527	0.392791139501648	0.42210345297821	0.427547468664246	0.408377710912781	0.188577366552429	0.430685914159851	0.114990099584656	0.385844958166199	0.481136075109558	1.08113595615204	0.490491754736023	0.418146195531921	-0.0117372060183715	0.672020037206726	-0.184733598779602	0.40280514414032	0.648787901342468	0.227897125951843	0.880892603124695	0.42167812851532	0.50904358164032	0.33431612851532	0.42167812851532	0.890234698675476	0.271451849148132	0.38278830826532	0.46014895351532
FNDC1-cg14500486-6-159655392	0.297723287084656	0.424684791845398	0.0573336260739136	0.541481967870789	0.388342210241394	0.388867375829773	0.429485553991394	0.962602489294129	0.50302732394989	0.526538577489929	1.11545042429169	0.515280849950867	0.428015872778015	0.501670117284851	0.337472493505554	-0.359445411950989	0.485556117528992	-0.31723422103302	0.825081163122253	0.376734019079285	0.405337569311218	0.597896986425476	0.508142150365906	0.418503921545105	0.378349609533386	-0.13648730092804	0.376802595007019	0.700216570409851	0.484741141088562	0.415694937780457	0.450721105444031	0.502050990820007	0.428749196874695	0.374108089941101	0.500175171911316	0.904903082250671	0.376120374364929	0.455630232824402	0.0295468288937377	-0.265065304346008	0.386682078466492	0.811040290624695	0.342439466772156	-0.0328401806887818	-0.0204762773074341	0.54772987058075	0.439246891698914	-0.238642566125793	0.895133900610046	0.399973718420105	0.365010123144226	0.414381287633972	0.150439506750183	0.229128958349304	0.679599271825867	0.472190287511902	0.460032529760437	0.627441185400085	0.450189733007507	-0.217933081567688	0.399293777013855	0.404715893957214	0.750738774999695	0.0319075735836792	0.401065014379578	-0.0385623871707153	0.367408856054382	0.455741220068054	0.857409962987976	0.402082720190125	0.554684944799499	0.855319421972351	0.42167812851532	0.34169458164032	0.50166512851532	0.42167812851532	0.576581605034851	0.974113755507507	0.271121214624695	-0.101433443125305
FOXF2-cg02490736-6-1391758	-0.018289823022766	0.408349681737976	0.875217515966492	0.418992857763367	0.132646100133972	0.377660265722351	0.421904443883972	0.435295379186707	0.431455213842468	0.393670467382507	0.687015314184265	0.584654739843445	0.415671762670593	0.432876007177429	0.303590383398132	0.451854477941589	0.44045600742157	0.447326668859558	0.389201053014832	0.385068908971863	0.254935459203796	0.409413876318054	0.399066040258484	0.350573811437683	0.451126499425964	0.364258588964539	0.869378484899597	0.119037460302429	0.45669703098114	0.408513827673035	0.173480995336609	0.371367880712585	0.440749086767273	0.369514979833679	0.406769061803894	0.93421597214325	0.385683264257507	0.42317212271698	0.471566718786316	0.59103658554657	0.21238396835907	0.280789180517273	0.365891356664734	0.608473709203796	0.811423612585144	0.563027760473328	0.412848781591492	0.470876323766785	0.312318790502625	0.400317608312683	1.1438870130368	0.68580317752655	0.635134396642761	0.507830848241882	0.477251161718445	0.48055817740448	0.393416419653015	-0.159079924707337	0.363940622900085	-0.25543719167511	0.436390666906433	1.08445078384979	0.290349664892273	0.565645463476257	0.891703904272156	0.790195502721863	0.97773674594696	0.380832109960632	0.394054852880554	1.1762176100827	0.445156834692078	0.0416183118649291	0.42167812851532	0.46450158164032	0.37885812851532	0.42167812851532	0.176756250636414	0.37658340110907	0.497102860226257	0.469420495476257
FOXF2-cg06005891-6-1389167	0.483696059667664	0.435845564428406	0.896654398656921	0.307338740453796	0.566900982824402	0.400950148412781	0.455332326574402	0.563144261877136	0.447027096532898	0.491619350072937	0.563534196874695	0.499698622533875	0.398300645361023	0.411360889867859	0.869174266088562	0.417776360632019	0.191013890112	0.425563551549988	0.376019935705261	0.381996791662293	0.496914341894226	0.409870759008484	0.350826922948914	0.810632694128113	0.382764382116394	0.338265471654968	0.768069367590027	0.111630342992859	0.39722391367157	0.382229710363464	0.165176878027039	0.389900763403015	0.500588969457703	0.422360862524109	0.420732944494324	0.254048854833679	0.377101146947937	0.45563000540741	-0.0136023985232545	0.580736468236999	0.213526851049499	0.483273063207703	0.369465239355164	0.638824591894226	0.876353495275574	0.352444643163757	0.481600664281921	0.387249206457214	0.702144673193054	0.404172491003113	0.640783895727234	0.43967206021698	0.354411279333191	1.07900573093231	0.767068044408874	0.41167506009491	-0.397325697656555	-0.161292042016907	0.436244505590515	-0.33777430898468	0.383820549596863	0.396445666540222	0.989415547582703	0.603556346166687	0.283371786962585	0.320815385412292	0.98692462863739	0.457329992651062	0.441185735570984	0.470640492773132	0.479695717382507	0.0242351945553588	0.42167812851532	0.47889408164032	0.36446562851532	0.42167812851532	0.454741651995789	0.396027802468445	0.0705372615856323	0.564549667835632
FOXF2-cg16945312-6-1393028	0.519658721532898	0.53746822629364	0.121349060522156	-0.327964597680969	0.558452644689636	0.409703810278015	0.492553988439636	0.478072923742371	0.415757758398132	0.358210011938171	0.756515858739929	0.468640284399109	0.427243307226257	0.487353551733093	0.298515927953796	0.360772022497253	0.0746815519772339	0.447393213415222	0.437041597570496	0.427097453527527	0.380766003759461	0.529679420873718	0.454707584814148	0.388148355993347	0.454832043981628	-0.0777118664797974	0.427635029455261	0.143714004858093	0.0516875755368042	0.408275372228699	-0.287236460107727	0.40186542526825	0.496884631322937	0.452645524389343	0.468644606359558	0.211542516698914	0.425902808813171	0.488552667272644	-0.01219573665802	0.430077130102234	-0.365682487085266	-0.0566552749270629	0.521656901220398	0.72783925375946	0.912809157140808	0.388276305028992	-0.177580673852844	0.515208868322449	0.0865123350582886	0.416074152868347	0.953296557592468	0.501838722082214	0.184434941198425	0.288968392797546	0.418980706274109	0.497298721960144	-0.383778035791321	-0.123137380151672	0.484472167455749	-0.315066647119446	0.403581211462097	0.467619328405457	0.289222209447937	0.0441710080319214	0.28689744882782	0.753629047277527	0.680623290502625	0.450631654516296	0.536978397436218	0.418317154638367	0.484964379247742	0.0268928564205932	0.42167812851532	0.56747508164032	0.27588462851532	0.42167812851532	0.247194937136414	0.48819308760907	0.546928546726257	0.357810808976257
FOXF2-cg17305266-6-1391265	-0.337171835473938	0.445241669286804	0.11099050351532	0.412476845312195	0.1018480876828	0.435042253271179	0.4835664314328	0.558406366735535	0.474688201391296	0.459892454931336	0.325125301733093	0.539973727392273	0.417665750219421	0.509436994726257	0.28500537094696	0.518608465490418	0.081275994970398	0.461488656408386	0.41243904056366	0.421237896520691	0.541015446752624	0.427237863866882	0.457062027807312	0.689766798986511	0.422582486974793	0.410455576513367	0.427929472448425	0.589537447851257	0.0715630185299682	0.423374815221863	0.0288809828854371	0.427434868261414	0.540319074316101	0.422397967382507	0.489873049352722	0.235419959692078	0.419085251806335	0.464149110265808	0.088461706335144	-0.0113164269046021	-0.384622044092102	-0.034948831933899	0.345604344213562	0.703843696752624	0.928405600133972	0.394565748022156	0.24858676914032	0.460738311315613	0.239223778051453	0.431993595861511	0.645752000585632	0.410065165075378	0.182969384191589	0.55593583579071	0.422661149267273	0.426443164953308	-0.357991592798157	-0.00481693715850834	0.503801610448913	-0.291569204126282	0.430286654455261	0.421110771398621	0.294608652441101	0.512464451025085	0.381100891820984	0.420158490270691	0.413419733495789	0.49517409750946	0.431276840429382	0.417684597631531	0.471266822240906	0.0648712994137573	0.42167812851532	0.53238358164032	0.31097612851532	0.42167812851532	0.265891978042664	0.46550312851532	0.380529587632507	0.647156262882507
FOXF2-cg26987597-6-1391207	-0.351985884790344	0.440994619970398	0.182150454198914	0.453706795995789	0.528755038366394	0.431063203954773	0.466266382116394	0.592209317419128	0.43605415207489	0.511608405614929	0.309636252416687	0.516744678075867	0.438046700903015	0.490270945409851	0.281295321630554	0.526871416174011	0.0881319456539918	0.44503160709198	0.410178991247253	0.416653847204285	0.528486397436218	0.426590814550476	0.470947978490906	0.376273749670105	0.413364437658386	0.43274752719696	0.440460423132019	0.165050398534851	0.170728969213562	0.418890765905457	0.255686933569031	0.422424818945007	0.541523024999695	0.422491918066101	0.479082000036316	0.222783910375671	0.419901202489929	0.470206060949402	0.0189586570187378	0.484603523778992	0.120045906591492	0.582547118749695	0.350082294897156	0.672564647436218	0.908596550817566	0.52499469870575	0.518247719823914	0.419302261999207	0.530627728735046	0.426513546545105	0.659133951269226	0.412738115758972	0.195561334875183	0.285736786474304	0.412473099950867	0.422517115636902	-0.355610642114563	-0.128652986474915	0.494879561132507	-0.301218253442688	0.421334605138855	0.413278722082214	0.284553603124695	0.517180401708679	0.365591842504578	0.488518440954285	0.413140684179382	0.456372048193054	0.414548791112976	0.412792548315125	0.362066772924499	0.0617482500973511	0.42167812851532	0.36072658164032	0.48263312851532	0.42167812851532	0.326043651995789	0.524725802468445	0.631279261585632	0.265433175835632
FOXG1-cg25078444-14-29235193	0.47725997226532	0.356467477026062	0.0145623112545777	0.495471653051453	0.435443895422058	0.364317061010437	0.420474239172058	0.370873174474793	0.457121009130554	0.367639262670593	1.02489910947235	0.282173535131531	0.385121557958679	0.446529802465515	0.340705178686218	0.426125273229675	0.0035508027096558	0.0187474641476441	0.359029848302918	0.317826704259949	0.424907254491882	0.35149667160614	0.46928783554657	0.290870606725769	0.52099529471405	0.622005384252625	0.456915280187683	0.702841255590515	0.059869826269226	0.936802622961121	0.479093790624695	0.327714676000672	0.404823882055359	1.06794877512177	0.42534085709198	0.143983767431335	0.325687059545593	0.434078918005066	-0.0652554859255981	0.466607380834656	0.289274763647156	0.788267975805359	0.33676715195282	0.589153504491882	0.85094140787323	1.14317355576141	0.420735576879578	0.433937119054871	0.57942458579071	0.812942403600769	0.33598480832489	0.317327972814636	0.209187191930847	0.202216643529968	0.433230957006531	0.840923972692566	0.205683214941101	0.49286387058075	0.416517418188171	0.220149603612976	0.499219462194519	0.452163579137878	0.941165460180359	-0.0353607412356568	1.03270569956024	-0.0830277019900512	1.05300054123505	-0.365558094751282	0.34059764816864	0.337265405370789	-0.376132370019836	0.584828107153015	0.42167812851532	0.0460190816403199	0.79734062851532	0.42167812851532	0.289846479136414	0.48785362960907	0.623592088726257	0.358150266976257
FOXP4-cg01916088-6-41528531	-0.357583828760071	0.446723676000671	0.989527510229187	-0.349036147973938	0.596759094396668	0.413763259985046	0.249734438146668	0.795839373449402	0.102713208105163	0.587109461645203	1.02482230844696	0.64359373410614	0.412092756933289	-0.332644998559876	0.280297377660828	0.533712472204285	0.791638001684265	-0.326535336877747	0.399787047277527	0.409492903234558	-0.159621546533508	0.42032487058075	-0.323885965478821	0.396128805700378	0.41632749368866	0.406956583227234	0.517083479162292	0.130103454565125	0.348683025243835	0.39939482193573	0.550770989599304	1.30515087497528	0.517242081029968	0.436567974096374	0.494967056066589	1.06559796640594	1.3371722585202	-0.402469883020325	0.910791713049011	-0.216386420190735	0.0023589626217651	-0.0765268252200317	0.336232350927429	0.766995703466492	0.681074606847839	1.27961375473602	-0.414102224145813	0.50424531802948	1.02538578476532	0.406905602575378	0.405756007299499	0.524039171789246	1.06891739090546	1.18419884250458	0.72310815598114	0.430149171667175	-0.36362058608429	-0.0464439304446412	-0.431675382837219	0.595189802587586	0.402277661169128	0.414823778112488	1.16582965915497	0.664804457738953	0.312326898534851	0.869246496984558	0.389047740209656	0.324591104223328	0.44273984714325	0.424755604345398	0.514699828954773	0.983382306127625	0.42167812851532	0.46098308164032	0.38237662851532	0.42167812851532	0.222226978042664	0.32927712851532	0.516755587632507	0.578283751882507
FOXP4-cg10571987-6-41528395	-0.317763868188782	0.509986636571961	0.866229470800476	-0.326703187402649	0.554766054967957	0.394171220556335	0.157897398717956	0.644101334020691	0.0845541686764525	0.500645422216492	0.96763026901825	0.465958694677429	0.397698717504578	-0.337165037988586	0.298659338232117	0.477064432775574	0.746635962255554	-0.325987376306457	0.412676007848816	0.423289863805847	-0.159551585962219	0.420280831152039	-0.353246004907532	0.415784766271667	0.404203454259949	0.254286543798523	0.421132439733582	0.128345415136414	0.168806985815125	0.403566782507019	0.439567950170593	1.24243083554657	0.467284041601257	0.443553934667664	0.350115016637878	0.845061926977234	1.22776321909149	-0.410284922449036	0.8095136736203	-0.230810459619446	-0.0403260768069458	-0.0859958646487426	0.319027311498718	0.658294664037781	0.421126567419128	1.11172371530731	-0.414228263574524	0.435340278600769	0.917802745336609	0.390039563146668	0.423991967870789	0.481929132360535	0.983203351476746	1.12458180307587	0.640820116552429	0.483628132238464	-0.376636625513	-0.00257596987335218	-0.43990542226593	0.520445763158875	0.398816621740417	0.423009738683777	1.07145461972626	0.553676418310242	0.29210285910614	0.759866457555847	0.412652700780945	0.209541064794617	0.443028807714539	0.453855564916687	0.464287789526062	0.925561266698914	0.42167812851532	0.45645158164032	0.38690812851532	0.42167812851532	0.302011478042664	0.37513662851532	0.470896087632507	0.481671526882507
FRMD4A-cg11703729-10-13851615	0.475149523656921	0.385108028417664	0.0550178626461792	0.00836420444305414	0.36320344681366	0.472318612402039	0.46431479056366	0.913397725866394	0.485513560522156	0.0448118140621949	0.924243660863953	0.345407086523132	0.667898109350281	0.455232353857117	0.62435673007782	0.433252824621277	0.490243354101257	0.496773015539246	0.637940399694519	0.67822325565155	0.301941805883484	0.519453222997742	0.477233386938171	0.563370158117371	0.542028846105652	0.645446935644226	0.374059831579285	0.513512806982117	-0.187963622339173	0.347097174352722	-0.210219657983704	0.383764227392273	0.41576243344696	0.386773326513367	0.399282408483582	0.207642318822937	0.364512610937195	0.423098469396667	0.321078065466003	0.101460932226257	-0.456255684961243	0.15351052719696	0.512286703344421	0.675687055883484	0.782263959264831	0.347115107153015	-0.450516871728821	0.594496670446472	0.041245137182312	0.419859954992371	0.368814359716492	0.841971524206238	0.174728743322449	0.28321319492157	0.571451508398132	0.667523524084167	-0.289612233667297	-0.093284578027649	0.378350969579773	0.520483155004578	0.391857013586121	1.09984113052948	0.261043011571961	0.607647810155945	0.635716250951843	0.82081484940155	0.858639092626648	0.46864045664032	0.867282199560242	0.40337395676239	0.302628181371765	0.00349565854461664	0.42167812851532	0.21330258164032	0.63005712851532	0.42167812851532	0.322479151995789	0.528290302468445	0.764343761585632	-0.115440538164368
FSD1-cg26354493-19-4305072	0.382262782812195	0.350032287572937	0.0668091218014526	0.462069463598328	-0.288780294031067	0.469714871557312	0.480900049718933	0.426956985021668	0.462929819677429	-0.341165926782532	0.677258920019226	0.274943345678406	1.09395136850555	0.46616261301239	0.656467989233093	-0.43374091622345	0.207441613256531	0.336434274694519	0.555855658849792	0.376763514806824	0.427520065038757	0.836848482153015	0.483498646093445	0.443444417272644	0.345329105260925	0.333482194799499	0.625521090734558	0.91565706613739	0.115300636816101	0.331568433507996	0.43585560117157	0.361235486547546	0.233631692602234	0.56237058566864	0.467847667638855	0.13513857797821	0.331422870092468	0.455039728551941	0.0171973246212768	-0.240773808618469	0.405059574194031	0.486132786352234	0.875510962499695	0.400243315038757	-0.0215767815798951	1.18273436630829	0.439882387426453	0.414990929601746	0.746137396337585	0.378882214147644	0.362644618871765	0.428733783361511	0.180491002477722	0.233276454076843	0.387726767553406	0.548414783239441	0.402344025487976	0.653547681127625	0.427385228735046	0.532051414159851	0.325330272741394	0.472015389684753	0.924734270727234	0.409821069311218	0.591376510107117	-0.0984058914431762	0.448973351781921	0.431261715795593	0.355928458715515	0.344584215917664	-0.325592559472961	0.88924391769989	0.42167812851532	0.27609058164032	0.56726912851532	0.42167812851532	0.561111105034851	0.807846255507507	0.286591714624695	0.160228130874695
FUT2-cg16867584-19-49200180	0.358960718725281	0.320869223486023	0.116991057714539	0.430924399511414	0.457588641882019	0.327640807470398	0.404949985632019	0.322118920934753	0.416358755590515	0.444807009130554	0.169874855932312	0.533663281591492	0.30750430441864	0.279781548925476	0.659003925146179	0.401638019689636	0.642170549169617	0.427902210607605	0.630915594762878	0.30764645071991	0.370665000951843	0.320586418066101	0.418788582006531	0.78314335318573	0.359091041174011	0.649830130712585	0.318531026647644	0.539004002050476	0.424672572729187	0.682252369421082	-0.443565462915344	1.15810342246063	0.37374862851532	0.292657521581726	0.384032603551941	0.112446513891296	0.357614806005554	0.347883664465027	0.764930260534363	0.535332127294617	0.346177510107117	0.72651172226532	0.881212898412781	0.669785250951843	0.781617154333191	0.660198302221375	0.383346323339539	0.478819865514832	0.882081332250672	0.29660215006073	0.926656554784851	0.399720719274597	0.904926938390808	0.816454389989929	0.334655703466492	0.365959719152527	0.424114961401062	0.59926961704071	0.365767164648132	0.453500350072937	0.29060920865448	0.296365325597839	1.06945920664032	0.529296005224304	0.624362446020203	0.73269904446991	0.423802287695007	0.381293651708679	0.293709394628601	1.10256815183075	-0.141380623559876	0.860180853612976	0.42167812851532	0.63984458164032	0.20351512851532	0.42167812851532	0.234481263136414	0.40560541360907	0.640383872726257	0.440398482976257
FXYD5-cg08543966-19-35646150	0.416503307226257	0.405370811986999	0.332857646215515	0.45064998801239	0.231862230382996	0.399476395971374	0.390315574132996	0.0903575094357301	0.377637344091492	0.383665597631531	0.266814444433289	0.465179870092468	0.531514892919617	0.367987137426453	0.783564513647156	0.419347608190613	0.641485137670593	0.449947799108582	0.570294183263855	0.398760039220886	0.18584958945282	0.396937006567078	0.377854170507507	0.918279941686707	0.884938629674988	0.650946719213562	0.383034615148621	0.531998590551453	0.420405161230164	0.436747957922058	0.369430125585632	0.392077010961609	-0.436767782983704	0.389801110082703	0.352861192052917	0.988725102392273	0.998771394506531	0.371558252966003	0.731991849035339	0.373638715795593	0.407741098608093	0.467793310766296	0.305587486913757	0.42647283945282	0.810018742834167	0.708189890722351	0.453930911840515	0.437414454015808	0.594371920751648	0.398388738561707	1.04028814328583	0.421979307775574	0.654015526891785	0.725741978490906	0.396038291967468	0.388037307653503	0.471661549902039	-0.149721794458313	0.421465753149109	0.196976938573914	0.479633797155457	0.605208914098816	0.599386795141296	0.330467593725281	0.951992034521179	0.722150632970886	0.385016876195984	0.441797240209656	0.386542983129578	0.383045740331726	0.450686964941101	0.619732442113953	0.42167812851532	0.59219608164032	0.25116362851532	0.42167812851532	0.610417661175476	0.349456811648132	0.41574827076532	0.42718899101532
FZD10-cg13859208-12-130649720	0.398920204565125	0.424786709325867	0.683234543554382	-0.223029114648743	0.508457127721863	0.572112293310242	0.440680471471863	0.157359406774597	0.445233241430359	0.377809494970398	0.318144341772156	0.533861767431336	0.439108790258484	0.40946003476532	1.04865641098602	0.44664450552948	0.28859103500946	0.459852696447449	0.398477080602722	0.449553936559753	0.323332486791687	0.740440903905945	0.424280067846375	0.394003839025574	0.398683527013855	0.486437616552429	0.378763512487488	0.17935948789032	0.256628058569031	1.16622285526093	-0.3571939770755	0.376053908300476	-0.409164885644836	0.38460400742157	0.337087089391785	0.64535799973114	0.367324291845398	0.391288150304871	0.609068746374207	0.590001613134461	-0.39752300405304	0.417994208105164	0.359979384252625	0.714670736791687	0.794157640173035	0.390591788061218	0.218759809179382	0.509155351354675	0.146019818090515	0.454190635900574	1.14641204062469	0.424653205114441	0.165127424230652	1.00943287582977	0.417476189306336	0.455068204992371	0.453044447240906	0.458968102880554	0.391472650487976	-0.258423164087219	0.424619694494324	0.384879811437683	0.945036692480163	0.457099491064148	1.02038993186005	0.183330530309753	0.962199773534851	0.424155137548523	0.903380880468445	0.412119637670593	0.331423862279968	0.32801833945282	0.42167812851532	0.52106008164032	0.32229962851532	0.42167812851532	0.901280480636414	0.38840763110907	-0.254155909773743	0.457596265476257
G0S2-cg08158408-1-209848901	0.226444818090515	0.447993322851257	0.962582157079773	0.507310498876648	-0.292877258752747	0.437401906835632	0.470030084997253	0.432450020299988	0.435287854955749	-0.310927891504212	0.308192955297546	-0.209388619043274	0.421703403783875	0.49865664829071	0.286880024511414	0.508394119054871	0.0862906485348511	0.329629309972839	0.411816694128113	0.429895550085144	0.511249100317078	0.432550517431335	0.522205681371765	0.395720452550964	0.424560140539246	-0.10263476992218	0.429098126012878	0.15786410141571	-0.288292327905579	0.427105468786316	0.53449463644989	0.435575521825867	0.518902727880554	0.42298362094696	0.500564702917175	0.233964613256531	0.421264905370789	0.517708763830261	0.245585359899597	-0.217682773340149	0.529467609472351	-0.0425131783694458	0.350157997778015	0.679824350317078	0.0304582536984253	0.406072401586609	0.520187422704773	-0.187552035119934	0.102897431615906	0.431206249425964	0.431020654150085	0.409370818639832	0.180078037756043	0.297765489355164	0.431783802831726	0.431736818517761	-0.336893939233704	0.779547716405945	0.501454264013367	0.594224449438171	0.427399308019714	0.425291424963074	0.291993306005554	-0.0355958954104614	0.513009545385437	0.014585143835144	0.421288387060242	0.405576751073914	0.434815493993835	0.417337251195984	-0.279814524194641	0.0746289529782104	0.42167812851532	0.33721508164032	0.50614462851532	0.42167812851532	0.143226978042664	0.33614612851532	0.509886587632507	0.510434991882507
GAL3ST3-cg24960947-11-65816463	0.449519673925476	0.324403178686218	0.879087012914734	0.0567703547116089	0.506873597082214	0.699977762670593	0.409741940832214	0.640195876134949	0.40862771079071	0.39460996433075	0.980885811132507	0.507630236791687	0.334766259618835	0.408809504125671	0.174082880346375	0.387998974889832	0.656376504369812	0.4455371658078	0.406940549963074	0.317824405920105	0.424898956152039	0.400428373266296	0.382932537206726	0.323685308385925	0.375459996374207	0.513659085912781	0.369787981847839	0.369356957250671	0.469192527929382	0.824232324621277	0.471630492284851	0.324643377660828	0.431179583715515	0.361242476781921	0.438034558752136	0.616434469091492	0.322111761205749	0.441349619665222	0.462532215734558	-0.247028917505188	0.444781465307312	0.699509677465515	0.267719853612976	0.648809206152039	0.472620109533386	0.28530225742157	0.431466278539734	0.449544820715027	0.798038287450867	0.540653105260925	0.311960509985046	0.370175674474792	0.653878893591003	0.326907345190125	1.09746765866669	0.323741674352722	-0.0870520833987426	0.677420572240906	0.427899119848328	0.310872305273132	0.319735163854675	0.325097280798035	0.193231161840515	0.186675960424499	0.446415401220398	0.782378999670105	0.316374242895203	0.415667606908874	0.318007349828796	0.946616107030945	0.47082533164032	0.708516808813171	0.42167812851532	0.34706308164032	0.49629662851532	0.42167812851532	0.457580683675476	0.218252834148132	0.43060829326532	0.41232896851532
GAMT-cg02966153-19-1401767	0.0189099856930542	0.434204490453796	0.218237324682312	-0.333124333520813	0.0257619088497925	0.449891074438171	0.204757252599793	0.342157187902527	0.527351022558289	0.457087276098328	0.306665122900085	0.603593548559265	0.422524571386414	-0.0857881841067506	0.280199192113953	0.56114728665741	0.82589081613739	0.533141477575378	0.468648861730652	0.430471717687683	-0.310587732080383	0.425815685033875	-0.294096151025696	0.374399620153503	0.421575308141785	-0.0106436023196412	0.926085293615418	0.14296726901825	0.38094883969696	0.710389636388855	-0.344650195947571	0.464666689428406	0.545745895483093	1.1691017885495	0.370713870519714	1.02977778085907	1.36217607297333	-0.1810250685672	0.0496835275021362	0.59693039426239	0.49490077707489	0.877646989233093	0.335430165380554	-0.0902934820803831	0.0779704213009644	0.391504569189148	0.349400590307312	0.305607132482605	0.920016599218445	0.422332417028503	0.450046821752625	0.415720986242371	0.326335205358582	1.0989306569577	0.477178970434265	0.4234629861203	-0.358042771631164	0.698735884008484	0.491028431615906	-0.274256382959289	0.418654475622253	0.422766592565613	0.458592473608093	0.453293272192078	0.318268712987976	0.572856311437683	0.410490554662781	0.549513918676453	0.531645661596374	0.466835418798523	0.398305643407898	0.20087512058075	0.42167812851532	0.60222408164032	0.24113562851532	0.42167812851532	0.672505528136414	0.54976467860907	0.292636137726257	0.296239217976257
GATA2-cg01518889-3-128202493	0.451102076025086	0.350482580785828	0.0187954150143433	0.487262756811218	0.368382999181824	0.395018164770203	0.421699342931824	0.732675278234558	0.42191211289032	0.426908366430359	1.05155821323212	0.404001638891296	0.330370661718445	0.433550906225281	0.193445282445984	0.418252376989441	0.111829906469421	0.45873256790741	0.342704952062683	0.338380808019714	0.439425358251648	0.362587775365906	0.419594939306336	0.325128710485535	0.324508398473816	0.68425348801239	0.477739383947449	0.0609753593502807	0.454182930028992	0.829078726720886	0.45572289438446	0.412060779760437	0.424126985815125	0.328386878881531	0.440576960851746	0.153982871191101	0.333238163305359	0.451014021764832	-0.0635153821658326	-0.253786515405578	0.436824867406921	0.0450540795651244	0.503558255712586	0.592439608251648	0.852111511632996	0.329617659521179	0.427537680639343	0.409919222814636	0.535138689550476	0.332763507360535	0.327207912084656	0.320512076574402	0.452604295690613	0.611366747289734	0.325515060766296	0.332447076452332	0.472793318700867	0.651601974340515	0.428695521947937	0.424649707372742	0.448846565954285	0.404816682897644	1.00884956394012	0.615069362524109	0.258131803320007	-0.0599945982302856	0.325822644994812	0.423939009008484	0.995738751928406	0.361306509130554	0.522526733739929	0.0325402109127808	0.42167812851532	0.47358658164032	0.36977312851532	0.42167812851532	0.559917439675476	0.296005590148132	0.44964804926532	0.39328921251532
GATA2-cg06796779-3-128204927	0.436370846288757	0.3939043510495	0.0300101852780152	0.47629352707489	0.496186769445496	0.482842935033875	0.439525113195496	0.80122304849823	0.450059883153992	0.278658136694031	1.05405798349579	0.406986409154968	0.396299431982117	0.422779676488953	0.308681052709656	0.452223147253113	0.111484676733093	0.456454338171081	0.443635722326355	0.486750578283386	0.39808312851532	0.906318545629578	0.442824709570007	0.492962480749207	0.372449168737488	0.394123258276062	0.344587154211121	0.209585129613953	0.498231700292664	0.830780496984558	0.431556664648132	0.340917550024109	0.405487756078796	1.1035246491452	0.444356731115417	0.912958641454773	0.337153933569031	0.417239792028503	-0.0571776119021608	-0.293644745141907	0.419060637670593	0.182480849828796	0.314069025976257	0.53927237851532	0.838613281896667	0.301245429784851	0.416159450903015	0.344410993078308	-0.00464654018585209	0.630263277624207	0.375581682348328	0.650778846838074	0.155995065954285	0.335690517553406	0.857466831029968	0.511521846716003	0.441081088964539	0.506244744604187	0.404704292211609	0.391665477636414	0.351435336217957	0.347870453161316	0.617628334203796	0.685571132787781	0.254845573583679	-0.0405398279666138	0.676507415258484	0.405749779272156	0.423750522192078	1.07771027939423	0.472673504003601	0.166653981176453	0.42167812851532	0.39244558164032	0.45091412851532	0.42167812851532	0.755064478042663	0.45491562851532	0.391117087632507	-0.430450660117493
GATA2-cg07263393-3-128205274	0.43275592526825	0.577240430028992	0.857578264257507	0.483100606054382	0.506201848424988	0.398634014013367	0.397215192174988	0.750071127477722	0.454065962133484	0.446751215673523	0.972529062475281	0.404471488134461	0.366559510961609	0.426627755468445	0.261736131689148	-0.239946773767395	0.108228755712586	0.449403417150574	0.493963801305847	0.412797657262878	0.407647207494812	0.43650462460907	0.3979917885495	0.387022559728699	0.64022824771698	0.387989337255554	0.384518233190613	0.728511208593445	0.493382779272156	0.85933157596405	0.436781743627625	0.359415629003601	0.406581835058289	0.436595728124695	0.45198281009491	0.375420720434265	0.375537012548523	0.404453871007996	-0.0435495329226684	0.429172333837585	0.399810716650085	0.110707928808289	0.30938510495575	0.679807457494812	0.84270936087616	0.364201508764343	0.422544529882507	0.3766870720578	0.0417905387936402	0.771592356603699	0.37080776132782	0.471559925817566	0.234495144933777	0.543812596532898	0.41832791000946	0.499721925695496	0.443104167944031	0.472182823583679	0.408556371191101	0.466556556615906	0.348546415197449	0.371162532140808	0.625051413183289	0.573952211767273	0.257781652563171	-0.0474627489871216	0.389300494237976	0.410833858251648	0.42072360117157	1.10515035837372	0.493786582983093	0.429382060155945	0.42167812851532	0.39413908164032	0.44922062851532	0.42167812851532	0.176894703636414	0.36937685410907	0.559444313226257	0.476627042476257
GATA4-cg03007522-8-11562685	-0.409888538598938	0.386422966161804	0.74770280039032	0.495620142187195	0.5631293845578	0.508986550146179	0.4005377283078	0.263046663610535	0.262899498266296	0.454299751806335	0.893098598608093	0.583681024267273	0.868053047094421	0.422035291601257	0.25627066782196	0.445793762365418	0.0218072918453979	0.472659953283386	0.91961033743866	0.420569193395691	0.483962743627625	0.919782160741882	0.443810324682312	0.680716095861511	1.14606078384979	-0.180135126611633	0.360518769323425	0.514249744726257	0.185849315404968	1.01508211209686	0.518840279760437	0.365707165136414	0.142960371191101	1.19188126425751	0.460574346227722	0.174647256567078	0.564798548681335	-0.446004592859192	-0.00552899678985597	0.470018869970398	0.500975252782898	0.797921464941101	0.300801641088562	0.553146993627625	-0.0296441029910278	0.714927044897156	0.39536206601532	0.349429608190613	0.0363040749264527	0.381214892736511	0.392894297460632	0.343156461950378	0.119005681066589	0.69056213266571	0.360087446142273	0.359858461828308	0.404012704076843	0.392806359716492	0.454945907323913	0.246642092748718	0.409259951330261	0.360177068273621	0.925820949316101	0.113705747900085	0.446319188695984	0.463948787145691	0.438872030370789	0.42479539438446	1.04707513730438	0.357363894506531	0.360776119115906	0.337236596288757	0.42167812851532	0.39085908164032	0.45250062851532	0.42167812851532	0.296589105034851	1.03297625550751	0.551113714624695	-0.145372953125305
GATA5-cg04742780-20-61051915	0.162723139501648	0.43971064426239	0.0892864784909058	0.108797820287781	0.509854062658386	0.380906228246765	0.395294406408386	0.745648341711121	0.273661176366882	-0.0580285700930787	0.967164276708679	0.572808702367859	0.932246725195007	0.356643969701843	0.565270345922546	0.210409440466003	0.467888969945984	0.156363631383972	0.572029015539246	0.699025871496277	-0.45624757827179	0.985201838842468	-0.355104997217102	0.908393773962097	1.22679946195038	0.0436605514889525	0.934755447424011	0.479266422826843	0.279913993505554	0.513139790197449	0.463007957861023	0.404266843236999	0.427067049291687	0.388724942358093	0.449823024328308	0.176522934667664	0.348624226781921	0.423405085241394	-0.02664231868927	0.617647548070984	0.459452930883484	0.758606143041687	1.07972231918915	0.612186671728211	-0.031067424890442	1.12610472299774	0.428658744115906	-0.118340713708801	0.0741427530270385	0.395971570837097	0.405700975561218	0.465773140050964	0.215749359167175	1.0177088107663	0.392129124242859	0.923941139928894	0.357124382177429	0.466999037817078	0.417710585424499	-0.334687229150696	0.418230629430847	0.405123746374206	0.229567627416687	0.602285426000671	1.09079386679657	-0.0394515347537231	0.930200708471374	0.147316072485046	0.407692815404968	0.350883572607117	0.533592797216492	0.913046274389343	0.42167812851532	0.0358025816403199	0.80755712851532	0.42167812851532	0.900895478042664	0.31175362851532	0.534279087632507	0.260949225882507
GDF6-cg02246426-8-97162431	0.415282338842468	0.37064184360321	0.0310886778317263	0.418832019628601	0.510648261999207	0.599578427587586	0.152092605749206	0.253688541051941	0.448388375707703	0.414719629247742	1.0122474760495	0.377850901708679	0.326599924535828	0.467116169042664	1.04967054526337	-0.264524360193176	0.474935169286804	0.450526830724792	0.380235214880066	1.1244260708371	0.386187621069031	0.486656038183289	0.472300202123718	0.741794973302917	0.355744661291199	0.190010750829773	0.390599646764831	0.148798622167664	-0.388156807153625	0.634874989538269	0.123354157201843	1.16171904257782	0.383767248632507	0.998380141698914	0.310681223669128	0.360848134008484	0.847110426122742	0.420031284582214	0.72972788065155	-0.260877252588196	-0.0898968697756958	0.692760342382507	0.434600518529968	-0.0102971289309693	0.841599774450378	1.15686792233856	0.406227943456726	-0.050462514367981	0.0157599523678589	0.501282770177917	0.423185174902039	0.504081339391785	0.731283558507996	1.11301701010712	0.403957323583679	0.416017339269714	0.296243581518249	0.707923237157898	0.42207278476532	-0.401091029809875	0.326254828771667	0.339301945715027	0.623362826757507	0.309043625341492	1.11251106613739	0.693797664587097	1.13651190781219	0.428010271825867	0.378103014745789	0.608799771947937	0.489070996557312	0.741251473730164	0.42167812851532	0.0828400816403198	0.76051962851532	0.42167812851532	0.279943651995789	0.570825802468445	0.623547261585632	-0.129321142164368
GFI1-cg17858328-1-92952521	0.164428220556336	0.436619725317078	0.994684559545593	0.472860901342468	-0.316759856286926	0.433603309301453	0.378929487463074	0.606023422765808	0.46744125742157	0.558714510961609	0.612505357763367	0.352422783422546	0.416326806249695	0.0455640507565309	0.343700426977234	0.535160521520691	0.275401051000671	0.42244771243866	0.403081096593933	0.444555952550964	0.181827502782898	0.433870919897156	0.194144083837585	0.377934855016785	0.731163543005066	-0.10656436745636	0.413100528478699	0.152341503881531	0.504004074560242	0.418770871252136	0.533376038915711	0.423667924291687	0.509017130346375	0.419330023412781	0.286474105382996	0.220567015722351	0.414690307836609	-0.385963833703919	0.786312762365418	0.668625629125671	-0.0992549880618286	0.841061224096375	0.763104400243836	-0.091438247217102	0.0266366561642457	0.733496804052429	0.490727825170593	0.453775367345886	0.732266834081726	0.427838651891785	0.423216056615906	0.396548221105652	1.02381644022186	0.281593891820984	0.421678205297546	0.419515220983582	-0.359055536767883	0.621935118871765	0.195093666479187	0.647393851903992	0.425241710485535	0.414976827428894	0.304473708471374	0.209598507055359	0.335590947851257	0.544463546300964	0.590127789526062	0.486175153539734	0.423153896459656	0.414697653661804	-0.237121121728821	0.903384355444031	0.42167812851532	0.46282758164032	0.38053212851532	0.42167812851532	1.06792766813641	0.43493681860907	0.334850277726257	0.411067077976257
GIPC2-cg01074657-1-78511466	0.53523828464325	0.428841789403992	1.00490862363251	-0.115642034570618	0.602928207799988	0.409171373388367	0.515001551549988	0.730987486852722	0.511924321508484	0.543526575048523	0.952085421850281	0.50592484750946	0.399177870336609	-0.331170885156555	0.281379491064148	0.520805585607605	0.415235115087585	0.568867776525574	0.431123160680847	0.398046016637878	-0.436638433130188	0.39657498398407	0.3206051479245	0.366408919103699	0.40079760709198	-0.139353303369446	0.398374592565613	0.140956567968445	0.523220138647156	0.42267293533905	0.168953103002625	0.420387988378601	0.297182194433289	0.403799087499695	0.51075116946991	0.360350079809265	0.819317371923523	0.488366230382996	0.847505826452332	-0.206081306787414	0.521098076025086	0.0574712881832887	0.33837546433075	0.710213816869812	0.90289072025116	1.25374986813934	0.498689889257507	0.4825594314328	0.11150189816864	0.900758715978699	0.42285312070282	0.385780285192566	0.939375504308777	1.1794519559079	0.49104426938446	0.405347285070496	0.548686527319031	0.576885182958679	0.494145730566101	-0.324804084009094	0.404725774572449	0.399587891515808	0.275210772558289	-0.058185428857727	0.332028011938171	0.657710610387878	0.402091853612976	0.518109217626648	0.41442996054657	0.392878717748718	0.492970942358093	0.959926419530945	0.42167812851532	0.38392058164032	0.45943912851532	0.42167812851532	0.478750089175476	0.225667239648132	0.36924169876532	0.47369556301532
GJA3-cg25524962-13-20735819	0.5616548822995	0.442571387060242	0.109344221288757	0.545545563085632	-0.136411194543762	0.438552971044617	0.402377149206238	0.852627084508972	0.500781919164734	0.556188172704773	0.317466019506531	0.27915144516571	0.422023467992859	0.472924712499695	0.293822088720398	-0.220378816736145	0.112775712743836	0.325126374181824	0.422047758337097	0.438996614294128	0.535774164526062	0.42294058164032	0.47463174558075	0.380166516759949	0.42486920474823	0.701589294286804	0.421029190221863	0.150790165624695	-0.158874263696594	0.4336735329953	0.562100700658875	0.446470586034851	0.541659792089539	0.424207685155945	0.47751876712616	0.232977677465515	0.418461969579773	0.489463828039246	0.734778424108582	-0.183726709131165	0.0847916736813354	-0.0380741141604614	0.543002061987	0.027953414526062	0.0313053179074097	0.531876465795593	0.533163486913757	0.53377702908905	0.15164549582489	0.432466313634949	0.42478771835907	0.408832882848816	0.257435101965027	0.288350553564148	0.41993486704071	0.426403882726746	0.568365124975281	0.0432147806149292	0.501813328222351	0.318972513647156	0.427994372228699	0.440918489172058	0.291524370214539	-0.016727831201477	0.374041609594421	0.0286482080441285	0.419175451269226	0.537057815282898	0.42527655820282	0.419676315404968	0.503220540014343	0.0658630171871948	0.42167812851532	0.31147558164032	0.53188412851532	0.42167812851532	0.271876583136414	0.51007573360907	0.653729192726257	0.335928162976257
GJB2-cg00347757-13-20768560	0.517750585302429	0.405175090063171	0.240713924291687	0.217252266088562	0.565811508459168	0.407221674047546	0.433631852209168	0.778552787511902	0.491628622167664	0.515531875707703	0.98972372250946	0.56853814816864	0.368617170995789	0.457285415502625	1.04349879172333	0.515961886266785	0.305315415746765	0.488375077184753	0.662359461340027	0.408752317297058	0.484292867528992	0.51065628464325	0.536198448583679	0.348587219762878	0.57610690775116	0.667883997289734	0.408387893224793	0.111667868627625	0.507566439306335	0.72300823599823	0.469143403661804	0.392741289037781	0.127774495092468	0.390818388158874	0.506533470129089	0.930010380468445	1.2122456725827	0.473114531042175	0.230669127111511	0.662152993871765	0.464898376684265	-0.0791034111575316	0.288292764989929	0.604384117528992	-0.00207697908966059	0.546904168798523	0.480330189916687	0.24561273209198	0.10064819882782	0.395079016637878	0.891955421362	0.408418585851746	0.523855804967956	0.268890256567078	0.40481857004364	0.400904585729675	-0.0294371720217895	0.760322483617859	0.467238031225281	-0.198895783349915	0.401861075231628	0.379327192174988	0.979202073217468	0.235184871801453	0.592227312597351	0.278334911047058	0.386238154272156	0.199647518285828	0.39340226120575	0.380907018407898	-0.080630756982727	0.154503720190124	0.42167812851532	0.41202108164032	0.43133862851532	0.42167812851532	0.280665345128601	1.21362749560126	-0.0894390452815551	0.567008654968445
GJB2-cg05850327-13-20768236	0.473422510473328	0.40666801523407	0.854356849462586	0.48853819125946	0.483872433630066	0.665897599218445	0.376639777380066	0.7258977126828	0.444835547338562	0.155317800878601	0.883543647680359	0.470544073339539	0.376263096166687	0.353988340673523	0.308817716894226	0.470411811437683	0.470977340917664	0.439793002355652	0.872146386510925	0.394486242467957	0.46224779269989	0.411538209814148	0.449061373754578	0.350367144933777	0.380994832922058	0.258530922460632	0.375721818395691	0.355374793798523	0.475490364477234	1.13078216116913	0.420994328832703	0.400284214208679	0.444833420263367	0.452151313329773	0.441014395299988	0.210013305639343	0.572556597753601	0.456136456213074	0.41883905228241	-0.110158080957336	0.475351301855164	0.789758514013367	0.964121690160827	0.42037304269989	0.0504519460812379	1.01789509396942	0.459827115087585	0.439976657262878	0.833269123998718	0.392296941808777	0.384879346532898	0.535554511022644	0.948990730138855	0.284881181737976	0.379070495214539	0.420264510900574	-0.343547246850891	0.732511408788757	0.447190956396179	0.309032141820984	0.390760000402527	0.391417117345886	0.272575998388367	0.400509796972351	0.997871237768249	0.370791836217957	0.386845079443054	0.185090443456726	0.410879186376648	0.403932943578796	0.487842168188171	0.019246645361023	0.42167812851532	0.26668858164032	0.57667112851532	0.42167812851532	0.295578529128601	1.12353267960126	-0.162053861281555	0.552095470968445
GLB1L3-cg10122477-11-134147327	0.428096196874695	0.510289701635437	0.899108535863953	0.342847877660828	0.477117120031433	0.386786285619812	0.419516463781433	0.412509399084168	0.359435233739929	0.339873487279968	1.07101833408173	0.448839759740906	0.483631782568054	0.43510302707489	0.279038403295593	0.38979349783905	0.243456027319031	0.442851688757019	0.600618072912293	0.400569928869324	0.380442479101257	0.436710896215515	0.395407060155945	0.432696831335144	0.494613519323425	-0.107386391138001	1.19454750479706	0.58032148019989	0.427983050878601	0.827661847570496	-0.34115798476593	0.402745900610046	-0.375620893335266	0.38028499973114	0.418561081701355	0.27926299204071	1.22002728415497	0.412708142614441	0.0900527386837769	0.568418605444031	-0.344305011743469	0.329269200414734	0.604536376562195	0.667872729101257	0.823913632482605	0.350305780370789	0.413247801488953	0.478768343664246	0.0528238104000854	0.975373628210144	0.385146032934265	0.449670197424011	0.185985416540222	1.05808086813934	0.427906181615906	0.463864197301941	0.421218439550476	-0.142084904809876	0.405286642797546	0.144628828222351	0.367608686803894	1.16112680374725	0.252747684789734	0.643371483373718	0.371380924169617	0.436571522619324	0.428991765844421	0.385948129858093	0.396576872778015	1.17783362998016	0.491163854589539	0.59951333176239	0.42167812851532	0.11417258164032	0.72918712851532	0.42167812851532	0.727263978042664	0.33371212851532	0.512320587632507	-0.278174412117492
GNAS-cg09885502-20-57463991	0.468611676488953	0.367637181249695	0.847697015478211	-0.441983642724914	-0.144701400354309	0.77421976523407	-0.475219056604309	0.941461878698426	0.446536713354187	0.496670966894226	1.13182381369598	0.137044239355164	0.296326262182312	-0.434614493310852	1.09616988290985	-0.0953070225466918	0.411253506933289	0.157564168371277	0.29360155252655	0.926904408483581	-0.105257041284485	0.768098375829773	-0.445309460229797	0.804661310949402	1.24008999893768	-0.253585911523743	0.838981984411316	0.0455549598141479	-0.409524469507141	0.808273327184753	0.250694494848328	1.2431293802243	0.416397586278992	0.310664479345398	0.450501561315613	0.775478471654968	0.318347763769226	0.429012622228699	0.840150218298035	-0.335321914941711	-0.0656665321292114	0.583748680028992	1.15861885617645	0.292291208715515	0.849388112096863	0.319264259985046	0.42454728110321	0.108743823278503	0.519363290014343	0.316719107824402	0.864700512548523	1.21279567703827	0.99283889615448	0.642122347753601	1.24038466123016	0.792489676916199	-0.469969080835266	0.687186574804382	0.062321122411804	-0.401061692163391	0.941481166418152	0.291401283361511	0.626084164403992	0.767845962987976	1.12479140378387	-0.0532329977664184	0.304698245458679	0.328344609472351	0.305366352392273	0.729310109594421	-0.397181665796203	-0.0260341886233521	0.42167812851532	-0.12963741835968	0.97299712851532	0.42167812851532	0.848332091636414	0.50299824210907	0.270390701226257	0.343005654476257
GNG7-cg19851563-19-2546844	0.419575244970398	0.44853574973114	0.737138583959656	0.442946925756531	-0.0976968318728637	0.473526333715515	0.397713511877136	0.699215447179871	0.386463281835632	0.459545535375671	0.510108382177429	0.386146807836609	0.485399830663757	0.376251075170593	0.977689451391296	-0.394759454065247	0.194928075414734	-0.182262263147278	1.126359121008	0.611776976965027	0.42124852719696	0.591762944311218	0.426265108251648	1.04752387943085	0.514730567419128	-0.172185343042297	0.317324552892761	0.537894528295593	0.154944098974304	0.311170895666199	0.456990063329773	0.35526894870575	0.438634154760437	1.17265404782684	0.434095129797058	0.668803040136414	0.307694332250671	0.398630190710144	0.02484178677948	-0.335324346460266	0.390560036352234	-0.160674751489563	0.464501424657898	-0.190486222803039	0.654322680578308	0.277978828466492	0.390965849584656	0.473723391759949	0.0738888584957886	0.381954676305847	1.02629008102997	0.516030245519714	0.0859584646359253	1.10512891623505	0.383138229711609	0.515016245397644	0.428262487646179	-0.236440856714172	0.207337690893249	0.350742876318054	0.360919734899597	0.448119851842957	0.256186732885437	0.0509735314694214	0.64789597226532	0.729898570715027	0.525563813940125	0.388132177953796	0.564575920873718	0.354793678075867	0.452334902685242	-0.0204186201419068	0.42167812851532	0.30298158164032	0.54037812851532	0.42167812851532	0.322967651995789	0.527801802468445	0.234155261585632	0.629607795835632
GPR62-cg25499397-3-51990575	0.472224373388367	0.335395878149109	0.0020697123776246	0.4736840541745	-0.411491703454895	0.341430462133484	0.421247640295105	0.772923575597839	0.392802410253601	0.46856966379364	0.199596510595398	0.484929936254578	0.923621959081726	0.410229203588562	0.209578579809265	0.410462674352722	0.724626203832703	-0.323721134729309	0.579905249425964	0.317065105382996	0.431181655614929	0.371131072729187	0.412517236669617	0.658879007848816	0.765838695837097	0.678704785375671	1.16672068131073	0.748663656713562	0.422329227392273	0.849086024084167	0.452645191747742	1.18799207712372	0.446756283178406	0.326994176244812	0.418135258215027	0.973498168554382	1.13736846066864	0.419850319128113	0.783307915197449	-0.149471218042297	0.203073164770203	-0.137447623071594	0.707493553075867	0.639064905614929	0.674992808996277	0.53486995688446	0.440087978002625	0.249415520177917	-0.00501101308624269	0.555166804723816	0.353750209447937	0.335997373937683	0.933232593053894	0.474956044653015	1.02432935812958	0.351098373815613	0.470255616064148	-0.139213728296204	0.414189819311218	0.404319004736023	0.321340863317566	0.337435980260925	0.187877861303406	0.58197065988739	0.217846100683289	0.716759699132996	0.345951942358093	0.419321306371765	0.323884049291687	0.361617806493835	0.41004203110321	0.882789508276062	0.42167812851532	0.32163008164032	0.52172962851532	0.42167812851532	0.640461404675476	0.377884555148132	0.44933901426532	0.39359824751532
GPRC5B-cg07519235-16-19894978	0.408172868139343	0.342028372900086	0.736305207128601	-0.420411451074524	0.426181791296082	0.32911595688446	-0.480953864953919	0.773328070348816	0.407169905004578	0.402630158544617	0.989309005346375	0.491985431005554	0.328289453832703	-0.399017301660461	0.840124074560242	0.393702169103699	0.769935698583679	0.184685360021668	0.348683744176941	0.345701600133972	0.126402150365906	0.332780567480164	-0.395893268579407	0.845708502599792	0.771072190588074	0.522894280126648	1.16335617606171	0.710635151464539	0.45450172214325	1.08899851883514	0.211697686498718	1.16367557187469	0.336911777929382	1.17328867099579	-0.417428247033996	1.01008166330536	1.13859895541962	0.354063813879089	0.719264409948425	0.227981276708679	-0.450154340478821	0.726654871679382	0.328701047826843	0.687348400365906	0.311809303747253	0.881729451635437	-0.437425527246399	0.433040014928894	0.764734481664734	0.337762299474793	0.316180704198914	0.55543586868866	0.655392087804871	0.400026539403992	0.544629852880554	1.05428486856659	0.414230110815125	0.377562766454773	0.288346314062195	-0.311868500513	1.12712635806854	0.417964475011902	1.01217935605438	0.509060154638367	0.215467595434265	0.666870193883972	0.99160243710907	0.387591801122742	0.343965544042664	0.655920301244812	0.474807525854187	0.736804003027039	0.42167812851532	0.43355258164032	0.40980712851532	0.42167812851532	0.902797239636414	0.39054239010907	0.231954849226257	0.455461506476257
GPT-cg09265054-8-145728138	0.337802910253601	0.399985415014343	0.202851249242859	0.510492591039734	0.542693833410339	0.465472998998718	0.489622177160339	0.970483112463074	-0.371381052881165	0.109630200658874	1.16520704746063	0.352452473119812	0.39069249594696	0.525370740453796	1.1492921166745	0.492342211217957	0.133351740697937	0.522069402135925	0.464786786291199	0.48916764224823	0.438254192480164	0.523750609594421	0.464773773534851	0.40701754471405	0.364908232702332	-0.158142677759094	0.344072218175964	0.330818193578796	0.552167764257507	1.2537685609494	0.506179728612976	0.352687613988953	-0.18819617995636	0.391366713110046	0.480719795080261	0.208502705419617	0.331528997533874	0.311770855993347	0.250795452062683	0.630391318822937	-0.324538298364563	0.26101491379364	0.470393089941101	-0.134096557519836	0.289925345861511	0.327635493749695	0.198334514867859	0.616692057043152	0.0389915237789917	0.47261634158905	0.452916746313171	0.489950910802917	0.121588129919128	0.21207658151825	0.410483894994812	0.534785910680847	0.494761152929382	-0.149006191430969	-0.463341643823547	0.317590541601257	0.6889554001828	0.47116551712616	1.11967439816864	0.117323196752624	0.581154637548523	0.86802923599823	0.433586479223328	0.479307843236999	0.475656586156921	0.37019334335907	0.584160567968445	0.00926904514129634	0.42167812851532	0.18425108164032	0.65910862851532	0.42167812851532	0.279507151995789	0.571262302468445	-0.122368238414368	0.709664293835632
GRAMD1A-cg07759570-19-35491951	0.469240160986023	0.442254665746765	0.258149499975281	0.371783841772156	-0.233067915857239	0.43802324973114	0.519037427892761	0.129488363195496	0.0954441978512573	0.570321451391297	0.314888298193054	0.602547723852234	0.411916746679382	-0.276569008813782	1.10897736740692	0.0703474619503784	0.470593991430359	0.408043652868347	0.411709037023621	0.430735892980652	0.530964443212586	0.433068860326843	0.504903024267273	0.378493795446472	0.423936483434753	-0.120013427026673	0.421844468908386	0.733729444311218	0.602644014989929	0.423175811681824	0.493500979345398	0.432613864721375	-0.377665929223938	0.423852963842468	0.486681045812683	1.09752595615204	0.419252248266296	0.535557106725769	0.024848702795105	0.656759569555359	0.515090952367859	0.426498164526062	0.348464340673523	0.389768693212586	0.0376775965939332	0.416563744482117	0.329813765600281	0.481816307775574	0.132147774511414	0.431007592321472	0.421673997045593	0.395948161535339	0.89739638065155	0.304538832250671	1.00541914572723	0.428415161413269	0.573868403661804	-0.120867940698547	-0.147119393091126	0.219677792333679	0.429643650915222	0.429587767858582	0.288164648901062	-0.0426475525149536	0.329572888280945	0.865749486730652	0.41448572995575	0.511813093969421	0.420701836889343	0.418595594091492	0.560319818700867	0.0663392958737183	0.42167812851532	0.65454358164032	0.18881612851532	0.42167812851532	0.416952151995789	0.433817302468445	0.532468761585632	0.217297459835632
GRB7-cg05058167-17-37895424	0.534304438451843	0.432104943212585	0.240523777441101	0.486607119237976	0.563196361608582	0.46393352719696	0.415153705358581	0.219326640661316	0.456809475317078	0.485798728857117	0.391942575658875	0.477104001318054	0.427244024145203	0.479602268652039	0.276001644872742	-0.351001260583801	0.293395268896179	0.477427930334167	0.548081314489441	0.422325170446472	0.524453720678406	0.481288137792664	0.445420301733093	0.440174072912292	0.422573760900574	0.676774850439148	0.409328746374207	0.194865721777039	0.493930292455749	0.444963089147644	0.437564256811218	0.414580142187195	0.475536348241882	0.407177241308289	0.473412323278503	0.418361233617859	0.408033525732117	0.509108384191589	0.0369359802609253	-0.231522152978821	0.0714272298336792	0.837753441991882	0.367118618139343	0.494457970678406	0.796702874059753	0.379107021947937	0.516670043066101	0.382205585241394	0.477205051977234	0.437092869787293	0.410502274511414	0.42016643900116	0.176924658117371	0.275856109716492	0.421915423193054	0.447437438879089	0.0822586811276246	0.286032336767273	0.491164884374695	0.1688970697995	0.421307928381042	0.411120045324402	0.339050926366882	0.0829337249508667	1.08316916574677	0.256165764196472	0.46151500742157	0.435632371435242	0.439450114355164	0.412667871557312	0.0286510961666869	0.0703055733395385	0.42167812851532	0.30897708164032	0.53438262851532	0.42167812851532	0.336182651995789	0.514586802468445	0.602227261585632	0.233567315835632
GRB7-cg14263391-17-37894014	0.492934638036804	0.420909142797546	0.934191977026062	-0.398589681177063	-0.0569524388064575	0.375355726781921	0.433126904943542	0.827340840246277	0.466506674902039	0.165109928442078	0.548191775243835	-0.158858799096985	0.465031223730164	0.471940468237	0.295550844457703	0.46118493900116	0.35003546848114	0.508442129919128	0.643954514074402	0.385985370031433	0.463964920263367	0.625109337377625	0.487790501318054	0.565478272497253	0.913585960485535	0.691785050024109	0.341091945959167	0.414104921362	0.49613949204071	0.353646288732605	0.481382456396179	0.364060341772156	0.425774547826843	0.40761544089325	0.490020522863464	0.20005743320282	0.343931725317078	0.44234158377655	0.560768179845886	0.61331404660614	0.48507442941864	0.264445641576843	0.381587817724304	-0.142512829736633	0.0332960736447144	0.313362221532898	0.462455242651062	0.462688784826355	0.0251752515621949	0.398555069372253	0.381115474096374	0.538821638586121	0.210511857702332	0.199377309301453	0.423007622778015	0.53464763846405	-0.433973119287415	0.232997536352234	0.451986083959656	-0.24724973061554	0.412749127966003	0.434916244909363	0.272316125951843	0.150773924535828	0.378197365331726	-0.0519330362185669	0.426453207006531	0.446114571020203	0.426812313940125	0.396605071142273	0.545454295751648	0.0191287729244995	0.42167812851532	0.45893508164032	0.38442462851532	0.42167812851532	0.371288079128601	0.580020229601257	0.0418136887184448	0.476385920968445
GRIK2-cg05942459-6-101846805	-0.356820099267883	0.428883405492859	0.898299239721375	0.50375358151825	0.545855823888855	0.478269989477234	0.374409167638855	0.107717102941589	0.410104937597351	0.21558719113739	1.01005303793915	-0.231198536401672	1.11939848642548	0.387286730932312	0.307846107153015	0.485776201696472	0.0573477311764526	0.503463392614441	0.400365776769714	0.882914632726746	0.412815182958679	0.443030600072937	0.467684764013367	0.363939535192566	0.399428223180847	0.729060312719421	1.22809520865448	0.132379184057312	-0.180485245263977	1.24112855142792	-0.363866280908508	1.15432760446747	-0.253233189477844	0.797252703588562	-0.376625214441223	0.204424695898132	0.62120298801239	-0.0493481535281373	0.451381442541199	-0.234907690698547	0.276259692113953	-0.0400640957278443	0.342311080419617	-0.107469567041321	0.937550336340027	0.77819248422821	-0.304422494653625	-0.0462539524783326	1.02603051425751	0.409791332067566	1.17120273679169	0.404959901281433	0.372478120397644	1.15676757199677	0.403177885473328	0.964098901159363	-0.376636856592102	0.730824799047546	0.373955346654968	0.617257532079773	0.415537390661316	1.08075150760468	0.633462388647156	0.17443818723114	1.09754962802704	0.833496226476746	0.391184469701843	0.471094833715515	1.03647557663544	1.14609233383759	0.52039855844696	0.781295035619812	0.42167812851532	0.19693858164032	0.64642112851532	0.42167812851532	0.300247305175476	0.759091455648132	0.42193591476532	0.42100134701532
GRIK2-cg13080565-6-101846797	-0.222738070215149	0.405105434545593	0.873450268774109	0.436221610570984	0.512561852941589	0.411108018529968	0.414435196691589	0.0978601319943238	0.354985966650085	0.210716220190125	0.989627066991882	-0.289602507348938	1.06913751547821	0.436018759985046	0.233516136205749	0.406006230749207	0.00994276022918705	0.421111421667175	0.347708805822449	0.95017066177948	0.419901212011414	0.540146629125671	0.425426793066101	0.3056575642453	0.340976252233581	0.683500341772156	1.19174223770721	0.0812402131100464	0.266758783788757	1.24560958048065	-0.434362251855774	1.2334626335202	-0.23230016042511	1.1591647326413	-0.439315185388489	0.140702724950867	0.705513017065124	0.246251875524597	0.469046471593933	-0.298467661645813	0.253902721166687	-0.0477130666751099	0.300930109472351	-0.168419537988586	0.876151365392761	0.768473513280945	0.0307825343991091	0.0833970765744018	0.944706543310242	0.3527293611203	1.18349476584442	0.351559930334167	0.457899149450378	1.0956076010495	0.673288914526062	0.924439930212097	-0.251279827539368	0.662169828100281	0.411993375707703	0.550253561132507	0.37012941971405	0.80296553665741	0.67982141769989	0.117780216283875	1.05575865707977	0.76563725552948	0.326418498754578	0.43880586276825	1.00816760568817	1.13627336289032	0.463248587499695	0.813201064672546	0.42167812851532	0.18072458164032	0.66263512851532	0.42167812851532	0.135719980675476	0.870707131148132	0.45086059026532	0.39207667151532
GRIK2-cg24753760-6-101846767	-0.12105060964386	0.404558895116882	0.879504729345398	0.448548071142273	0.498683313512878	0.424372479101257	0.389287657262878	0.201909592565613	0.0843284272213744	0.0706506807614136	0.963084527563171	-0.261885046777649	1.0516129760495	0.395160220556335	0.264078596777039	0.240292691320496	0.0695052208004761	0.431110882238464	0.404099266393738	0.753381122350769	0.219757672582703	0.81828508969696	0.42132725363739	0.397599024816589	0.373232712804871	0.645933802343445	1.1877876982785	0.148735673681335	0.441787244360046	0.935416041051941	-0.394013791284485	0.430003094091492	0.0534553001461792	1.15446519321259	-0.3700097248172	0.200715185522156	1.06372447763641	0.366679336095886	0.192170932165222	-0.207130201074524	0.224019181737976	-0.0816166061038207	0.34148557004364	-0.128757077417297	0.87077582596405	0.451232973852234	-0.072853005029602	0.151842537145691	0.955674003881531	0.438823821691589	1.09391922641571	0.893235390905456	0.239106610021668	1.09685806162079	0.380791375097351	0.947912390783386	-0.397848366968079	0.64642528867157	0.401126836278992	0.522342021703796	0.422046880285339	1.0825699972287	0.639857878271179	0.156339676855164	1.02407911765106	0.765516716100769	0.377234959325867	0.439397323339539	1.01804306625946	1.17661282346161	0.460279048070984	0.716750525243835	0.42167812851532	0.15945508164032	0.68390462851532	0.42167812851532	0.390824105034851	0.977797255507507	0.456878714624695	0.256580285874695
GRIN2D-cg15779837-19-48918116	-0.145968061181946	0.392607443578796	0.917412277807312	0.518883619604187	0.524389861974793	0.349044027563171	0.464259205724792	0.439411141027527	0.430298975683289	0.472432229223328	0.214175076025085	0.249750501684265	0.686369524511414	0.24633876901825	0.697496145238953	-0.41934776021759	0.48501376926239	0.410879430700378	0.323774814855652	0.356648670812683	0.439640221044617	0.370185638158875	0.369050802099304	0.769723573278503	0.350558261266785	0.711985350805359	1.00997124674042	0.0627542221432495	0.43731879282196	1.22363458951386	0.300155757177429	0.364258642553406	0.458776848608093	0.365881741674499	0.449277823644714	0.13942573398407	0.338888026098328	0.4537078845578	-0.00613551937286372	0.59282434738739	-0.21101726980011	0.805001942358093	0.439366118505554	0.688134471044617	0.835579374425964	0.335089522314148	0.444180543432312	0.218521085607605	0.944879552343445	0.860539370153503	1.12475277487762	0.388576939367371	0.144377158483582	0.243332610082703	0.401965923559265	0.3910289392453	0.491516181493835	0.554997837133484	0.442115384740906	0.31267257016571	0.353653428747253	0.387287545690613	1.03819142673309	-0.130875774682922	0.249472666112976	0.0469962645626831	0.730652507787781	0.443784871801453	0.758186614721374	0.347410371923523	-0.333891403467102	0.46225407370575	0.42167812851532	0.54106508164032	0.30229462851532	0.42167812851532	0.340760978042664	0.46069812851532	0.385334587632507	0.651735765882507
GSC-cg01163842-14-95235125	0.453393156347351	0.334888661108093	0.812545495336609	0.476288837133484	0.519785079504089	0.417152245092468	0.383906423254089	0.598289358556824	0.410043193212585	0.477426446752625	0.204150293554382	0.466348719213562	0.311342742040711	0.448588986547546	0.90870936276825	0.0974744573117066	0.358111986791687	0.395781648229675	0.344916032384949	0.32171288834198	0.436199438573914	0.322175855688171	0.435810019628601	0.7321197908078	0.326307478796082	0.675998568334656	0.335371464269714	0.728565439672546	0.0262280103512574	0.326538807043152	0.402009974706726	0.431975860082703	0.45868906613739	0.319896959203796	0.428216041174011	0.129669951513367	1.24084124362762	0.415258102087097	0.573975698156433	0.573764564916687	0.459619947729187	0.42133915988739	0.993303336034851	-0.191129311426086	0.842765591955261	0.652251739843445	0.428163760961609	0.232447303136902	0.599446769872742	0.3267845876828	0.311782992406921	0.331798156896668	0.0728253760128785	0.312729827612	0.334440141088562	0.317070156774597	0.476164399023132	0.530030054662781	0.419212602270203	-0.403653212304993	1.09715064627655	0.31777576321991	1.08737864426239	0.446034442846375	0.318026883642273	0.55902748209198	0.320837725317078	0.42897008933075	0.830070832250671	0.35084358945282	0.507874814062195	0.0165642912350464	0.42167812851532	0.35848808164032	0.48487162851532	0.42167812851532	0.257082151995789	0.593687302468445	0.665880761585632	-0.0710407121643676
GSX2-cg13506653-4-54965863	0.351721311864929	0.441261816625671	0.993303650854187	0.581816992651062	0.324924235021668	0.428901400610046	0.526227578771667	0.158229514074402	0.540346348730164	0.398334602270203	0.30336844907196	0.58698487473114	0.402240897558289	0.546565142065125	0.937619518285828	0.584289612829285	0.870770142309265	0.239147803747253	0.591477187902527	0.411102043859558	0.188311594091492	0.43493901120575	0.555322175146179	0.373048946325378	0.41621563431366	0.116434723852234	0.499434619787292	0.142562595190125	0.615928165868835	0.43234596256073	0.382068130224304	0.423839015600281	0.452724221654968	0.418375114721375	0.532509196691589	0.357476107030945	0.405760399145203	0.549341257604675	0.114072853674011	0.579610720434265	0.258579103246765	0.891802315404968	0.333201491552429	0.471336844091492	0.0227427474728394	0.394295895361023	0.544226916479187	0.62023545865448	0.13976492539032	0.419101743200378	0.4193721479245	0.398389312414246	1.06649153153046	0.299076983129578	0.41953029660614	0.411277312292175	0.586734554540711	-0.111402789819641	0.521664757787781	-0.308698056787414	0.421170801794128	0.410389918737488	1.17227579977997	0.676026598363953	0.544862039159851	0.751419637609558	0.403485880834656	0.529259244848328	0.428354987768249	0.410589744970398	0.611466969579773	0.154291446752625	0.42167812851532	0.66193158164032	0.18142812851532	0.42167812851532	0.857666369675476	0.197681520148132	0.41752797926532	0.42540928251532
GTF2B-cg14010405-1-89357911	-0.495541865991516	0.384675638769226	0.130982472997742	-0.430701185205383	0.439204057165222	0.833057222753601	-0.460631599084778	0.874599336217956	-0.451299829126282	0.426783424413757	0.360279271215515	0.498593696874695	1.16344871970184	-0.336307035791321	1.01633334042938	0.265835434972839	0.81375896445282	-0.413147374109192	0.608120010046082	1.14388986600311	-0.531943583764954	0.857596833349304	-0.416467002710266	0.621020768468933	0.405067456457214	0.619828545995789	1.17526444193085	0.489886417333679	-0.28087701198761	1.16323978470429	-0.451209047632141	1.13275283774384	-0.477348956201477	0.348990936864929	-0.476747981164856	0.9511129291745	1.17622722128876	-0.49950992025177	0.762861675817566	0.51376654257782	0.37219692539032	0.708597137548523	1.02120831369598	0.00290066623504631	0.142660569616394	0.304005717504578	-0.534390261377258	0.360764280798035	-0.00818825246612548	0.737297565343933	1.16820797006805	0.6537851345578	0.852093353674011	0.178884805273132	0.623237118749695	0.64118713443573	-0.138295623315735	0.540940032323914	-0.556974420068664	-0.44145523464386	0.315291623937683	1.14075474088104	0.288392621923523	0.613133420507507	0.923661861303406	0.405631459753113	0.76216070297821	-0.485250933008118	0.441162809911804	0.427903567113953	0.415109791723328	0.0084532688961792	0.42167812851532	0.21196608164032	0.63139362851532	0.42167812851532	0.168180105136414	0.39306925560907	0.545663714726257	0.452934640976257
GYPC-cg13901526-2-127414455	-0.345859736352844	0.433321768407898	0.194874602636414	0.452940944433289	0.566970186803894	0.430053352392273	0.421330530553894	0.113780465856628	0.47763930051239	0.209277554052429	0.915654400854187	0.365791826513367	0.418296849340515	-0.226667906152649	1.04173147006805	0.439415564611511	0.669328094091492	0.47475775552948	0.414248139684753	0.422103995641785	0.456652545873718	0.414061962987976	-0.302433873071594	0.387171898107605	0.423819586095886	-0.12150832436554	0.418602571569519	0.735423546972351	0.454086117651062	0.423386914342957	0.461606082006531	0.422933967382507	0.448224173437195	0.418209066503601	0.401536148473816	0.229921058813171	0.449304350927429	0.122615209386902	0.0411488054562378	0.622631672216492	0.465513055028992	0.234187267187195	0.339507443334656	0.675232795873718	0.865491699255066	0.94329584714325	0.417559868261414	0.401930410436707	0.175443877172546	0.421558694982605	0.418650099706726	0.391120264196472	0.285421483312683	0.933469934911804	0.679723248388367	0.417146264074402	0.449807506322937	0.523551161962585	-0.405940290429993	0.563931894994812	0.422869753576355	0.504020870519714	0.285899751562195	-0.0140484498538208	0.318427990942078	0.809807589391785	0.555327832616882	0.419984196630554	0.420598939550476	0.414591696752625	0.486375921361999	0.457758398534851	0.42167812851532	0.58760158164032	0.25575812851532	0.42167812851532	0.429593105034851	0.392936255507507	0.418109714624695	0.505760870874695
GYPC-cg15975865-2-127413831	-0.339854933008118	0.443006571752625	0.90072340598114	0.498136747778015	0.102202990148621	0.436652155737	0.419406333898621	0.121909269201355	0.392559103857117	0.253804357397156	0.407383204198914	0.389228629858093	0.416348652685242	-0.314920102807922	0.829993273412781	0.437460367956238	0.623738897436218	0.441238558874206	0.40886494302948	0.422286798986511	0.527321349218445	0.428977766332703	-0.252437069726868	0.380420701452332	0.420092389440613	-0.114758521020813	0.420399374914246	0.197392350317078	0.470505920995789	0.425923717687683	0.458650885351257	0.430416770727234	0.542551976781921	0.428954869848328	0.399741951818542	0.230726862157898	0.425632154272156	0.119832012731628	0.0236246088009644	0.203405475561218	0.448315858373718	-0.0393699294680786	0.338384246679382	0.608406599218445	0.853008502599792	0.533279650487976	0.50202067160614	0.433235213781433	0.116858680517273	0.431160498327332	0.423923903051453	0.396929067541199	0.19481328665741	0.291884738256531	0.567479051733093	0.422619067419128	0.494376309667664	0.533525965307312	-0.406335487085266	0.591853698339538	0.430168556921082	0.423872673864441	0.292365554906921	0.0861783534909058	0.322484794286804	0.0568403927365113	0.419810635961609	0.435359999975281	0.425001742895203	0.420430500097351	0.468177724706726	0.920619201879578	0.42167812851532	0.34214658164032	0.50121312851532	0.42167812851532	0.219312478042664	0.40968362851532	0.436349087632507	0.487790447882507
GYPC-cg17105014-2-127413363	-0.377153401269837	0.391035103490906	0.851506937719421	0.411465279516296	0.505714521886902	0.380578687475281	0.413435865636902	0.295858800939636	0.386922635595398	0.0931028891354371	0.751832735937195	0.225523161596374	0.716495184423523	-0.381269571069641	0.993039805151062	0.432762899694519	0.6323274291745	0.443065090612488	0.551290474767761	0.383078330724792	0.416217880956726	0.476903298070984	-0.382753537988587	0.532718233190613	0.481465921178894	-0.165765989282532	0.385485906652527	0.623925882055359	0.44772545273407	0.579861249425964	0.436506417089539	0.374432302465515	0.442748508520203	0.395396401586609	0.401641483556824	0.424562393896179	1.00264168601044	-0.20760145553009	-0.0175298594607544	0.584137007299499	0.448526390111999	0.0188036022702026	0.384758778417664	0.638932130956726	0.840830034338074	0.678105182226257	0.400005203344421	0.386952745519714	0.206407212255554	0.372037030065613	0.364443434789734	0.41816259927948	0.261174818395691	0.850523269994812	0.840445583471375	0.47563259915741	0.469562841405945	0.504871497045593	-0.469248955346985	0.55593623007782	0.396339088659363	0.487499205602722	0.262002086645203	0.457992885229187	0.282231326025085	0.748859924474792	0.45714916769989	0.393130531713562	0.398119274633484	0.388945031835632	0.461250256445007	0.695142733617859	0.42167812851532	0.46281708164032	0.38054262851532	0.42167812851532	0.402267605034851	0.374614755507507	0.445435214624695	0.472317434874695
GYPC-cg24064594-2-127414827	-0.422792081201477	0.375472423559265	0.837948257787781	0.421017599584656	0.483001841955261	0.32927600754364	0.391071185705261	0.0349461210079958	0.391355955663757	0.432445209203796	0.752514056005554	0.465572481664734	0.379652504491882	0.0205507489987183	1.02318912521942	0.405648219762878	0.677756749242859	0.401080410680847	0.927257794836121	0.332196650793152	0.384137201025085	0.347771618139343	-0.373043217920227	0.445322553258972	0.339169241247253	-0.207478669214173	0.315667226720886	0.656731202123718	0.421307772802429	0.938470569494324	0.427084737157898	0.353776622533875	0.377255828588562	1.09650872165497	0.413747803625183	0.406021713964539	1.1082910060788	0.263546864538269	0.405937460607605	0.577001327367859	0.405393710180359	0.727159922338562	0.662603098486023	0.620809451025085	0.793439354406433	1.15524450229462	0.358755523412781	0.446240065588074	0.407092532323914	0.346767350133972	0.325255754858093	0.329161919347839	0.44228613846405	1.07861659006317	0.761697903539734	1.01238291922577	0.419761161474304	0.530921817113953	-0.359211635278626	0.491938550146179	0.410311408727722	0.981643525671081	0.278375406713562	0.546797205297546	0.661987646093445	0.690599244543152	0.87248948776825	0.377134851781921	0.352496594701843	0.324689351903992	0.444361576513367	0.841126053686218	0.42167812851532	0.44320858164032	0.40015112851532	0.42167812851532	0.826994814269226	NA	0.41777742385907	0.42145422110907
HAS3-cg01762827-16-69141442	-0.372269382226868	0.422417122533875	0.0808179567623903	0.523344298559265	0.322955540929871	0.41444670651825	0.434115884679871	0.782722819982605	0.444774654638367	0.305641908178406	0.296587754980164	0.572558180639343	0.390077203466492	0.446114447973328	0.261106824194031	0.516665918737488	0.714747448217468	0.169197109655457	0.79575649381073	0.403175349767761	0.518535899999695	0.406990317113953	0.493850481054382	0.369590252233582	0.407598940221863	0.462102029760437	0.407966925695496	0.781677901098328	0.504791471777039	0.399717268468933	0.493584436132507	0.917307321508484	0.516245527563171	0.392896420629578	0.441051502599792	0.891841412939148	1.32771570505341	0.483162563512878	0.875760159582214	-0.245893973657532	0.163911409154968	-0.0460453786868287	0.313642797460632	0.695164149999695	0.0105650533810425	0.495738201269226	0.50267022238739	0.419896764562683	0.705867231298523	0.407582049108582	0.392961453832703	0.826146618322449	0.84935883743866	0.259890289037781	0.537409602514343	0.399867618200378	-0.341771139551087	0.174606516088562	0.500535063695984	0.565996249120789	0.408182107702332	0.400976224645691	1.11095810568817	0.532829904272156	0.302841345068054	0.840972943517761	0.392985186742859	0.482541550756531	0.397106293676453	0.417264050878601	0.410373275487976	0.278768752660828	0.42167812851532	0.62487608164032	0.21848362851532	0.42167812851532	0.147323576636414	0.37092872710907	0.529117186226257	0.475075169476257
HCCA2;LOC338651-cg01187997-11-1594830	0.416279567968445	1.01711007272919	0.0928749069577027	0.438108248754578	0.490067491125183	0.722824656713562	0.398852834875183	0.339038770177918	0.382436604833679	0.410017858373718	0.295171705175476	0.436013130834656	0.439427153661804	0.35956539816864	0.964390774389343	-0.4003781310672	0.613692398412781	0.416851059850769	0.822754444006042	1.09406029996307	0.141621850195007	0.421753267309265	-0.0131055687503051	0.393617202428894	0.429554890417175	-0.0154110200442505	1.19174387589081	0.68219985129364	0.416282421972351	0.368469218664246	0.40653738632782	1.1641372717038	0.441046477758484	0.35369937082489	0.412856452795105	0.95810436313446	1.18904465524872	0.436407513708191	0.000248109777526928	0.571351976537781	0.451584359350281	0.725822571508484	0.323426747655945	0.590505100195007	0.786684003576355	0.329699151464539	-0.0678158274172974	-0.140790285242004	0.711126181493835	0.387027999303894	0.430629404028015	0.761194568517761	0.805479787633972	0.291975239233093	0.388913552709656	0.423555568395691	0.448073810644226	0.663520466283875	0.403752013891296	0.526883199316101	0.367227057897644	1.039047174841	0.291271055883484	0.497098854467468	0.310261295263367	0.276019893713074	1.02044613693817	0.416569500951843	0.375349243871765	0.353391001073914	0.454514225683289	0.65208970285614	0.42167812851532	0.49271958164032	0.35064012851532	0.42167812851532	0.312283105034851	0.582102255507507	0.535419714624695	0.271235915874695
HCK-cg17508991-20-30639305	0.451355015722351	0.827095520483093	0.249877354711609	0.0657046965084839	0.513109938879089	0.346239104467468	0.418627282629089	0.0552232179318238	0.460282052587586	0.448651306127625	0.234008152929382	0.535533578588562	0.327079601415711	0.452484845922546	0.57951022214325	0.425673316686707	0.328566846166687	0.490294507604675	0.317094891759949	0.34026374771698	0.402993297948914	0.337026715063171	0.410253879003601	0.2944026501828	0.318861338171082	0.690909427709656	0.323910323644714	0.661720299047546	0.515810869726257	0.933389666418152	0.452666834081726	0.324913719457703	0.18123492551239	0.943719818578796	0.388806900549011	0.724215810888367	0.905496103002625	0.422795961462097	0.486679557531433	0.589202424291687	0.390281807104187	0.76841701926239	0.253263195409851	0.485451547948914	0.842813451330261	0.313065599218445	0.434210620336609	0.462015162511902	0.167869629247742	0.3383904470578	0.658283851781921	0.304257016271668	0.724101235387878	0.822984686986999	0.334478000463562	0.332103016149597	0.476206258398132	0.680144914037781	0.419145461645203	0.381545647070007	0.38459150565155	0.33909362259491	0.45566150363739	-0.119122697778626	0.821734743017273	0.69105334146698	0.321036584692078	0.42185394870575	0.331202691625672	0.97578944882782	0.418375673437195	-0.0168558493899536	0.42167812851532	0.38133858164032	0.46202112851532	0.42167812851532	0.597598916136414	0.48780406660907	-0.117048474273743	0.358199829976257
HDAC4-cg05171197-2-240230850	0.160260676977234	0.354484181737976	0.901744015966492	0.419949357763367	0.488589600133972	0.406843765722351	0.420947943883972	0.220562879186707	0.352839713842468	0.419484967382507	1.10444081418427	0.508041239843445	0.511797262670593	0.470907507177429	0.426254883398132	0.444965977941589	0.0567675074215698	0.441785168859558	0.606605553014832	0.377288408971863	0.395502959203796	0.468077376318054	0.433556540258484	0.503377311437683	0.435645999425964	-0.210663911035462	0.360826984899597	0.599988960302429	-0.24397946901886	0.354943327673035	0.458407495336609	0.360595380712585	0.381877586767273	0.353346479833679	0.425188561803894	0.295876472143249	0.318623764257507	0.39075562271698	0.830570218786316	0.54958408554657	0.41427946835907	0.158793680517273	1.04813385666473	-0.143209790796203	0.823077112585144	0.578711260473328	0.387438281591492	0.524270823766785	0.00487729050262453	0.900063108312683	0.376689513036804	0.47386567752655	0.422987896642761	0.188561348241882	0.480517661718445	0.53509767740448	0.403686919653015	0.496998575292664	-0.526267877099915	0.50065930832489	0.360621166906433	0.737526283849792	0.904142164892273	0.215898963476257	0.257585404272156	0.0971000027218628	0.54946924594696	0.402977609960632	0.509187352880554	0.371649110082703	0.476981334692078	-0.0145511881350709	0.42167812851532	0.20739758164032	0.63596212851532	0.42167812851532	0.370551151995789	0.480218302468445	-0.0372152384143677	0.728907426835632
HDAC4-cg08825699-2-239983929	-0.436270061914368	0.407345442846374	-0.0273617229251097	-0.322096381128235	-0.380303138757629	0.93876802683075	0.396512204992371	0.875836140295105	0.394106974950867	0.0645552284909057	1.04825407529266	0.529555500951843	1.05516152377899	0.441697768285828	0.337254144506531	-0.406060760950012	0.797871768529968	-0.304254570032043	0.59730781412323	0.606934670080261	-0.574963779687805	1.16640663742645	0.431661801366882	0.947453572546082	0.970551260534363	0.604641350072937	1.174114246008	0.820076221410828	-0.385761207910461	0.315355588781433	0.409556756445007	1.17607264182098	-0.542275152124328	1.12459974094208	0.168415822912293	0.979730733251648	1.11163502536591	-0.296758116174622	0.245038479894714	-0.350015653345032	-0.555518270532532	0.697389941625671	1.04543711777313	-0.0620925296878053	0.791466373693543	0.320887521581726	0.36784654269989	-0.169345915124817	-0.0399214483889772	0.452275369421082	1.1818627741452	1.09159593863495	0.93242215775116	0.146823609350281	1.17790192282684	0.851305938512879	0.390285180761414	-0.220533163598938	-0.379685615991516	-0.457513430566711	0.282609428014832	0.545051544958191	0.266284426000671	0.680411224584656	0.294010665380554	0.760860263830261	1.15985550705536	0.110185871069031	0.888321613988953	1.1717823711911	-0.224273404199524	0.817809072973328	0.42167812851532	0.0541660816403198	0.78919362851532	0.42167812851532	0.642028105034851	0.846298255507507	0.205674714624695	0.191090166874695
HDAC4-cg20784693-2-239984030	-0.407759869775696	0.401414634985046	0.114224469213562	-0.264945188989563	-0.395871946618957	0.686266218969421	0.441321397131042	0.891819332433777	0.429144167089539	0.0241624206295776	1.05309926743134	0.342106693090515	1.02873771591766	0.4793969604245	0.357884336645203	-0.27502656881134	0.83276596066864	-0.291840377893371	0.575631006261902	0.608665862218933	-0.553148587549133	1.15935582956512	0.474697993505554	0.932594764684753	1.13654745267303	-0.0577314577883912	1.22239643814667	0.7117564135495	-0.27783601577179	0.345758780920105	0.458280948583679	1.23188383395966	-0.544232959985657	0.903970933080749	0.0628680150509643	1.02881092539032	1.22006121750458	-0.36621292403595	0.0876516720333863	-0.27980646120636	-0.53406607839386	0.326016133764343	1.1235903099118	-0.0806773375491331	0.776187565832214	0.341396713720398	0.399460734838562	-0.142053722986145	0.00127374374969491	0.442873561559753	1.21351596628387	1.11330113077362	0.975748349889832	0.191182801488953	1.15764211496552	0.73492213065155	0.411341372900085	-0.184760971460266	-0.523044423852844	-0.44720023842804	0.345077620153503	0.589500737096863	0.304285618139343	0.620084416723328	0.332067857519226	0.787377455968933	1.11234569919403	-0.0784699367922973	0.837535806127625	1.21622356332977	-0.265533212060852	0.683541265112	0.42167812851532	0.0133935816403198	0.82996612851532	0.42167812851532	0.650100605034851	0.848988755507507	0.197602214624695	0.148463470874695
HERC2-cg13166748-15-28437159	-0.45422707851593	0.476579426244812	0.0838502604733277	-0.422070397729797	-0.226888155359192	0.877462010229187	0.037603188390808	0.857347123693542	-0.352643041650696	-0.0315147881106568	1.0579790586911	-0.174242515649719	0.527243507177429	-0.336755248315735	1.02819812790497	0.387726222448425	0.565436751928406	-0.434117586633606	0.842437797521667	0.847350653478699	0.331828203710632	0.92670062082489	-0.36844921523468	0.602031555944519	1.1656582439328	-0.199953666528626	1.16491822940643	0.901883204809265	0.451841775487976	0.360385572179871	0.409148739843445	0.379308625219421	-0.553156168725891	0.797846724340515	-0.34285819368927	0.561846716650085	0.248077008764343	-0.392403132776184	0.432033463293152	-0.339118669946594	-0.422529287134094	0.695174925024109	0.76444210117157	0.402491453710632	0.49328935709198	0.291536504980164	-0.532794473901672	-0.0169929317263794	-0.0204984649905395	0.489225352819519	0.40881375754364	1.09224592203339	0.920157141149597	0.715123592748718	1.11948990622528	1.13867292191132	-0.514607835840149	-0.236650180200501	-0.565351632593078	0.449572552831726	0.341533411413269	1.16850352835663	0.356628409399109	0.702673207983093	0.718206648778992	0.489410247228699	0.579832490453796	0.155794854467468	1.13088859738739	0.435592354589539	0.473795579198914	-0.0443859436282349	0.42167812851532	-0.13668591835968	0.98004562851532	0.42167812851532	0.171777277675476	0.814656428148132	0.43885388726532	0.40408337451532
HERC2-cg24660635-15-28437148	-0.436006138818665	0.430106365942078	0.0650992001705933	-0.350315458032532	-0.299311215661926	0.865003949926453	0.0319121280880737	0.949495063390808	-0.33962210195343	-0.071587848413391	1.14186299838837	-0.221333575952454	0.576120446874695	-0.328259308618469	1.11380306760223	0.483039162145691	0.548571691625671	-0.39816264693634	0.824107737218933	0.875321593175964	0.423135143407898	0.883931560522156	-0.357950275537415	0.553107495641785	1.26361218363007	-0.20306172683136	1.2606311691037	0.987336144506531	0.543775715185242	0.380383511877136	0.503474679540711	0.374140564916687	-0.491062229028626	0.519524664037781	-0.328768253992004	0.362558656347351	0.340209948461609	-0.420460193078919	0.380216402990417	-0.297967730249329	-0.434763347436829	0.791793864721375	0.715410040868836	0.370214393407898	0.451091296789246	0.314695444677429	-0.483777534204407	-0.0719589920291138	0.0162704747067262	0.469047292516785	0.427385697240906	1.09930086173065	1.00741308084686	0.696646532445984	1.20314484592255	1.20871486160858	-0.436798896142883	-0.201358240503235	-0.495302692895813	0.541544492528992	0.370975351110535	1.25320946805389	0.280916349096374	0.793710147680359	0.763702588476257	0.395737186925964	0.542415430151062	0.131720794164734	1.19060253708466	0.419431294286804	0.561622518896179	-0.00693000393096921	0.42167812851532	-0.21993441835968	1.06329412851532	0.42167812851532	0.016339901175476	0.732321051648132	0.44335051076532	0.39958675101532
HES3-cg19743103-1-6304220	0.340192950292664	0.415631455053406	0.881589289281922	0.189287631078796	0.530181873449402	0.409287039037781	0.421772217199402	0.754207152502136	0.396092987157898	0.197951240697937	0.691473087499695	0.455245513158875	0.439598535986023	0.391414780492859	0.282820156713562	0.437799251257019	0.0748267807369996	0.467303442174988	0.420410826330261	1.12135068228729	0.452594232519226	0.421524649633484	0.456172813573914	0.380009584753113	0.392136272741394	0.676195362279968	0.429562258215027	0.647977233617859	0.46553480429657	0.858410600988464	0.465267768652039	0.423842654028015	0.439144860082703	0.445707753149109	0.409225835119324	0.431015745458679	0.455957037572937	0.42822289603241	0.0885904921017457	-0.160477641138	-0.2054462583255	0.0722199538327027	0.738261129980164	-0.0417135174807738	0.140028385900574	0.362441533788757	0.373756554906922	0.451577097082214	0.283613563818054	0.410954381628113	0.424951786352234	0.40674095084198	0.594436169958191	0.317636621557312	0.464453935033875	0.40399295071991	0.487477192968445	0.559162848608093	0.441005396215515	0.43568958164032	0.428896440221863	0.405672557165222	0.272794438207703	0.223402236791687	0.326427677587586	0.810884276037293	0.40187051926239	0.446155883276062	0.410550626195984	0.398666383398132	-0.120464391992492	0.0424650851803589	0.42167812851532	0.36014558164032	0.48321412851532	0.42167812851532	0.637159605034851	0.816257755507507	0.210543214624695	0.121319676874695
HES7-cg04216289-17-8027897	0.391893806737976	0.428821311498718	0.890851145727234	0.358073487524109	0.569969729894714	0.430160895483093	0.467790073644714	0.115777008947449	0.42074884360321	0.35529609714325	0.296941943945007	0.422506369604187	0.403059392431335	0.363966636938171	0.312557013158875	0.476817107702332	0.475078637182312	0.4434572986203	0.406638682775574	0.441460538732605	0.482598088964539	0.414113506078796	-0.297953329980774	0.368192441198425	0.409741129186707	-0.00700578127471924	1.22577411466034	0.538275090063171	0.457371660741882	0.411823457433777	0.429385625097351	0.421812510473328	0.530957716528015	0.415724609594421	0.407990691564636	0.237699601903992	0.40493889401825	0.420099752477722	0.0521863485470582	0.616090215307312	0.433979598119812	0.836869810278015	0.325378986425476	0.587013338964539	0.864883242345886	0.38125539023407	0.450480411352234	0.461427953527527	0.869293420263367	0.414537238073425	0.408508642797546	0.391680807287292	0.734871026403503	0.282267478002625	0.412828791479187	0.409984807165222	0.518306049413757	0.681190705053406	0.484038252660828	0.561097438085632	0.428818296667175	0.414149413610535	0.278463294653015	0.519292093237	0.316402534032898	0.506515132482605	0.403126375707703	0.446013739721375	0.407241482641296	0.407621239843445	0.48762546445282	0.968132941625672	0.42167812851532	0.60088358164032	0.24247612851532	0.42167812851532	0.800668628636414	0.38908277910907	-0.226172761773742	0.456921117476257
HES7-cg27197380-17-8027837	0.269592811864929	0.429376316625671	0.873007150854187	0.382314492651062	0.522834735021667	0.432520900610046	0.423061078771667	0.122820014074402	0.419812848730164	0.270128102270203	0.31409194907196	0.42836537473114	0.409074397558289	0.357136642065124	0.303001018285828	0.444398112829285	0.730934642309265	0.427747303747253	0.421087687902527	0.750477543859558	0.327295094091492	0.42476251120575	-0.316601324853821	0.383967446325378	0.42346613431366	-0.0809497761477661	1.20705411978729	0.657085095190124	0.439242665868835	0.45271846256073	0.377913630224304	0.421861515600281	0.473316721654968	0.414289614721374	0.381381696691589	0.292159607030945	0.411563899145203	0.339016757604675	0.157095353674011	0.598859220434265	0.382344603246765	0.598882815404968	0.599108991552429	0.621432344091492	0.870317247472839	0.388575395361023	0.433555416479187	0.41171995865448	0.76978842539032	0.427904243200378	0.412732647924499	0.598947812414246	0.794408031530456	0.309627483129578	0.41655679660614	0.418149812292175	0.47081105454071	0.667482710180359	0.434787257787781	0.390265443212585	0.423148301794128	0.420563418737488	0.283316299779968	0.473444098363953	0.351197539159851	0.493338137609558	0.424224380834656	0.412168744848328	0.421054487768249	0.419491244970398	0.481220469579773	0.765407946752624	0.42167812851532	0.56461308164032	0.27874662851532	0.42167812851532	0.632707657136414	0.42108780760907	-0.0707917332737426	0.424916088976257
HIC1-cg17029019-17-1959124	-0.45117746132843	0.331751043432312	0.796436877660828	0.446767219457703	0.509761461828308	0.322055627416687	0.408844805578308	0.000711740881042533	0.427069575536804	0.461277829076843	0.209563675878601	0.518758101537781	0.605110124364929	-0.324850631128235	0.967393745092468	0.422378839635925	0.770965369115906	-0.023218969446106	0.312177414709167	0.321338270666199	0.403855820898132	0.79562623801239	-0.43400759804718	0.762365173132019	0.3182958611203	0.424242950658875	0.632450846593933	0.679884821996765	0.487325392675476	0.757928189367371	0.190684357030945	1.12566524240692	0.435590448461609	0.900782341528015	0.10626142349823	1.01096133383759	0.829996625951843	0.237420484411316	0.499383080480652	-0.210475052759094	-0.403229669946594	0.729249542211609	0.23115571835907	0.672896070898132	-0.0805730257205202	0.983330122167664	-0.194835856714172	0.235953685461121	0.0350241521969605	0.318971970007019	1.14724537473114	0.910510539220886	0.962333758337097	0.449609209936218	0.313208523412781	0.313509539098816	0.461657781347351	0.227279436987	0.404065984594421	-0.323752829980774	0.315634028600769	0.310663145544128	0.197952026586609	0.530038825170593	0.219757265966492	0.722601864416199	0.307078107641296	0.418874471654968	0.42597521457489	0.635954971777039	0.353120196386414	0.771022673559265	0.42167812851532	0.41210508164032	0.43125462851532	0.42167812851532	0.760455401636414	0.59621355210907	0.187408011226257	0.249790344476257
HIC1-cg25432975-17-1959066	-0.338681585229797	0.448426919530945	0.704671753759461	0.556633095556335	0.557577337926941	0.44034650351532	0.166790681676941	0.113774616979675	0.432167451635437	0.351467705175476	0.300972551977234	0.606148977636414	0.496830000463562	-0.308179755029602	0.449078621191101	0.548117715734558	0.786872245214538	-0.318224093347473	0.4108972908078	0.422772146764832	-0.244848303003235	0.433126114111023	-0.303701721948547	0.917505049230652	0.529878737218933	-0.108720173242493	1.23523472269257	0.794999698095398	0.471497268774109	0.417508065466003	-0.251586766870422	0.431420118505554	0.539694324560242	0.583858217626648	-0.303218700403137	1.07046020993622	0.600235502050476	-0.292357639490051	0.218113956579285	-0.224132176660461	-0.379740793847961	-0.0468025816897583	0.344031594457703	0.778357946996765	0.0290808503781128	0.391955998266296	-0.0680429806155394	-0.225045438440246	0.105955028295593	0.424960846105652	0.422240250829773	0.560128415319519	1.07986763443573	0.287634086034851	1.14408539951141	0.418454415197449	0.572197657445984	-0.118128686914368	0.513316860693054	-0.293212953882141	0.426689904699402	0.419712021642761	0.289515902685242	0.575966701269226	0.337791142065125	0.560647740514832	0.406825983739929	0.518578347753601	0.433806090673523	0.418757847875671	0.417791072485046	1.0153115496579	0.42167812851532	0.53179708164032	0.31156262851532	0.42167812851532	0.969467394675476	0.250800545148132	0.38152900426532	0.46140825751532
HIF3A-cg02879662-19-46800467	0.405162832616882	0.442314337377625	0.66427517160614	0.471151513403015	0.212421755773621	0.459067921362	0.377270099523621	0.572722034826355	0.396729869482117	0.434764123022156	0.302166969823914	0.426985395483093	0.414461418310242	0.425134662817078	0.555038039037781	0.310213133581238	0.151494663061218	0.469425324499206	0.40933770865448	0.492418564611511	0.504488114843445	0.423991531957703	0.423702695898132	0.374715467077332	0.413929155065613	-0.0825067553958131	0.411931140539246	0.145345115942078	0.394898686620789	0.422408483312683	0.441313650976257	0.425571536352234	0.544767742406921	0.429726635473328	0.435872717443543	0.421673627782898	0.417871919897156	0.408854778356628	0.741963374425964	0.200215241186218	0.524514623998718	0.490665836156921	0.439870012304382	0.534392364843445	0.0312232682247925	0.629730416112976	0.47036443723114	0.430936979406433	0.581776446142273	0.431665263952332	0.413864668676453	0.396023833166199	0.17266805228241	0.280897503881531	0.416108817358093	0.420348833044128	0.393824075292664	0.690569730932312	0.474106278539734	0.570948463964539	0.426095322546082	0.421909439489441	0.300229320531921	0.518198119115906	0.326722559911804	0.141019158361511	0.410793401586609	0.432372765600281	0.419436508520203	0.415098265722351	0.413052490331726	0.306362967504578	0.42167812851532	0.47623058164032	0.36712912851532	0.42167812851532	0.191911478042664	0.38468762851532	0.461345087632507	0.472346465882507
HIF3A-cg14088357-19-46800338	0.382258655492859	0.395174160253601	0.438408994482117	0.417574336278992	0.289071578649597	0.529348744237976	0.382064922399597	0.682015857702332	0.384120692358093	0.427789945898132	0.26025879269989	0.42354021835907	0.397568241186218	0.365316485693054	0.924140861913757	0.460778956457214	0.581626485937195	0.404945147375183	0.769087531530457	0.875947387487488	0.478063937719421	0.384581354833679	0.401669518774109	0.494609289953308	0.379813977941589	0.272229067480164	0.391317963415222	0.329549938818054	0.442034509496765	0.37248130618866	0.410840473852234	0.37365335922821	0.482110565282898	0.383236458349304	0.400114540319519	0.952679450658874	0.394153742773132	0.395630601232605	0.768179197301941	0.537405064062195	0.471669446874695	0.588929659032898	0.810137835180359	0.584984187719421	0.00235109110076909	0.989649238988953	0.439860260107117	0.41732980228241	0.51794326901825	0.469922086828308	0.366516491552429	0.397717656042175	0.126857875158386	0.278651326757507	0.39461464023407	0.426545655920105	0.45401089816864	0.659457553808289	0.40546610141571	0.541953286840515	0.378385145422058	0.416637262365417	0.762477143407898	0.520311941991882	0.570631382787781	0.563416981237488	0.612280224462585	0.409935588476257	0.389389331396179	0.361354088598328	0.433010313207703	0.869278790380554	0.42167812851532	0.41524658164032	0.42811312851532	0.42167812851532	0.558453790675476	0.314547941148132	0.41932640026532	0.42361086151532
HIF3A-cg14117138-19-46800085	0.420597254003601	0.289303758764343	0.456769592992859	0.445342934789734	0.451193177160339	0.288047342748718	0.409698520910339	0.617399456213074	0.420392290868835	0.452321544408875	0.144479391210632	0.509668816869812	0.263683839696961	0.438791084203796	1.0154524604245	0.430690554967957	0.712754084447937	0.438599745885925	0.419356130041199	1.08688598599823	0.383828536230164	0.271130953344421	0.445929117284851	0.53078888846405	0.267950576452332	0.361223665990906	0.262779561925964	0.460195537328796	0.459943108007507	0.258673904699402	0.422064072362976	0.278134957738953	0.38974816379364	0.267881056860046	0.404805138830261	0.980298049169617	0.264073341283874	0.398114199743347	0.778807795812683	0.561610662572937	0.411512045385437	0.70880825754364	0.896757433691101	0.640589786230164	-0.124268310388489	1.16232683749969	0.394676858617859	0.480852400793152	0.433343867528992	0.30958568533905	0.267729090063171	0.243917254552917	0.0135964736691285	0.12943492526825	0.279751238744812	0.269526254430847	0.428684496679382	0.642154152319031	0.381504699926453	0.491565885351257	0.2657227439328	0.73744286087616	0.43708074191864	0.571311540502625	0.187723981298523	0.65910257974823	0.370477822973328	0.407277186986999	0.273906929906921	0.26559968710907	0.500150911718445	0.853644388891296	0.42167812851532	0.42991458164032	0.41344512851532	0.42167812851532	0.464181570175476	0.173503720648132	0.43262417976532	0.41031308201532
HIF3A-cg19310908-19-46800064	0.377586393285828	0.33084689804657	0.740065732275086	0.454283074071961	0.338598316442566	0.321846482030945	0.420339660192566	0.4813535954953	0.427661430151062	0.427923683691101	0.192058530492859	0.458440956152039	0.346198978979187	0.430637223486023	1.04479059970673	0.448224694250183	0.690165223730164	0.438140885168152	0.313094269323425	1.11045412528046	0.38403367551239	0.343585092626648	0.455466256567078	0.464283027746277	0.319779715734558	0.176849805273132	0.306707701208191	0.565182676611023	0.489453247289734	0.296741043981628	0.392373211645203	0.339515097021179	0.380345303075867	0.312133196142273	0.422825278112488	1.01506318845184	0.314279480566101	0.403754339025574	0.73482293509491	0.552159801855164	0.420413184667664	0.740053396825867	0.737291572973328	0.64649892551239	-0.0903321711062622	1.17668497678192	0.397705997900086	0.482558540075378	0.205405006811218	0.361755824621277	0.303274229345398	0.290832393835144	0.072098612951355	0.183434064550476	0.331931378027039	0.322641393713074	0.444289635961609	0.623081291601257	0.382324839208679	0.493912024633484	0.299468883215027	0.993058000158386	0.513089881200867	0.485019679784851	0.24785012058075	0.691445719030457	0.449190962255554	0.410502326269226	0.323562069189148	0.316409826391296	0.508412051000671	0.868072528173523	0.42167812851532	0.48539758164032	0.35796212851532	0.42167812851532	0.365692605034851	0.340579755507507	0.482010214624695	0.515355086874695
HIST1H1B-cg16088123-6-27834606	0.450279461401062	0.470705966161804	0.33969280039032	0.134250142187195	-0.1529076154422	0.435560550146179	0.4404117283078	0.302817663610535	0.405445498266296	0.480207751806335	0.295126598608093	0.541816024267273	0.455010047094421	0.418902291601257	0.298315667821961	0.404900762365418	0.449964291845398	0.443550953283386	0.39550033743866	0.423702193395691	0.417413743627625	0.429144160741882	0.453219324682312	0.395087095861511	0.425832783849793	0.590123873388367	0.953975769323425	0.163083744726257	0.532657315404968	0.413565112096863	0.398424279760437	1.08103516513641	0.399404371191101	0.400702264257507	0.416087346227722	0.219095256567078	0.525396548681335	0.386281407140808	0.417398003210144	-0.0994311300296019	0.452567252782898	0.186051464941101	0.470021641088562	0.443192993627624	0.799221897008972	0.566800044897156	0.42412706601532	-0.114479391809387	0.0654980749264527	0.412545892736511	0.439929297460632	0.687227461950378	0.875961681066589	1.10293813266571	0.419177446142273	0.416766461828308	0.452586704076843	-0.0679306402835083	0.424446907323914	0.428676092748718	0.429656951330261	0.405226068273621	0.291955949316101	0.287880747900085	0.544598188695984	0.817217787145691	0.400627030370789	0.41003439438446	0.457932137304382	0.445605894506531	-0.256368880884094	0.0978425962887573	0.42167812851532	0.59120908164032	0.25215062851532	0.42167812851532	0.909465569675476	0.253019720148132	0.43527217926532	0.40766508251532
HIST1H2BK;HIST1H4I-cg12349884-6-27106988	0.467533731908874	0.429679236669617	0.101607070898132	0.488877412695007	-0.206840344934387	0.431735820653992	0.489839998815613	0.544119934118347	-0.0495132312258911	0.505710022314148	0.900301869115906	0.0503452947750855	0.414454317602234	0.44460956210907	0.281535938329773	0.45951703287323	0.37803856235321	0.411086223791199	0.401135607946472	0.407494463903503	0.475239014135437	0.422220431249695	0.472778595190125	0.380401366369324	1.1162510543576	0.716946143896179	0.413793039831238	0.14939201523407	0.534352585912781	0.414269382604675	0.48163455026825	0.422808435644226	0.484652641698914	0.41491653476532	0.365863616735535	0.21013852707489	0.860902819189148	0.432570677648621	0.863891273717957	0.57987614047821	0.49860852329071	0.451243735448914	0.411239911596375	-0.100579735864563	0.414069167516785	1.24042931540497	0.466624336523132	0.415134878698425	0.575006345434265	0.627243163244324	1.00862456796844	0.398406732458191	0.935575951574402	0.442780403173523	0.415708716650085	0.406996732336121	0.488972974584656	-0.129342369775696	0.449584177831726	0.516898363256531	0.414824221838074	1.06612333878143	1.11434221982391	0.103700018407898	0.420422459203796	0.0453700576535035	0.405036300878601	0.022901664892273	0.419178407812195	0.408184165014343	0.348330389623718	0.23492186679657	0.42167812851532	0.11318408164032	0.73017562851532	0.42167812851532	0.185816478042664	0.37631962851532	0.469713087632507	0.545268314882507
HIST1H2BK;HIST1H4I-cg16991515-6-27107019	0.407323092382507	0.41805459714325	0.123799431371765	0.46325177316864	-0.0466069844607543	0.425493181127625	0.398224359289246	0.66929129459198	0.100115129247742	0.441867382787781	0.955493229589539	0.115441655248718	0.418463678075867	0.381505922582703	0.273009298803406	0.386249393346863	0.582172922826843	0.413565584264832	0.391387968420105	0.543349824377136	0.44254037460907	0.435199791723328	0.385917955663757	0.376471726842957	0.652635414831238	0.650453504369812	0.403785400304871	0.135444375707703	0.439746946386414	0.404595743078308	0.404364910741882	0.444918796117859	0.422234002172546	0.400352895238953	0.384795977209168	0.200010887548523	1.23244817966278	0.432621038122253	0.80995963419159	0.541518500951843	0.451149883764343	0.396863095922546	0.784091272070007	-0.10267437539093	0.518832527990417	1.1817726758786	0.388265696996765	0.360921239172058	0.590514705907898	0.841196523717957	0.924483928442078	0.452756092931824	0.811310312048035	0.721352763647156	0.402164077123718	0.416247092809753	0.427860335058289	-0.124034009302063	0.386867538305359	0.525036723730164	0.417787582311707	1.03246669925507	1.03050958029755	0.419386378881531	0.899921819677429	0.293178418127136	0.549045661352234	0.111189025365906	0.408471768285828	0.389881525487976	0.435245750097351	0.906230227270203	0.42167812851532	0.0283960816403199	0.81496362851532	0.42167812851532	0.208639823675476	0.477135974148132	0.42682643326532	0.41611082851532
HIST1H3J-cg25529393-6-27858380	0.421620286108093	0.413776790868835	0.0794186250973512	0.422167966894226	0.538978209264832	0.41431737485321	0.411833553014832	0.594476488317566	0.384441322973328	0.469215576513367	0.927024423315125	0.402291848974304	0.390226871801453	0.388101116308289	0.907600492528992	0.443307587072449	0.608386116552429	0.357673777990417	0.385031162145691	0.399032018102722	0.499667568334656	0.407989985448914	0.409941149389343	0.352169920568543	0.607796608556824	0.439954698095398	0.899543594030457	0.130962569433289	0.442306140111999	0.895754936803894	0.408998104467468	0.433029989843445	0.503876195898132	0.413634088964539	0.422089170934753	0.205360081274109	1.28517337338837	0.413622231847839	0.812908827917175	-0.236329305322571	0.510264077489929	0.801126289648132	0.751928465795593	0.634706818334656	-0.000351278283996559	0.630017869604187	0.467692890722351	0.263435432897644	0.0668888996334839	0.855086717443543	0.421737122167664	0.38525828665741	0.952057505773621	0.711914957372742	0.404544270849304	0.399557286535339	0.421298528783875	0.669532184423523	0.431925732030945	0.54768791745575	0.419053776037293	0.393828892980652	0.272868774023132	0.517741572607117	0.843766013403015	0.358412611852722	0.38841785507782	0.408106219091492	0.391629962011414	0.395324719213562	-0.281106056177063	0.930118420995789	0.42167812851532	0.46580508164032	0.37755462851532	0.42167812851532	0.198798289136414	0.39491043960907	0.491384898726257	0.451093456976257
HIST1H4L;HIST1H3I-cg05990544-6-27841314	0.507038447118836	0.425052951879578	0.149164786108093	-0.341327872095032	0.567154370275574	0.421764535863953	0.483453714025574	0.423124649328308	0.47958348398407	0.408473737524109	0.291542584325867	0.382306009985046	0.416615032812195	0.506496277319031	0.262821653539734	-0.174102251916809	0.405715277563171	0.47598493900116	0.430592323156433	0.422902179113464	0.488601729345398	0.401476146459656	0.478589310400085	0.374079081579285	0.401080769567566	0.46362185910614	0.419814755041199	0.691157730444031	0.545494301122742	0.408202097814636	0.27035026547821	0.409729150854187	0.485270356908874	1.19247024997528	0.473131331945495	0.234891242284851	0.413781534399109	0.494392392858582	0.387939988927917	0.647265855688171	0.518810238500671	0.0824174506588744	0.330120626806335	0.743773979345398	0.913375882726746	0.401008030614929	0.495969051733093	0.215028593908386	0.472405060644226	0.409540878454285	0.402489283178406	0.395161447668152	0.691844666784363	0.298870118383484	0.465689431860046	0.406734447546082	0.521273689794617	0.599318345434265	0.470859893041687	0.572121078466492	0.405484937048035	0.403723053991394	0.439885935033874	0.0622457336178589	0.360021174413757	0.625605772863464	0.396619016088562	0.479632380102234	1.13278112302216	0.408655880224304	-0.227534895166321	0.617881582006531	0.42167812851532	0.62170308164032	0.22165662851532	0.42167812851532	0.931086375675476	0.275593526148132	0.42818398526532	0.41475327651532
HIST1H4L;HIST1H3I-cg25479916-6-27841392	0.407396666479187	0.392040171239929	0.875221005468445	-0.38428165273468	0.0141025896359253	0.386368755224304	0.424002933385925	0.70767986868866	0.379153703344421	0.12693795688446	0.248054803686218	0.493060229345398	0.419815252172546	0.446563496679382	0.424717872900086	0.433308967443543	0.586560496923523	0.377550158361511	1.00402454251678	0.377430398473816	0.33606394870575	0.393101365820007	0.412005529760437	0.519343300939636	0.352592988927917	0.367675078466492	0.35916897440155	0.679392949804382	0.501331520483093	0.437182317174988	0.171475484838562	0.381114370214539	0.397132576269226	1.13625046933563	0.425414551305847	0.273740461645203	0.38007875375946	0.401804612218933	0.596629208288269	0.545904075048523	0.422727457861023	0.543464670019226	0.316293846166687	0.65690219870575	0.822197102087097	0.443592249975281	0.393839271093445	0.452827813268738	0.501034280004578	0.379332097814636	0.365387502538757	0.556114667028503	0.647549886144714	0.275200337743835	1.0806086512204	0.971004666906433	-0.377469090845032	0.642628564794617	0.402619112402039	0.507490297826843	0.992467156408386	0.364033273351746	1.03307115439423	0.15596495297821	0.827014393774109	0.483169992223816	0.361933235448914	0.384903599462586	1.09326534238251	0.392153099584656	0.476031324194031	0.299700801366882	0.42167812851532	0.54292608164032	0.30043362851532	0.42167812851532	0.756056221636414	0.62136537210907	0.109200831226257	0.224638524476257
HIST1H4L;HIST1H3I-cg25485294-6-27841324	0.445542485693054	0.404347990453796	0.884139824682312	-0.365748833520813	0.491983408849793	0.389172574438171	0.422419752599793	0.589184687902527	0.392759522558289	0.418701776098328	0.265106622900085	0.493070048559265	0.398109071386414	0.396271315893249	0.267181692113953	0.41221478665741	0.48822631613739	0.413107977575378	0.758836361730652	0.504423217687683	0.425964767919617	0.378324185033875	0.365354348974304	0.386134120153503	0.378502808141785	0.649807897680359	0.387211793615418	0.61910476901825	0.425508339696961	0.410570136388855	0.384492304052429	0.380823189428406	0.461013395483093	1.1152452885495	0.434645370519714	0.42196828085907	0.417511572973328	0.4442074314328	0.296020027502136	-0.0843191057376098	0.47082727707489	0.343164489233093	0.300885665380554	0.636077017919617	0.856266921300964	0.501452069189148	0.419916090307312	0.375429632482605	0.440982099218445	0.382291917028503	0.376502321752624	0.390395486242371	0.622880705358582	0.495758156957703	0.697513470434265	0.3836164861203	0.466102728368835	0.680284384008484	0.421615931615906	0.54771211704071	0.386485975622253	0.396509092565613	0.904074973608093	0.461664772192078	0.531047212987976	0.767023811437683	0.411192054662781	0.426076418676453	0.407413161596374	0.388199918798523	0.0489851434078979	0.89343162058075	0.42167812851532	0.61980258164032	0.22355712851532	0.42167812851532	0.948440312675476	0.324492463148132	0.42548292226532	0.41745433951532
HLA-J;NCRNA00171-cg08163199-6-29974858	0.2679706791745	0.437220183935242	0.0975810181637574	0.334991359960632	0.560954602331238	0.421404767919617	0.208914946081238	0.302465881383972	0.426890716039734	0.550011969579773	0.293532816381531	0.51228124204071	0.406413264867859	0.476856509374695	0.774071885595398	0.442587980138855	0.496869509618835	0.465667171056824	0.404121555212097	0.864744411169128	0.524358961401062	0.42927437851532	0.485119542455749	0.369697313634949	0.56445500162323	0.0962280911618041	0.449936987096863	0.789328962499695	0.341903533178406	0.4087463298703	0.529618497533875	1.00152238290985	0.541063588964539	0.410937482030945	0.19531456400116	1.08415347434052	0.406556766454773	0.503640624914246	0.868793220983582	-0.177961912256165	-0.402592529443665	-0.0641443172854615	0.332059858862	-0.088212788598938	0.0192761147824096	0.641402262670593	0.518330283788757	0.44729882596405	0.10262829269989	0.415018110509949	0.42368451523407	0.391502679723816	0.648569898840027	0.761648350439148	0.40842566391571	0.410632679601746	-0.150390078149719	-0.137410422510071	0.498103125097351	-0.310033689477844	0.415626169103699	0.408684286047058	0.280944167089539	0.621270965673523	0.507378406469421	-0.0100979950808716	0.400458248144226	0.472960612157898	0.40522735507782	1.00020711227997	0.486963336889343	0.951212814062195	0.42167812851532	0.56422358164032	0.27913612851532	0.42167812851532	0.258960478042664	0.35094462851532	0.495088087632507	0.531549826882507
HLA-J;NCRNA00171-cg08325845-6-29974886	0.348512358495789	0.399972863256531	0.114331697485046	0.286282039281921	0.533557281652527	0.402001447240906	0.166083625402527	0.453957560705261	0.386661395361023	0.482030648901062	0.31973149570282	0.524156921362	0.420233944189148	0.407276188695984	1.00704856491669	0.409573659460144	0.716733188940124	0.441856850378113	0.397612234533386	0.541026090490417	0.471185640722351	0.475170057836609	0.425598221777039	0.394364992956238	1.11120768094452	0.0290807704830932	0.615975666418152	0.724335641820984	0.293370212499695	0.558645009191589	0.477420176855164	0.44067806223114	0.503410268285828	0.377153161352234	0.145531243322449	1.0069321536618	0.387258445776062	0.428396304235535	0.846708900304871	0.108537767065124	-0.402476850122375	-0.0658516379641723	0.313729538183289	0.284042890722351	-0.000353205896301279	0.507865941991882	0.457026963110046	0.464086505285339	0.118828972021179	0.381640789831238	0.625222194555359	0.423606359045105	0.711242578161316	1.03130402976044	0.386164343236999	0.408478358923035	0.45544760117157	-0.120974743188782	0.43675380441864	-0.347364010156555	0.382117848424988	0.377398965368347	0.251220846410828	0.624764644994812	0.52182108579071	0.173233684240417	0.424613927465515	0.401528291479187	0.384923034399109	0.748252791601257	0.446077016210632	0.866317493383484	0.42167812851532	0.56401008164032	0.27934962851532	0.42167812851532	0.621105938675476	0.267277089148132	0.41661054826532	0.42632671351532
HLA-J;NCRNA00171-cg08879910-6-29974319	0.308951220556335	0.456624725317078	1.01813955954559	0.192159901342468	0.585520143713074	0.453718309301453	0.256958487463074	0.335459422765808	0.15407325742157	0.568838510961609	0.305937357763367	0.393473783422546	0.415828806249695	0.506549050756531	0.279280426977234	0.488108521520691	0.0845930510006714	0.51855271243866	0.424181096593933	0.999821952550964	0.389820502782898	0.437322919897156	0.560214083837586	0.381824855016785	0.942848543005066	-0.11504336745636	1.0226715284787	0.865630503881531	0.380715074560242	0.419959871252136	0.53421303891571	0.949258924291687	0.535691130346374	0.418828023412781	0.254848105382996	1.11239401572235	0.417867307836609	0.511138166296082	0.854069762365417	0.0438066291256713	-0.369775988061829	-0.0524287759036254	0.405423400243835	-0.091098247217102	0.410436656164246	0.554738804052429	0.534377825170593	0.564035367345886	0.154096834081726	0.428148651891785	0.419517056615906	0.427452221105652	0.173789440221863	0.920464891820984	0.421318205297546	0.425174220983582	0.00017646323211673	-0.121351881128235	0.509021666479187	-0.295267148096008	0.428363710485535	0.419494827428894	0.290954708471375	0.558948507055359	0.319353947851257	0.00713654630096444	0.413176789526062	0.492773153539734	0.423513896459656	0.423717653661804	0.594573878271179	0.924783355444031	0.42167812851532	0.60886958164032	0.23449012851532	0.42167812851532	0.154724978042664	0.32922512851532	0.516807587632507	0.572061071882507
HLA-J;NCRNA00171-cg24725574-6-29974717	0.046228787572937	0.438783292333679	0.782069126562195	0.25032146835907	0.528991710729675	0.435605876318054	0.0229800544796752	0.21511698978241	0.400149824438171	0.49718007797821	0.301468924779968	0.382170350439148	0.411125373266296	0.439073617773132	0.288849993993835	0.454531088537293	0.481877618017273	0.412972279455261	0.407333663610535	0.606797519567566	0.5278950697995	0.425404486913757	0.427252650854187	0.377100422033386	1.20066511002167	-0.118525800439758	0.4334590954953	0.639013070898132	0.0558496415768432	0.420303438268738	0.504797605932312	0.426867491308289	0.532351697362976	0.426489590429382	0.0383276723995971	0.877557582738953	0.42433387485321	0.486896733312683	0.876495329382019	0.622272196142273	-0.390356421045227	-0.054339208887024	0.344218967260437	-0.0913516802005003	0.0286992231808472	1.15517337106903	0.522635392187195	0.446132934362488	0.134740401098328	0.427350218908386	0.416099623632507	0.395843788122253	0.174381007238464	0.862182458837585	0.419161772314148	0.420985788000183	0.111285030248718	-0.125729314111633	0.488843233495789	-0.298775581079407	0.424880277502136	0.417845394445496	0.292297275487976	0.57178107407196	0.321128514867859	0.00516611331756595	0.410299356542664	0.440032720556335	0.418241463476257	0.429673220678406	0.505101445287781	0.932804922460632	0.42167812851532	0.57996708164032	0.26339262851532	0.42167812851532	0.419731105034851	0.345255255507507	0.427971714624695	0.511927672874695
HLA-J;NCRNA00171-cg25318809-6-29974863	0.385906061620789	0.432240566381531	0.107134400610047	0.328848742406921	0.535200984777527	0.420719150365906	0.158234328527527	0.481557263830261	0.438649098486023	0.497756352026062	0.29695719882782	0.520239624487	0.408842647314148	0.462446891820984	0.939342268041687	0.371182362585144	0.561553892065125	0.425279553503113	0.399220937658386	0.970748793615417	0.509698343847351	0.438325760961609	0.469135924902039	0.374547696081238	0.700158384069519	0.0931114736080933	0.663398369543152	0.725836344945984	0.383650915624695	0.416629712316589	0.529333879980164	0.62524876535614	0.545690971410828	0.409270864477234	0.175645946447449	1.0778178567868	0.406230148901062	0.468006007360535	0.861836603429871	-0.0350905298098755	-0.390866146997375	-0.0618009348391723	0.336864241308289	-0.0641774061526489	0.0114914972286987	0.735899645116882	0.509295666235047	0.420854208410339	0.0973226751461793	0.412023492956238	0.434152897680359	0.405978062170105	0.703397281286316	0.882967732885437	0.404429046362	0.427755062048035	0.14482830429657	-0.131516040063782	0.48545450754364	-0.309720307031555	0.422396551549988	0.407046668493347	0.282705549535828	0.588525348119812	0.50863178891571	0.00497338736541753	0.411247630590515	0.457881994604187	0.411530737524109	0.659515494726257	0.403754719335632	0.951693196508484	0.42167812851532	0.53555658164032	0.30780312851532	0.42167812851532	0.438297670628601	0.308041821101257	0.454313280218445	0.409376329468445
HLA-L-cg27011480-6-30228083	-0.459155366113586	0.327877138647156	0.780623972875671	0.475043314672546	0.291082557043152	0.310479722631531	0.445292900793152	0.773766836095886	0.433751670751648	0.494109924291687	0.208992771093445	0.502534196752625	0.316199219579773	0.378389464086609	0.734573840307312	0.450630934850769	0.65466146433075	0.114362125768738	0.294295509924011	1.00451436588104	0.378248916112976	0.396654333227234	-0.226827502832337	0.263138268346863	0.306511956335144	0.691932045873718	0.784038941808777	0.102473917211609	0.49715348789032	0.308799284582214	0.465826452245789	1.24506133762177	0.338466543676453	1.15893343674286	0.419009518713074	0.222654429052429	0.324461721166687	0.0843845796261597	0.665730175695496	0.58459804245575	0.43886842526825	0.690588637426453	0.221572813573914	0.245267166112976	0.183507069494324	0.759034217382507	0.424824238500671	0.463305780675964	0.854429247411804	0.307721065221863	0.300673469945984	0.29265063443573	0.638711853551941	0.984197305151062	0.315337618627625	0.31112963431366	0.438863876562195	0.637293532201843	0.326054079809265	0.0657952652340698	0.410488123815613	0.309944240758972	0.180807121801453	0.588487920385437	0.515839361181335	0.784163959631043	0.64405120285614	0.422090566869812	0.295689309789734	0.929640066991882	0.445055291601257	0.0108167687741089	0.42167812851532	0.28868158164032	0.55467812851532	0.42167812851532	0.349482872175476	0.677091022648132	0.43236248176532	0.41057478001532
HNF1B-cg02435495-17-36103289	0.454604024511414	1.19889952927216	0.878557363500671	0.471249705297547	-0.248099052331848	0.327815113256531	0.406226291418152	0.397347226720886	0.412718061376648	0.463399314916687	0.207839161718445	0.519231587377625	0.334787610204773	0.440207854711609	1.01259723093231	0.440926325475769	-0.0359761450442504	-0.294126483606262	0.599479900549011	1.10906675650604	0.426376306737976	0.316877723852234	0.388541887792664	0.894051658971863	0.396818346960144	0.0423884364987183	0.346534332433777	0.666192307836609	-0.36245112148468	1.00183967520721	0.480997842870789	0.703800728246765	0.437936934301453	0.356490827367859	0.414524909338074	0.150983819677429	1.25499811179169	0.44127197025116	-0.0427524336795044	-0.31583356691925	0.44198081589325	0.766199028051453	0.235373204198914	0.602677556737976	-0.0812685398806763	1.08124260800751	0.429501629125672	0.214724171300964	-0.00236836196319579	0.320787455846863	0.350033860570984	0.83387402506073	0.087791244176941	0.182984695776062	0.317276009252625	0.73605502493866	0.440322267187195	0.141222922826843	0.397189470434265	0.49332165585907	0.333690514440613	0.323375631383972	0.811563512426453	0.0187233110104371	0.869301751806336	-0.0634686497439574	1.07923059348114	0.384938957494812	0.847544700414734	1.10713545761688	0.462066682226257	0.517597159399109	0.42167812851532	0.64278058164032	0.20057912851532	0.42167812851532	0.151853899675476	0.617674050148132	0.39153150926532	0.45140575251532
HOXA11AS;HOXA11-cg05311410-7-27225523	-0.510877365014954	0.278636139745789	0.862624973974304	0.349296315771179	0.465468558141785	0.320305723730164	0.375511901891785	0.707841837194519	0.323783671850281	0.44582592539032	0.883705772192078	0.235157197851257	0.536520220678406	-0.156736534814758	0.972296841405945	0.388602935949402	-0.0431695345706176	0.405119126867371	0.685922511022644	0.391658366979675	-0.585886082788391	0.363016334325867	-0.480004501733704	0.706858269445496	1.09725095743378	0.631153046972351	0.88432794290741	-0.0132520816897582	0.415096488988953	0.262421285680847	0.153089453344421	0.504520338720398	0.385781544775085	0.864739437841492	-0.143679480188293	0.958663430151062	1.18794372226532	-0.552165419275207	0.152135176794129	0.552832043554382	0.110257426366883	0.727888638525086	0.877078814672546	0.574720167211609	0.626209070592957	1.06068521848114	-0.527570760400696	0.387540781774597	0.433669248510437	0.302933066320496	1.10469347104462	0.769413635534363	0.920677854650574	1.02974130624969	0.747965619726257	0.258655635412292	0.432181877660828	-0.294001466699524	-0.078376919092102	0.469311266332703	0.256838124914246	0.333197241857605	0.124262122900085	0.52035192148407	0.160533362279968	0.712392960729676	0.686956203954773	0.270213567968445	0.275580310888367	0.923007068090515	0.42646729269989	0.817563769872742	0.42167812851532	0.54569858164032	0.29766112851532	0.42167812851532	0.883227562136414	0.46983871260907	0.192689171726257	0.376165183976257
HOXB13-cg08594218-17-46803008	0.459918381811218	0.42788188657196	0.112907720800476	0.479596062597351	0.518519304967957	0.430504470556336	0.405778648717957	0.606878584020691	0.393862418676453	0.441628672216492	0.89374051901825	0.390194944677429	0.401498967504578	0.435139212011414	0.273004588232117	-0.0624293172244262	0.138457212255554	0.438862873693543	0.407629257848816	0.412813113805847	0.531426664037781	0.462387081152039	0.377543245092468	0.381539016271668	0.565324704259949	0.730518793798523	0.753950689733582	0.565433665136414	0.226333235815125	0.410849032507019	0.480560200170593	0.42238508554657	0.532470291601257	0.435748184667664	0.420663266637878	0.950884176977234	0.418056469091492	0.466810327550964	0.0138499236203004	0.310615790380554	0.516764173193054	0.796708385351257	0.333711561498718	-0.0227270859622192	0.0187518174191285	0.433194965307312	0.485976986425476	0.403571528600769	0.559375995336609	0.418306813146668	0.411635217870789	0.400362382360535	0.806823601476746	0.274050053075867	0.444882366552429	0.549195382238464	-0.357752375513	0.686838280126648	0.45527182773407	-0.283110986841125	0.418924871740418	0.414794988683777	0.369779869726257	0.577233668310242	0.32494210910614	0.0175297075558472	0.411551950780945	0.411245314794617	0.721546057714539	0.419326814916687	0.475176039526062	0.698743516698914	0.42167812851532	0.43649958164032	0.40686012851532	0.42167812851532	0.229175978042664	0.41599012851532	0.430042587632507	0.526354889882507
HOXB13-cg21865150-17-46804239	0.469020101537781	0.401542606298523	0.0715154405270387	0.460764782323914	0.528041024694519	0.387874190282898	0.390433368444519	0.568966303747253	0.392914138403015	0.448853391943054	0.757519238744812	0.418047664403992	0.55682768723114	0.400466931737976	0.243152307958679	0.0691434025021362	0.0419179319821168	0.421293593420105	0.776032977575378	0.53533383353241	0.478615383764343	0.427681800878601	0.397693964819031	0.37340173599823	0.372851423986511	0.684539513525085	0.878923409460144	0.696262384862976	0.400185955541687	0.355492752233582	0.481427919897156	0.365553805273132	0.47839601132782	0.472061904394226	0.399534986364441	0.449787896703796	0.589112188818054	0.427663047277527	0.0381156433468629	0.452412510107117	0.485275892919617	0.43223110507782	0.383681281225281	0.0986476337643433	-0.026153462854309	0.342481685033875	0.465585706152039	0.410346248327332	0.580603715063171	0.37109553287323	0.390544937597351	0.579335102087097	0.951418321203308	0.303863772802429	0.948020086278992	0.396493101965027	-0.174308655786438	0.67251199985321	0.421031547460632	-0.181020267114563	0.38787559146698	0.422224708410339	0.29701558945282	0.561698388036804	0.513715828832703	-0.0435475727175902	0.377222670507507	0.421858034521179	0.384359777441101	0.65383953464325	0.419130759252625	0.902098236425476	0.42167812851532	0.49959208164032	0.34376762851532	0.42167812851532	0.172593195636413	0.41166734610907	0.450629805226257	0.434336550476257
HOXC10-cg19898108-12-54383692	0.444783174413757	0.373660679174499	0.0547695134030152	0.44011885519989	0.522316097570496	0.397622263158875	0.435121441320496	0.37939337662323	0.460603211278992	0.422087464819031	0.275626311620788	0.521054737279968	0.825708760107117	0.460362004613953	0.753771380834656	0.454593475378113	0.576791004858093	0.473428666296081	0.393965050451355	0.425899906408386	0.38498845664032	0.424032873754578	0.419534037695007	0.755143808874206	0.824213496862488	0.115098586401062	0.389441482336121	0.509185457738953	0.0738560284176634	0.372302825109558	0.432902992773132	0.366323878149109	0.406172084203796	0.800063977270203	0.392937059240417	0.664442969579773	0.354081261694031	0.175808120153503	0.0121637162228393	0.299971582983093	0.444208965795593	-0.0400718220462037	0.334123354101257	0.45256370664032	-0.00361938997833255	0.814356757909851	0.414825779028015	0.499022321203308	0.513760787939148	0.818663605749206	1.16319701047333	0.393155174963074	0.277873394079285	0.257367845678406	0.415162159154968	0.370474174841003	0.162013417089539	0.627891072729187	0.410066620336609	0.490308805761413	1.18843766434296	0.827626781286316	0.314935662328796	0.638873460912781	0.337949901708679	0.161407500158386	0.362320743383484	0.436330107397156	0.775767850317078	0.854607607519226	-0.159183167871399	0.0346793093014526	0.42167812851532	0.50078008164032	0.34257962851532	0.42167812851532	0.237558448628601	0.996939599101257	-0.169501941781555	0.610115551468445
HOXC11-cg03132556-12-54366760	-0.128611845483704	0.397853659277039	0.147070493505554	0.373613835302429	0.511808077673035	0.702718243261414	0.473799421423035	0.619162356725769	0.485002191381531	0.46340744492157	0.325809291723328	0.564282717382507	0.388435740209656	0.490080984716492	0.518749360937195	0.470739455480652	0.0295469849606323	0.500234646398621	0.411907030553894	0.383507886510925	0.426129436742859	0.423842853857117	-0.0917099822024537	0.379737788976746	0.401520476965027	0.711076566503601	0.72753046243866	0.765959437841492	0.527413008520203	0.738362805212097	0.479398972875671	0.907349858251648	0.419189064306336	0.379626957372742	0.428660039342957	0.376531949682312	0.90450424179657	0.442340100256042	-0.00808130367462162	-0.0534704369143678	0.127867945898132	0.436241158056336	0.284488334203796	0.314651686742859	0.00647859012420654	0.36338173801239	0.434603759130554	0.501716301305847	0.374414768041687	0.392650585851746	0.501635990575867	0.810277155065613	0.562801374181824	0.247839825780945	0.394076139257507	0.390654154943542	-0.402032602807922	0.620764052831726	0.433767600439148	0.519928785863953	0.382749644445496	0.370662761388855	0.322193642431335	0.60243244101532	0.998301881811218	-0.0363425197390747	0.381238723486023	0.466040087499695	0.437200830419617	0.399077587621765	-0.21951318776886	0.198547289403992	0.42167812851532	0.54079508164032	0.30256462851532	0.42167812851532	0.819299962136414	0.33169311260907	0.116490571726257	0.514310783976257
HOXC12-cg13233461-12-54350209	0.495795331396179	0.584433836156921	0.128274670385437	0.501770012182312	0.587566254552918	0.420249420141296	0.501150598302917	0.299863533605652	0.467411368261414	0.546148621801453	0.29396746860321	0.42786489426239	0.417701917089539	0.424046161596374	0.266841537817078	-0.184783367639465	0.0849281618405152	0.544360823278503	0.401410207433777	0.644553063390808	0.527047613622742	0.417259030737	0.471945194677429	0.371204965856628	0.40666065384491	0.664049743383484	0.659891639318543	0.237123614721375	-0.267642814599915	0.40289598209198	0.567125149755554	0.720485035131531	0.485699241186218	0.413816134252625	0.502348216222839	0.441587126562195	0.549643418676453	0.502832277135925	0.00487087320526131	0.507147739965515	0.406985122778015	0.0320493349362184	0.786036511083679	0.395817863622742	0.0223387670040894	0.634271914892273	0.520592936010437	0.49756647818573	0.0866669449215699	0.415171762731628	0.39893916745575	0.424686331945496	0.360110551061707	0.262641002660828	0.56536331613739	0.424733331823425	-0.37834842592804	0.764426229711609	0.489135777319031	0.623930962743835	0.408982821325378	0.403222938268738	0.586798819311218	0.347055617895203	0.404490058691101	-0.0126873428591918	0.396578900365906	0.529189264379577	0.4051500072995	0.415357764501648	0.245324989111023	0.880556466283874	0.42167812851532	0.43300158164032	0.41035812851532	0.42167812851532	0.357959605034851	0.534753755507507	0.489743214624695	0.118922999874695
HOXC12-cg23063338-12-54347242	0.453844030370789	0.429312535131531	0.115062369360046	0.404026711156921	0.406159953527527	0.443699119115906	0.454138297277527	0.192491232580261	0.461188067236023	0.490359320776062	0.57032016757782	0.416725593236999	0.423014616064148	0.449951860570984	0.273974236791687	0.0375113313351441	0.0694778608151245	0.504561522253113	0.416615906408386	0.415551762365417	0.420315312597351	0.458406729711609	0.448309893652039	0.727652664831238	0.395889352819519	0.459044442358093	0.427658338293152	0.420367313695984	-0.232640115625305	0.699751681066589	0.493473848730164	0.42168473410614	0.445692940160828	0.416436833227234	0.452714915197449	0.500343825536804	0.402319117651062	0.434841976110535	0.0171375721798706	0.0285344389401244	0.440841821752624	0.577305033910828	0.359342210058289	-0.0975134374026487	0.0274734659786988	0.865504613866882	0.434835634985046	0.521153177160339	0.100080643896179	0.421701461706238	0.413679866430359	0.409115030920105	0.314756250036316	0.336707701635437	0.690184015112	0.419153030798035	-0.34790172695343	0.632938928686218	0.42923047629364	0.521066661718445	0.433502520299988	0.741235637243347	0.498659518285828	0.302567316869812	0.39241775766571	-0.00969164388458243	0.411004599340515	0.466404963354187	0.557032706274109	0.415653463476257	-0.275711311914368	0.281197165258484	0.42167812851532	0.41861308164032	0.42474662851532	0.42167812851532	0.387221035128601	0.602280185601257	-0.0230753552815552	0.460452964968445
HOXC13-cg03239552-12-54339653	0.474799286596375	0.411155791357117	0.647534625585632	0.539792967382507	0.573626209753113	0.509654375341492	0.485110553503113	0.212411488805847	0.495240323461609	0.549075577001648	1.04424042380341	0.395365849462586	0.389625872289734	0.50800611679657	0.245567493017273	0.49218858756073	0.0433871170407104	0.513015778478699	0.363591162633972	0.379689018591003	0.464432568822937	0.407090985937195	0.517724149877625	0.342071921056824	0.380319609045105	-0.0715693014163208	0.826856594518738	0.77873456992157	0.349827140600281	0.383999937292175	0.53779710495575	0.385561990331726	0.487971196386414	0.37848608945282	0.457765171423035	1.02849508176239	0.370815373876648	0.496794232336121	0.0806448284054565	0.621583695165711	-0.0206209220217896	0.649920290136414	0.336564466283875	0.287537818822937	0.436301722204285	0.380915870092468	0.490246891210632	0.514743433385925	0.0754199001217651	0.385680717931824	0.391507122655945	0.358739287145691	0.275765506261902	0.326049957861023	0.431761271337585	0.431475287023621	0.486059529272156	0.326660184911804	0.466642732519226	0.552679917944031	0.847814776525574	0.442384893468933	0.259368774511414	-0.0146044269046021	0.558785013891296	-0.0328963876589966	0.377651855566101	0.509901219579773	0.413792962499695	0.455161719701843	0.0470259443112181	0.0366214214840698	0.42167812851532	0.51813608164032	0.32522362851532	0.42167812851532	0.372358605034851	0.619997755507507	0.475344214624695	-0.0809140191253052
HOXC4;HOXC5-cg00040312-12-54424679	0.441100453832703	0.328904958593445	-0.00772320717803937	0.448714134618835	-0.313320623010559	0.31596754257782	0.418461720739441	0.679020656042175	-0.442739509302063	0.461691744237976	0.763670591039734	0.151980016698914	0.287360039526062	0.408803284032898	0.638113660253601	0.432984754797058	0.423800284277039	0.0934179457150269	0.3953683298703	0.826267185827332	0.411198736059265	0.342955153173523	0.444977317113953	0.397816088293152	0.340269776281433	-0.202644134179993	0.724442761755066	0.584275737157898	0.318726307836609	0.319095104528503	0.473427272192078	0.302280157568054	0.419281363622742	0.435104256689148	0.431227338659363	0.320987248998718	0.642267541112976	0.432089399572449	0.594475995641785	0.559015862402038	0.432195245214539	0.749550457372742	0.342576633520203	0.512677986059265	0.814951889440613	0.269826037328796	0.416894058446961	0.463712600622253	0.900897067358093	0.349567885168152	0.298708289892273	0.318550454382019	0.57454067349823	0.166512125097351	0.335438438573914	0.352676454259949	0.454910696508484	0.582539352148132	0.214725899755554	0.521155085180359	0.810871943761902	0.860569060705261	0.743938941747742	0.390424740331726	0.216243181127625	0.646579779577332	0.729215022802429	0.421435386816101	0.316327129736023	0.332050886938171	0.490699111547546	0.181630588720398	0.42167812851532	0.29973908164032	0.54362062851532	0.42167812851532	0.169866003636414	0.48044815410907	0.496126613226257	0.365555742476257
HOXC4;HOXC5;HOXC6-cg15611151-12-54412269	-0.425401896631165	1.05138560812958	0.937990442358093	0.488145784154968	-0.402284973474426	0.406698192113953	0.474068370275574	0.0708133055783082	0.33555014023407	0.413463393774109	0.464596240575867	-0.301212333764953	0.354717689062195	0.476851933569031	1.08760530978973	0.428333404333191	0.527358933813171	0.13690559525116	0.361691979406433	0.521972835363464	0.394735385595398	0.390363802709656	0.352202966650086	0.370405737829285	0.732219425817566	-0.18574048464386	0.332918411291199	0.137258386694031	0.508742957372742	0.340175754064636	0.480832921728211	0.345866807104187	0.438108013158875	0.351241906225281	0.332771988195496	0.493526898534851	1.25216119064911	0.386163049108582	0.446588645177918	-0.0100514880618287	0.448732894750671	0.666830106908875	1.01699928305634	-0.171166364404602	0.594220538976746	0.305668686864929	0.0780837079830934	0.485700250158386	0.930887716894226	0.359443534704285	0.999153939428406	0.678356103918152	0.977545323034363	0.216366774633484	1.20157708811005	1.20379910379608	0.280890346044617	0.587387001684265	0.057652549291687	0.478028734716492	0.349623593298035	0.948552710241394	0.685900591283874	0.159262389867859	0.253955830663757	0.481129429113464	1.15467267233856	0.279249036352234	0.950209779272156	0.336695536474304	-0.307198238916321	0.539933238256531	0.42167812851532	0.12011158164032	0.72324812851532	0.42167812851532	0.827420478042663	0.31301762851532	0.533015087632507	0.244101521882507
HOXD11-cg02470521-2-176971304	0.423002862524109	0.402178367284851	0.0823652015133667	0.388802543310242	0.296611785680847	0.395752951269226	0.429990129430847	0.738147064733581	0.409599899389343	0.462419152929382	0.28867299973114	0.48154442539032	0.381554448217468	0.399720692724304	1.01391206894501	0.411550163488464	0.0729056929684447	0.460497354406433	0.820356738561707	0.889821594518738	0.423878144750671	0.393917561864929	0.0127947258053588	0.786910496984558	0.421479184972839	0.681477274511413	1.10156217044647	0.686283145849304	0.414544716528015	0.70453351321991	0.356893680883484	0.38770056625946	0.453699772314148	1.16587266538055	0.426841747350769	0.229780657690125	0.431667949804382	0.421623808263855	0.0129484043331909	0.537279271093445	0.467594653905945	0.586241866064148	0.319486042211609	0.644814394750671	0.424004298132019	0.361773446020203	0.156396467138367	0.43844500931366	0.787088476049499	0.427965293859558	0.393982698583679	0.400854863073425	0.365330082189636	0.910915533788757	0.39239384726532	0.795799862951355	-0.35569989480011	0.628958760839538	0.39010630844696	0.471262493871765	0.489853352453308	0.391319469396668	0.312452350439148	0.523029149023132	0.313543589819031	0.0708271882687377	0.377289431493835	0.202510795507507	0.385387538427429	0.505699295629578	0.477640520238953	0.367654997411804	0.42167812851532	0.43104958164032	0.41231012851532	0.42167812851532	0.307199151995789	0.543570302468445	-0.108255238414368	0.657832716835632
HOXD12-cg01405040-2-176964137	0.469459381811218	0.37824588657196	0.545751720800476	0.478818062597351	0.548784304967957	0.696244470556336	0.397963648717957	0.718689584020691	0.354136418676453	0.385473672216492	0.930095519018249	0.485852944677429	0.349356967504578	0.399125212011414	0.338734588232117	0.0106036827755738	0.0762232122555543	0.402869873693542	0.795978257848816	0.356583113805847	0.460598664037781	0.504006081152039	0.415621245092468	0.446063016271668	0.359713704259949	0.614827793798523	0.482546689733582	0.184272665136414	-0.123931764184876	0.356327032507019	0.450976200170593	0.42518708554657	0.481982291601257	0.358114184667664	0.417861266637878	0.161182176977234	0.350350469091492	0.443079327550964	0.0103289236203003	0.595103790380554	0.497450173193054	0.336234385351257	0.569018561498718	-0.0515280859622192	0.667779817419129	0.574581965307312	0.458405986425476	0.315333528600769	0.909629995336609	0.398206813146668	0.402012217870789	0.453518382360535	0.458839601476746	1.08105105307587	0.355429366552429	0.371954382238464	0.302747624486999	0.443225280126648	0.43595482773407	0.574806013158874	0.997196871740418	0.360960988683777	1.05482986972626	0.206690668310242	1.04173310910614	-0.0569672924441528	0.407061950780945	0.396388314794617	0.354430057714539	0.806445814916687	0.213477039526062	0.911505516698914	0.42167812851532	0.20101258164032	0.64234712851532	0.42167812851532	0.411123651995789	0.439645802468445	0.348692261585632	0.572613306835632
HOXD12-cg02694427-2-176964512	0.460126574926453	0.679240079687195	0.80525591391571	0.455195255712585	0.473733498083191	0.61116066367157	0.358974841833191	0.692864777135925	0.359658611791687	0.375304865331726	0.942921712133484	0.454569137792664	0.359222160619812	0.398692405126648	0.949318781347351	-0.402462124109192	0.158656405370789	0.390183066808777	0.41673545096405	0.389344306921082	0.459177857153015	0.568576274267273	0.376021438207703	0.355202209386902	0.406048897375183	0.527147986913757	0.541177882848816	0.153424858251648	-0.366091571069641	0.479013225622253	0.429919393285828	0.353324278661804	0.472392484716492	0.351062377782898	0.393968459753113	0.812226370092468	0.795346662206726	0.450292520666199	-0.0288148832644653	0.257026983495788	0.470854366308289	0.735708578466492	0.840656754613953	0.485400107153015	0.138234010534363	0.358653158422546	0.45366217954071	0.357114721716003	0.833639188451843	0.594077006261902	0.345248410986023	0.389395575475769	0.10629479459198	0.427266246191101	0.355185559667664	0.398108575353699	0.450704817602234	0.610381473241882	0.430592020849304	0.544554206274109	0.403799064855652	0.430335181799011	0.879226062841492	0.384649861425476	0.747763302221374	-0.0206120993289184	0.394922143896179	0.396325507909851	0.362391250829773	0.360623008031921	-0.289662767358704	0.928599709814148	0.42167812851532	0.21972558164032	0.62363412851532	0.42167812851532	0.476704053675476	0.399689204148132	0.40933666326532	0.43360059851532
HOXD13-cg07802350-2-176956573	0.525721882665711	0.855646387426453	0.400763221654968	0.527840563451843	0.237220805822449	0.419262971410828	0.465750149572449	0.729777084875183	0.421745919530945	0.490425173070984	0.283489019872742	0.505907445531921	0.39413846835907	0.475136712865906	0.289617089086609	0.0968331836300659	0.0510437131100464	0.426871374548035	0.394372758703308	0.420898614660339	0.485133164892273	0.409733582006531	0.47951974594696	0.39195851712616	0.784597205114441	0.722947294653015	0.541116190588074	0.637279165990906	0.346364736669617	0.409382533361511	0.485210701025086	0.447573586401062	0.48475679245575	0.415725685522156	0.457258767492371	0.214133677831726	0.438608969945984	0.480338828405456	0.0428234244747925	-0.230847708764953	0.518236674047546	0.47054488620575	0.75504106235321	-0.101056585107727	0.0486073182736206	0.374684466161804	0.490244487279968	0.434051029455261	0.796125496191101	0.41444231400116	0.414237718725281	0.405684883215027	0.853961102331238	0.296823553930359	0.391817867406921	0.399682883092957	0.0650551253414917	0.43494678098114	0.484978328588562	0.585801514013367	0.81020037259491	0.404796489538269	0.34337137058075	0.358800169164734	0.349902609960632	0.00075620841033941	0.415353451635437	0.449108815649109	0.408448558569031	0.818903315771179	0.505357540380554	0.0767840175534057	0.42167812851532	0.21114758164032	0.63221212851532	0.42167812851532	0.414952037128601	0.617794187601257	0.0507006467184448	0.432721962968445
HOXD13-cg24914355-2-176959229	0.440902738378601	0.378348243139343	0.893371077367859	0.170384419164734	-0.0982633384646605	0.338409827123718	0.431488005285339	0.693008940588074	0.394557775243835	0.457825028783875	0.671372875585632	0.381173301244812	0.32631532407196	0.464861568578796	0.9497649447995	0.410365039342957	0.304877568822937	0.441568230260925	0.358010614416199	1.04963547037323	0.408095020605164	0.658402437719421	0.183229601659851	0.82355837283905	0.338943060827332	0.672669150365906	0.949783046300964	0.517812021703796	-0.319417407617493	0.770575389074402	0.443056556737976	1.20593144211395	0.43257064816864	0.319542541235046	0.408939623205261	0.508799533544617	1.05118082565887	0.428864684118347	-0.0324877198123169	-0.312327853052063	0.443102529760437	0.76397774191864	0.843071918066101	-0.159973729394836	0.831630173986511	1.16246332187469	0.424094342992859	0.272083885168152	0.912749351903992	0.74322516971405	0.322935574438171	0.323972738927917	0.820679958044128	0.22101340964325	0.931998723119812	0.354036738805847	-0.440268018945618	0.382380636694031	0.417133184301453	0.520069369726257	0.3220922283078	1.03120534525116	0.92899022629364	0.217350024877625	0.301444465673523	0.11015006412323	0.791590307348328	0.396500671362	0.361909414281921	0.37412217148407	-0.0621566039065553	0.102470873266296	0.42167812851532	0.45904808164032	0.38431162851532	0.42167812851532	0.125204478042663	0.35802862851532	0.488004087632507	0.538502801882507
HPCAL4-cg18438793-1-40149837	0.493983672948914	0.414324177709656	0.0407700119381715	0.514602353735046	0.157745596105652	0.404978761694031	0.483370939855652	0.818163875158386	0.461485709814148	0.492570963354187	0.989900810155945	-0.164427764184875	0.474754258642273	0.513912503149109	0.281231879369812	-0.380756026086731	0.0492435033932496	0.437636164831238	0.510547548986511	0.430030404943542	0.445259955175476	0.357759372289734	0.438469536230164	0.317087307409363	0.385214995397644	-0.0293659150637817	0.396265980871277	0.118547956274109	0.26725152695282	0.404094323644714	0.500007491308289	0.388164376684265	0.395347582738953	0.350275475805359	0.480398557775574	0.619591468114929	0.353459760229187	0.43360961868866	0.184601214757996	-0.28677891848175	0.464128464330749	0.792633676488953	0.378002852636414	0.0496422051754761	0.718287108556824	0.479964256445007	0.459750277563171	0.576305819738464	0.481181286474304	0.441145104284363	0.427635509008484	0.34517067349823	0.154781892614441	0.270992344213562	0.394261657690125	0.48402767337616	-0.368594084375305	0.655081571264343	0.443700118871765	0.56411130429657	0.419784162878113	0.400421279821472	1.04020216086395	0.124666959447937	0.262025400243835	0.123318998693543	0.42479024191864	0.471687605932312	0.547558348852234	0.733347106054382	-0.118576669336243	0.0370288078366089	0.42167812851532	0.17396308164032	0.66939662851532	0.42167812851532	0.153695465636414	0.36241461610907	0.607071075226257	0.483589280476257
HRNBP3-cg10937408-17-77478569	0.396465494604187	0.336192999364929	0.227740833593445	-0.44201082460968	0.463790417760925	0.475883583349304	0.348732761510925	0.0586416968136598	0.399771531469421	0.21180478500946	0.200126631811218	0.352838057470398	1.14984708029755	0.433660324804382	1.05558270102509	0.435361795568543	0.778679325048523	0.421692986486511	0.316496370641785	0.403727226598816	-0.512162223169251	0.793325193945007	0.275149357885437	0.429545129064636	0.421739817052917	0.632573906591492	0.90406180252655	0.297623777929382	-0.347170651391907	1.22467914529999	-0.475313687036438	1.20851219833954	-0.537140595605774	0.586162297460632	0.422145379430847	0.829926289770203	0.60974058188446	0.394088440343933	0.600642036413269	0.574062903173523	-0.480660714013977	0.494566498144226	0.751720674291687	0.14296602683075	0.833334930212097	0.316526078100281	0.389322099218445	0.451856641393738	0.183232108129578	0.402006925939636	1.10447033066376	1.0625974951535	0.801088714269714	0.874011165868835	0.514721479345398	1.07688049503143	0.429947737279968	-0.236028607080383	0.397324940527038	-0.420190874048157	0.314272984533386	0.854196101476746	0.200916982519226	0.41245778110321	0.386876221899109	0.337807820348816	1.05150306357391	0.385036427587585	0.469162170507507	1.14743992770966	0.512065152319031	-0.0222703705081176	0.42167812851532	0.52210408164032	0.32125562851532	0.42167812851532	0.966040550136414	0.38647770060907	-0.247463840273742	0.459526195976257
HSPA1A-cg24888257-6-31785597	0.448885496557312	0.846241001318054	0.0807798355465698	-0.383991822656555	-0.32444058028595	0.758934585302429	-0.41300823653595	0.659712698766785	-0.350294466577454	-0.279944213037414	0.257544633764343	-0.227725940576477	1.11241808225067	-0.358969673242493	0.267530702978211	-0.325642202478332	0.604009327001648	-0.295288011560364	0.38062537259491	1.16041122855194	0.288545778783875	1.10070519589813	0.467681359838562	0.879947131017761	1.16577481900604	0.702270908544617	1.22413880447968	0.687212779882507	-0.101197649438782	0.416848147253113	0.399083314916687	1.16778520029266	0.235502406347351	1.18382629941376	-0.0383876186160277	0.987684291723328	1.23373358383759	0.392899442297058	0.795293038366394	-0.230692094873352	0.426114287939148	-0.0719794999026487	0.780542676244812	0.121521028783875	-0.0174060678347779	0.377705080053406	-0.43313689882843	0.0112426433468628	0.927904110082703	1.21533292789276	0.373293332616882	1.01513749710663	0.878556716222839	1.08573716782196	1.03197748129852	0.599820496984558	-0.339825260766907	-0.0878026051272583	0.404779942480164	-0.161252872095032	0.386533986486511	1.14215310342987	0.871145984472351	0.656524783056335	0.701252223852234	-0.0283371776980592	1.15425406552704	-0.397756570459289	1.01283417246063	1.16729492966278	0.477014154272156	0.0444326314450073	0.42167812851532	0.27372058164032	0.56963912851532	0.42167812851532	0.621492706128601	0.814895856601257	0.208009315718445	0.226181293968445
HTR6-cg27549720-1-19992167	0.449651162939148	0.50728866769989	0.0220845019284058	0.407387843725281	0.513140086095886	0.368354251684265	0.402042429845886	0.805046365148621	0.444069199804382	0.462974453344421	0.748411300146179	0.552876725805359	0.360463748632507	0.445599993139343	0.216840369360046	0.476634463903503	0.151275993383484	0.418154654821472	0.588184038976746	0.388808894933777	0.38882144516571	0.535809862279968	0.424538026220398	0.413165797399597	0.377973485387878	0.110651574926453	0.316151470861511	0.272501446264343	0.487622016943054	0.339447813634949	0.368101981298523	0.9949978666745	0.447199072729187	1.06544496579559	0.446716047765808	0.156704958105164	1.25287825021942	0.423173108678894	-0.0653002952517701	-0.104901428491516	0.456132954320984	0.758547166479187	0.247841342626648	0.63745269516571	0.855624598547058	0.394164746435242	0.432949767553406	0.466557309728699	0.761296776464539	0.365235594274597	0.324878998998718	0.495117163488464	0.820687382604675	0.233848834203796	0.526629147680359	0.343333163366394	0.249812405614929	0.134506061254578	0.415524608861999	-0.180078205713196	0.335619652868347	0.402080769811707	0.882499650854187	0.631666449438171	0.60963389023407	0.478625488683777	0.414196731908875	0.424281095922546	0.386027838842468	0.324481596044617	0.365011820653992	0.854280297826843	0.42167812851532	0.32672858164032	0.51663112851532	0.42167812851532	0.0220579780426635	0.43108012851532	0.414952587632507	0.435364256882507
HYI-cg21219903-1-43920090	0.419086301611023	0.408960806371765	0.0601986406002808	-0.223660017602844	0.475360224767761	1.05150739035614	0.187649568517761	0.179311503820496	0.413459338476257	0.451333592016296	0.306189438818054	0.519712864477234	0.404972887304382	-0.153107868188782	1.03618850803192	0.407601602575378	0.719318132055359	0.317877793493347	0.491292177648621	0.380223033605652	0.338961583837585	0.481533000951843	-0.375328835107727	1.05192893607147	0.360651624059753	0.627509713598328	0.809845609533386	0.660816584936218	-0.280127844385071	0.337378952306824	0.326862119970398	0.370170005346375	0.377137211401062	0.355406104467468	0.399180186437683	0.180014096777039	1.2174133888913	0.372151247350769	0.734501843420105	0.568501710180359	0.00418309299285902	0.739914305151062	0.629098481298523	0.664241833837586	-0.050667262781067	1.17375788510712	0.244964906225281	0.456771448400574	0.255032915136414	0.494919732946472	0.488812137670593	0.505295302160339	0.96027952127655	0.232304972875671	0.429688286352234	0.458769302038269	0.421689544286804	0.638380199926453	0.360582747533874	0.407909932958679	1.20114579154022	0.437669908483582	0.502520789526062	-0.0624834118899537	0.554455028905945	0.654668627355652	0.88144787058075	0.408109234594421	0.367257977514343	0.349920734716492	0.467179959325867	0.840131436498718	0.42167812851532	0.14837958164032	0.69498012851532	0.42167812851532	0.861429478042663	0.69636262851532	0.149670087632507	-0.420622472117492
IGF1R-cg00098799-15-99409360	0.0592157749996948	0.345367279760437	0.0116151139889527	-0.0377695442141724	0.468627698156433	0.940872863744812	0.392380041906433	0.777142977209168	-0.0288101881350709	0.463514065404968	0.551964912206726	-0.0276746621340943	1.15108036069305	-0.41066539480011	1.02383698142059	-0.46238092403595	0.387385605444031	0.438403266882019	1.13645965103729	0.808593506994324	-0.510840942773743	0.831319474340515	-0.434147361719055	0.341865409460144	1.18547209744843	0.683611186986999	1.19948108292206	0.82957805832489	0.122788629003601	0.543062425695496	0.45566059335907	1.21772447873505	-0.506210315210266	1.16300757785614	-0.453979340173645	1.00597557016571	0.324123862279968	-0.494447279260559	0.362457316808777	0.577503183569031	0.00147956638153079	-0.146776221460266	0.778038954687195	0.420362307226257	-0.082507789392395	0.776513358495789	0.0328383796139527	0.418842921789246	0.421182388525085	0.762121206335144	0.337466611059265	0.923800775549011	0.965598994665222	1.06781744626434	1.11129675974091	0.382614775426941	0.456170017675476	0.0550976733151244	-0.514749779077454	0.078373406347351	0.777932264928894	0.582666381872253	0.187129262914734	0.530287061498718	0.767850502294617	0.395816100744324	1.16029434396942	-0.472372292016907	0.369237450903015	1.16980320810516	-0.373922567285461	-0.0427960901126099	0.42167812851532	-0.0562449183596801	0.89960462851532	0.42167812851532	0.237750605034851	0.920004755507507	0.609952214624695	-0.178809066125305
IL20RA-cg26864905-6-137366369	-0.452308850732727	0.382926654028015	0.886134488256531	0.308708830053406	0.481456072424011	1.20968623801239	0.420035416174011	0.913906351476746	0.420913186132507	0.119833439672546	0.541071286474304	0.551825712133484	1.17867873496063	0.450216979467468	0.259926355688171	0.385024450231628	0.426130979711609	0.460674641149597	0.561278025304871	0.747347881261902	0.0654004314938355	1.19543484860809	-0.373702987451477	0.456080783727722	1.203548471716	0.167740561254578	0.907930457189636	0.489473432592468	-0.361118996728821	1.08144879996307	-0.152785032373352	1.20552685300262	-0.525366940942688	0.352572952123718	-0.220962965906067	0.997232944433288	0.312288236547546	-0.403034904992981	0.479215691076355	-0.328999442163391	0.404701940649109	0.758695152807312	0.501954328954773	-0.134435318506165	0.822922584875183	1.07383473276337	0.384715753881531	0.532294296056824	0.831454762792664	0.659619580602722	0.383038985326843	0.567053149816589	0.0919223689328003	1.06272482053192	0.763532134008484	1.14013414969452	0.418881391943054	-0.167143952417298	-0.465076404809875	0.484371780614929	0.375746639196472	0.409214756139832	0.212736637182312	0.0840114357662964	0.239787876562195	0.140505475011902	0.374173718237	0.401561082250671	0.908404825170593	0.359789582372742	0.477317806982117	0.187673284154968	0.42167812851532	0.18485108164032	0.65850862851532	0.42167812851532	0.426896247128601	1.08070439760126	0.193772856718445	0.420777752968445
IRX3-cg06088745-16-54317413	0.532121938695984	0.466213443456726	0.0841162776852418	0.557601619482117	-0.336315138147278	0.585507027441101	0.507661205602722	0.147538140905457	0.528432975561218	0.00432122910125732	0.287260075903015	0.0701135015621949	0.434408524389343	0.546968768896179	0.671404145116882	-0.362190760339661	0.27526376914032	0.565060430578308	0.390469814733582	0.429199670690613	0.484347220922546	0.427761638036804	0.545154801977234	0.389091573156433	0.757300261144714	0.332955350683289	0.412347246618347	0.147207222021179	0.23922879269989	0.421787589391785	0.0218087570553591	0.418266642431335	0.480641848486023	0.765195741552429	0.514218823522644	0.202068733862	0.395133025976257	0.49528588443573	0.107354480505066	-0.23952665273468	0.51056373007782	-0.033141057763977	0.799441118383484	0.767751470922546	0.925499374303894	0.366406522192078	0.497732543310242	0.257861085485535	0.996696552221374	0.416731370031433	0.582271774755554	0.3737079392453	0.159679158361511	0.721225609960632	0.403735923437195	0.41371493912323	0.177560181371765	0.772407837011414	0.478493384618835	0.48702757004364	0.791765428625183	0.423660545568542	1.13593442661102	0.559383225195007	0.351372665990906	-0.00268873555938715	0.394794507665711	-0.359498128320618	0.495757614599304	1.12951837180145	-0.267127403589172	0.0446960735836792	0.42167812851532	0.25632308164032	0.58703662851532	0.42167812851532	0.267218978042664	0.49917112851532	0.346861587632507	0.678429324882507
IRX6-cg07541744-16-55363277	-0.0745196955813597	0.457049809179382	0.608446643407898	-0.235670014795227	0.466370227575378	0.414271393163757	0.459675571325378	0.602998506628113	0.479035341283875	0.491234594823914	1.05103444162567	0.437732867284851	0.509095890112	0.506660134618835	0.234796510839539	0.480619605382996	0.143037134862976	0.474687796300964	0.404686180456238	0.627554036413269	-0.418913413354797	0.40733200375946	0.48213416769989	0.361946938879089	0.374093626867371	0.0784007164059448	0.380974612341003	0.698749587743835	0.0998881584225463	0.725941955114441	0.462263122778015	0.367117008153992	0.418901214208679	0.612722107275085	0.4221501892453	0.904105099584656	0.341302391698914	0.436575250158386	-0.0448521537722778	0.155138712987976	-0.399321904199524	-0.113699692041321	0.32033248410614	0.730463836645203	0.86512174002655	0.325457887914734	0.404820909032898	0.534862451208191	0.317548917944031	0.385452735754089	0.36035914047821	0.452301304967957	0.329508524084167	0.609536975683288	0.357823289159851	0.486962304845886	0.471549547094421	-0.18222979726593	0.414029750341492	-0.355025064233704	0.348656794347839	0.397206911291199	1.10368179233368	0.596582590917664	0.290035031713562	0.590631630163269	0.402894873388367	0.451005237402039	0.80894498032196	0.377960737524109	0.501661962133484	0.638393439306335	0.42167812851532	0.24883608164032	0.59452362851532	0.42167812851532	0.0702634780426636	0.39019762851532	0.455835087632507	0.472346821882507
ISL2-cg07573209-15-76630095	0.52807048398407	0.429021988744812	0.782930822973328	0.510281164770203	-0.322691592859192	0.424578572729187	0.455380750890808	0.757934686193543	0.456921520849304	0.478557774389343	1.0176666211911	0.431950046850281	0.403162069677429	0.488792314184265	1.05634269040497	0.490196784948425	0.0658363144284058	-0.172901024133606	0.405332360021668	0.419769215978699	0.530700766210632	0.42486618332489	0.48262534726532	0.371475118444519	0.4298898064328	0.0941428959713745	0.405240791906433	0.139011767309265	-0.250113662012024	0.448349134679871	0.365764302343445	0.768341187719421	0.534365393774109	0.408901286840515	0.49038036881073	0.214966279150085	0.407507571264343	0.498572429723816	0.0883960257931519	0.644744892553406	0.526292275365906	-0.0590405124758911	0.34032366367157	-0.0922309837893676	0.90158491959198	0.741280067480164	0.281994088598328	0.435354630773621	0.91584609750946	0.415595915319519	0.40899532004364	0.387466484533386	0.170344703649597	0.350111155248718	0.408666468725281	0.412478484411316	0.0773387266598511	0.7315533822995	0.489336929906921	0.604302115331726	0.945489973913269	0.413391090856628	0.279378971899109	0.0160357704830933	0.795946211278992	-0.00448819027130126	0.432530052953796	0.418214416967468	0.68896415988739	0.407931917089539	-0.219011858301086	0.0627716188717651	0.42167812851532	0.62745108164032	0.21590862851532	0.42167812851532	0.594734585628601	0.796326736101257	0.171740195218445	0.252939414468445
ISL2-cg20643871-15-76629838	0.524408231908875	0.428441736669617	0.951318570898133	0.527314912695007	-0.300004844934387	0.445372320653992	0.470882498815613	0.289188434118347	0.497753268774109	0.142826522314148	0.741547369115906	0.527577794775085	0.424434817602234	0.41314606210907	0.282515438329773	0.50237453287323	0.0838760623532104	-0.255152276208801	0.404935107946472	0.862580963903503	0.477513514135437	0.424410931249695	0.471348095190125	0.388480866369324	0.429655554357605	0.731750643896179	0.413221539831238	0.21820951523407	-0.228399914087219	0.682177882604675	0.11420205026825	0.420617935644226	0.490090141698914	0.41327403476532	0.148080116735535	0.22142602707489	0.410239319189148	0.391014177648621	0.231192773717957	-0.223764359521789	0.347995023290711	0.100329235448914	0.344409411596375	0.499146764135437	0.773010667516785	1.24597081540497	0.460721836523132	0.494490378698425	0.820126845434265	0.413659663244324	0.426715067968445	0.415679232458191	0.193775451574402	0.314884903173523	0.426721216650085	0.994393232336121	0.305466474584656	0.675901130224304	0.453110677831726	0.441806863256531	0.478712721838074	0.416047838781433	0.278216719823914	-0.0334484815921021	0.800411959203796	-0.00207744234649654	0.505716800878601	-0.0236558351077271	0.425779907812195	1.26669866501434	-0.266894110376282	0.0645843667965698	0.42167812851532	0.35666958164032	0.48669012851532	0.42167812851532	0.480857616128601	0.693897766601257	0.110347225718445	0.366816383968445
ITGA4-cg25515269-2-182321373	0.419158432226257	0.444627936987	0.898408771215515	0.25947311301239	0.489892355382996	0.446587520971375	0.184276699132996	0.72787063443573	0.434948469091492	0.370733722631531	0.720065569433289	0.538669995092468	0.433170017919617	0.417929262426453	0.267044638647156	0.407962733190613	0.762146262670593	-0.323031075891418	0.404395308263855	0.529834164220886	0.19703971445282	0.759471131567078	0.274523295507507	1.01061906668671	1.18777975467499	-0.032087155786438	0.524798740148621	0.0819557155514526	0.490726286230164	0.371915082922058	0.225729250585632	1.20368913596161	0.0820013420162964	0.402002235082703	-0.343278682947082	0.172503227392273	1.23698251950653	0.218452377966003	0.0766099740353393	0.582757840795593	-0.0764597763919068	-0.100399564233703	0.422957611913757	0.10735496445282	0.542510867834168	1.16297601572235	-0.391415963159485	-0.129034420984192	0.047508045751648	0.440400863561707	0.392974268285828	0.929226432775574	0.918487651891785	0.286914103490906	0.497603416967468	0.556717432653503	0.449206674902039	0.320469330541687	0.404091878149109	-0.365051936426086	0.848021922155457	1.08858603909882	0.301200920141296	0.547283718725281	1.10156515952118	-0.0568832420291137	0.402323001195984	0.453482365209656	0.397945108129578	1.17609786533173	0.519362089941101	0.615479567113953	0.42167812851532	0.17112408164032	0.67223562851532	0.42167812851532	0.276070605034851	0.904117755507507	0.571632214624695	-0.123110254125305
ITGA5-cg03826594-12-54812085	0.562466926000671	0.444701430761414	0.114641264989929	0.576455606786804	-0.30566015084259	0.449500014745789	0.55033919290741	0.140810128210144	0.544848962865906	0.290513216405945	0.347154063207703	0.660736488866883	0.426003511694031	0.518780756200867	0.28459713242157	-0.357945773034973	0.0771817564450074	0.580098417882996	0.426059802038269	0.4272236579953	0.514221208227234	0.444580625341492	0.572692789281921	0.602022560461121	0.422993248449402	-0.111326662012024	0.421657233923035	0.153256209325867	-0.288954219995422	0.432907576696472	0.583320744360046	0.431242629736023	0.52696283579071	0.421396728857117	0.531874810827332	0.234541721166687	0.412991013280945	0.530496871740417	0.0378894678097534	-0.219326665429993	-0.00875128261749258	-0.0267860704592895	0.327734105688171	0.800277458227234	0.0371773616085816	0.391755509496765	0.523783530614929	0.511975072790222	0.937481539526062	0.439180357336121	0.418350762060242	0.400832926549988	0.181406145666199	0.29086459726532	0.435742910741882	0.474672926427917	-0.359525831323547	0.672594824316101	0.515649371923523	-0.151314442651672	0.528949415929871	0.46484953287323	0.34809441391571	-0.0334177875003052	0.385569653295593	0.8707542517453	0.416597494970398	-0.28292214101593	0.424185601903992	0.42199335910614	0.369324583715515	0.0694180608883667	0.42167812851532	0.56260608164032	0.28075362851532	0.42167812851532	0.634290105034851	0.846650255507507	0.213412714624695	0.177783528874695
ITGA5-cg23795217-12-54812000	0.477972629369812	0.442457134130554	0.10845396835907	0.529979310155945	-0.31189844747345	0.682812718114929	0.49910089627655	0.121410831579285	0.494608666235046	0.235743919775085	0.329273766576843	0.578827192236023	0.416153215063171	0.416569459570007	0.27974783579071	-0.354550069665832	0.076659459814148	0.545098121252136	0.44290850540741	0.424004361364441	0.525280911596374	0.434350328710632	0.473843492651062	0.586203263830261	0.419637951818542	-0.115030958642883	0.417551937292175	0.151695912695007	-0.293809516626282	0.425166280065613	0.548200447729187	0.430304333105164	0.543964539159851	0.421786432226257	0.492389514196472	0.616203424535828	0.423298716650085	0.539953575109558	0.024067171178894	-0.217689962060852	0.272180420751648	-0.036151367090149	0.337185809057312	0.715565161596374	0.0352170649777221	0.393934212865906	0.53141023398407	0.416027776159363	1.0149922428952	0.435072060705261	0.419490465429382	0.401180629919128	0.178289849035339	0.28340930063446	0.451145614111023	0.428018629797058	-0.357498127954407	0.746295527685241	0.489556075292663	0.594440260717468	0.433897119299011	0.432956236242371	0.896722117284851	-0.0431000841311646	0.329653356664734	0.762043955114441	0.418002198339539	0.0608755623532104	0.426209305273132	0.416922062475281	0.158600287084656	0.0651427642575072	0.42167812851532	0.62706508164032	0.21629462851532	0.42167812851532	0.640629605034851	0.840794755507507	0.207073214624695	0.179675974874695
ITGA6-cg02670123-2-173330395	-0.421231829492493	1.16600267526825	0.914577509496765	-0.16672614870636	-0.392345906335754	0.904801259252625	0.474471437414246	0.39890037271698	0.428466207372742	0.476502460912781	0.405899307714539	0.603341733373718	0.517424756200867	-0.375925999292297	0.261261376928406	0.245439471471863	0.826215000951843	0.492217662389832	1.1326910465451	1.24278390250214	-0.19245254726593	0.563480869848328	-0.415836966211243	1.15351780496796	0.416006492956238	0.479692582494812	0.342042478429871	0.584274453832703	0.511830024511414	0.368642821203308	-0.403351011133118	0.388078874242859	-0.256717919702453	1.25521097336395	-0.414667944665832	0.208901965673523	1.25217825778778	-0.474008883752746	-0.0339202876834107	-0.303001420923157	0.459390961889343	-0.125062825952453	0.430689350195007	0.73130170273407	0.196519606115417	0.332577754003601	-0.107164224878235	-0.218841682702942	0.0193247840328979	0.409816601842957	0.429315006567078	0.645382171056824	1.01082439017303	0.662816841772156	0.452621155248718	0.691902170934753	0.474291413183289	-0.213893931177063	-0.505623383569641	-0.385972198144836	0.893759660436707	0.500496777380066	0.351760658422546	0.768927457006531	1.15613689780243	-0.0675515037478637	0.815679739477234	-0.455205896509094	0.489773846410828	0.371259603612976	0.533549828222351	-0.0173206946047973	0.42167812851532	-0.10941941835968	0.95277912851532	0.42167812851532	0.731154978042664	0.56724212851532	0.278790587632507	0.234260094882507
JRK-cg24634471-8-143751801	0.116846731908875	0.495453236669617	1.04232107089813	0.602370412695007	0.295318655065613	1.07574482065399	0.534454998815613	0.384888934118347	0.121599768774109	0.498685022314148	0.360210869115906	0.403861294775085	0.866268317602234	0.59562956210907	0.349690938329773	0.49932803287323	0.26100556235321	0.214730223791199	0.400576607946472	1.2413334639035	0.476842014135437	0.422456431249695	0.154118595190125	1.19467736636932	1.0538100543576	-0.124285856103821	1.17056303983124	0.36863701523407	0.617413585912781	0.786247382604675	0.0983075502682497	0.422572435644226	0.135336641698914	0.42022753476532	0.568910616735535	0.34263952707489	0.570653819189148	0.100525677648621	0.548701273717957	-0.224573859521789	-0.38963647670929	-0.0561782645510863	0.332110911596375	0.385533264135437	0.0347021675167847	0.915931315404968	-0.396949663476868	-0.246136121301575	0.0933043454342652	0.806586163244324	0.413544567968445	0.610472732458191	0.280402951574402	0.285607403173523	0.920242716650086	1.26891973233612	0.550348974584656	0.789413630224304	0.518218177831726	0.189155363256531	0.841928221838074	1.30083333878143	1.13145921982391	0.798864018407898	0.727845459203796	0.738978057653504	0.893667300878601	-0.337337335107727	0.418930407812195	0.705301165014343	-0.250514610376282	0.0631698667965698	0.42167812851532	0.44140558164032	0.40195412851532	0.42167812851532	0.322353151995789	0.528416302468445	-0.100045238414368	0.785587621835632
JSRP1-cg22774088-19-2253398	0.481719028905945	0.415243533666687	0.686005367895203	0.313987709692078	0.592363952062683	0.403026117651062	0.478475295812683	0.479616231115418	0.471135065771179	0.521476319311218	0.280648166112976	0.526418591772156	0.379443614599304	0.48401785910614	0.264690235326843	0.5167883298703	0.422172859350281	0.494206520788269	0.657299904943543	0.397707760900574	0.506975311132507	0.396690728246765	0.466515892187195	1.01576966336639	0.386694351354675	0.421230440893249	0.398764336828308	0.73230831223114	0.466449882909851	1.09671567960175	0.46289384726532	0.400656732641296	0.435729938695984	0.40239083176239	0.470017913732605	0.25609182407196	0.387828116186218	0.482642974645691	0.0712735707150269	-0.0212455625247194	0.522927820287781	0.171284032445984	0.308626208593445	0.720605561132507	0.00950346451385498	0.366885612402039	0.507840633520203	0.520250175695496	0.479504642431336	0.402971460241394	0.388530864965515	0.364900029455261	0.719287248571472	0.348165700170593	0.389759013647156	0.396750029333191	0.418569271581726	0.650927927221374	0.476884474828796	0.328743660253601	0.398403518835144	0.389491635778503	0.804570516820984	0.0924343154049683	0.359295756200867	0.840158354650574	0.383573597875671	0.496222961889343	0.386873704809265	0.389276462011414	0.548448686620789	0.75156316379364	0.42167812851532	0.52587408164032	0.31748562851532	0.42167812851532	0.304020978042664	0.43740412851532	0.408628587632507	0.595919220882507
KCNE3-cg04507515-11-74178268	0.312848235570984	0.414140740331726	0.198442574560242	0.479834916357117	-0.277512841272278	0.418224324316101	0.451182502477722	0.249209437780457	0.431538272436218	0.414970525976257	0.279883372778015	0.511629798437195	0.390802821264343	0.449911065771179	0.260558441991882	0.392704536535339	0.32564306601532	0.378869727453308	0.862110111608582	0.452740967565613	0.495809517797546	0.406670934911804	0.449186098852234	0.982405870031433	0.733855558019714	0.331547647558289	0.560391543493347	0.434252518896179	0.48116808957489	0.397484886266785	0.437828053930359	0.397000939306335	0.470912145361023	1.09846103842743	0.425912120397644	0.202133030737	0.400209322851257	0.42732318131073	0.819826777380066	-0.17826235585968	0.51596602695282	0.041635239111023	0.368648415258484	0.617144767797546	0.0482546711788941	0.369551819067078	0.483996840185242	0.389132382360535	0.957208849096375	0.422855666906433	0.389280071630554	0.4210552361203	0.956939455236511	0.327737906835632	0.401730220312195	0.39711623599823	-0.315983521753235	0.683021133886414	0.492487681493835	0.54168786691864	1.25865772550018	0.400182842443543	0.278190723486023	0.504007522070007	1.02515596286591	0.212850561315613	0.411094804540711	0.458219168554382	0.467235911474304	0.389331668676453	0.501591893285828	0.429202370458679	0.42167812851532	0.50879608164032	0.33456362851532	0.42167812851532	0.510303605034851	0.676601755507507	0.337399214624695	0.103716776874695
KCNH2-cg18423852-7-150653001	-0.356910114404602	0.43006839035614	0.0988252245846559	0.486091566381531	-0.326465191247864	0.455616974340515	0.488760152502136	0.230804087804871	0.0551709224606323	0.113471176000671	0.366570022802429	0.534881448461609	0.432213471288757	0.428285715795593	0.763224092016297	0.532335186559754	0.568123716039734	-0.232897622522278	0.400558761632996	0.416751617590027	0.52294716782196	0.436614584936218	0.517381748876648	0.448347520055847	0.434456208044128	-0.0575777024172973	0.407509193517761	0.547637168920593	0.279649739599304	0.411793536291199	0.534182703954773	1.14893558933075	0.419277795385437	0.410981688451843	0.537997770422058	0.482421680761414	0.413640972875671	0.499322831335144	0.48631242740448	0.245183294164734	0.392997676977234	0.846088889135437	0.355128065282898	-0.0941825821780394	0.611078321203308	0.383221469091492	0.466000490209656	0.537238032384949	0.142691499120789	0.437122316930847	0.423773721654968	0.384682886144714	0.816091105260925	0.270713556860046	0.430647870336609	0.417824886022644	0.547443128271179	0.0786237839108277	0.50225833151825	0.634896516943054	0.415517375524597	0.406198492467957	1.06178937351044	0.172471172094421	0.31574461289032	0.494509211340027	0.407794454565125	0.503320818578796	0.413879561498718	0.406114318700867	-0.0827574566897584	0.221952020483093	0.42167812851532	0.40332558164032	0.44003412851532	0.42167812851532	0.687935478042664	0.46667362851532	0.379359087632507	-0.169930063117493
KCNH2-cg20883831-7-150652948	-0.427707257715149	0.353648247045593	0.0182790812741089	0.452454423070984	-0.40237733455841	0.403184831029968	0.441491009191589	0.294339944494324	0.0202887791500854	0.0861020326901245	0.790654879491882	0.510716305151062	0.33738732797821	0.413412572485046	0.91270794870575	0.487620043249207	0.708292572729187	-0.0462277658328247	0.318887618322449	0.33296947427948	0.454250024511414	0.341990441625671	0.476894605566101	0.5227743767453	0.467661064733582	-0.197117845727844	0.333250050207214	0.757954025610046	0.528209596288757	0.336569392980652	0.472726560644226	0.970456446020203	0.46387265207489	0.341163545141296	0.469177627111511	0.980797537450867	0.340129829565124	0.445923688024597	0.576478284093933	0.478187150854187	0.477210533666687	0.78796874582489	0.314840921972351	-0.156147725488586	0.798518177892761	0.304414325780945	0.461285346899109	0.503023889074402	0.187759355810242	0.3919891736203	1.07909257834442	0.310260742834168	0.984811961950379	0.1952704135495	0.602944727026062	0.335676742712097	0.506643984960632	0.388639640600281	0.430228188207703	0.565633373632507	0.34172723221405	0.33236234915741	1.11064923019989	0.321330028783875	0.239313469579773	0.75645806802948	0.340863311254578	0.44572067526825	0.344220418188171	0.33414017539032	0.399408399999695	0.428152877172546	0.42167812851532	0.59484208164032	0.24851762851532	0.42167812851532	1.04175059267548	0.328162743148132	0.48190820226532	0.36102905951532
KCNH3-cg27382405-12-49942982	0.167635311864929	0.435434816625671	0.828648650854187	0.448519992651062	0.123425235021667	0.433520400610046	0.373451578771667	0.211302514074402	0.406223348730164	0.425251602270203	0.29931444907196	0.43124387473114	0.408261897558289	0.404308142065124	0.645600518285828	0.411583612829285	0.392401142309265	0.426090803747253	0.420531187902527	0.420358043859558	0.500818594091492	0.45779301120575	0.396058175146179	0.375761946325378	0.41169063431366	0.570546723852234	0.412048619787293	0.264171595190125	-0.0339918341311646	0.43181996256073	0.455126130224304	0.421165015600281	0.522964221654968	0.413082114721375	0.401662196691589	0.730021107030945	0.443133399145203	0.415153257604675	0.763206853674011	-0.0980802795657347	0.534750103246765	0.627068315404968	0.652256491552429	0.615927844091492	0.838543747472839	1.14733589536102	0.467703916479187	0.43529345865448	0.0969669253903199	0.425255743200378	0.429302147924499	0.406130312414246	0.615553531530457	0.699613983129578	0.41357129660614	0.419458312292175	0.51623055454071	0.446717210180359	0.455002757787781	0.594464943212585	0.423844801794128	0.414663918737488	0.287354799779968	0.194879598363953	0.320733039159851	0.267871637609558	0.486161880834656	0.440150244848328	0.41791798776825	0.411677744970398	0.306384969579773	0.117701446752624	0.42167812851532	0.57877658164032	0.26458312851532	0.42167812851532	0.644756588136414	0.47141073860907	0.237733197726257	0.374593157976257
KCNK2-cg05129325-1-215255161	0.276240556371765	0.404265061132507	0.334650895361023	-0.325455762842102	-0.110486520471497	0.445348645116882	0.454457823278503	0.661608758581238	0.467219593236999	0.226404846777039	1.0625516935788	0.463926119237976	0.557875142065125	0.48385538657196	0.333323762792664	0.468308857336121	0.683606386816101	-0.341766951745911	0.390921432409363	0.415820288366394	0.442691838598328	0.440457255712585	0.498568419653015	0.393477190832214	0.475757878820496	0.18261896835907	0.648996864294128	0.42797283969696	0.0471854103756713	0.409179207067566	0.34600237473114	0.406920260107117	0.444572466161804	0.39734235922821	0.473955441198425	0.224232351537781	0.399961643652039	0.458562502111511	0.846541098180847	-0.139221035058899	0.458753347753601	0.460821559911804	0.320836736059265	0.637129088598328	0.134707991979675	0.405974139867859	0.417151160986023	0.478420703161316	0.0731971698971557	0.401912987707214	0.395914392431335	0.465371556921082	0.859605776037292	0.278697227636414	0.413642541112976	0.712127556799011	0.488159799047546	-0.116715545312805	0.434714002294617	-0.282308812280579	0.408462046300964	0.425719163244324	0.276552044286804	0.456624842870789	0.346303283666687	0.0335138821163941	0.469370125341492	0.466640489355164	0.429202232275085	0.419302989477234	0.424606214086609	0.88915569125946	0.42167812851532	0.35719308164032	0.48616662851532	0.42167812851532	0.091876302675476	0.433654453148132	0.42098891226532	0.42194834951532
KCNQ1DN-cg07592963-11-2890649	0.447042230566101	0.445010735326843	0.0359855695553591	0.465786911352234	-0.328526846277161	0.367522319311218	0.392949497472839	0.228780432775574	0.335969267431335	-0.277124479028626	0.968407367773132	-0.185656206567688	0.35193081625946	0.413087060766296	0.958378436986999	0.307699531530457	0.0791310610104371	0.441063722448425	0.327267106603699	1.13125096256073	0.453701512792664	0.373459929906921	0.408394093847351	0.62359986502655	0.387358553014832	0.700994642553406	0.326058538488464	0.609908513891297	-0.369699915429993	0.544406881261902	-0.376466951074524	1.05743393430145	0.46787814035614	1.20667103342255	0.461115115392761	0.623331025732117	0.328067317846374	0.456583176305847	-0.0541662276248169	0.603539639135437	0.469037021947937	0.16493523410614	0.719378410253601	0.640550762792664	0.855773666174011	0.371183814062195	0.462100835180359	0.327450377355652	0.0487218440914918	0.83418366190155	0.339146066625671	0.334561231115418	0.116123450231628	1.13685990183075	0.879379215307312	0.359990230993347	0.424005473241882	0.652708128881531	0.443324676488953	0.561516861913757	1.2361277204953	0.33423183743866	0.84491271848114	0.287146517065125	0.759110957861023	0.17637055631073	0.353004799535828	0.4165131635495	0.338563906469421	0.33047366367157	0.472661888280945	0.888426365453796	0.42167812851532	0.0240590816403198	0.81930062851532	0.42167812851532	0.360859890128601	0.549838040601257	0.0225304997184448	0.486814109968445
KCNQ2-cg13782274-20-62097681	-0.380473271997376	0.474823232763367	0.883061066991883	-0.416409591211243	0.434813651159363	0.876537816747742	0.418294994909363	0.589354930212097	0.412819764867859	0.191333018407898	0.417019865209656	-0.169250709131164	1.10014931369598	0.42261355820282	1.05304293442352	-0.37503197103302	0.59843155844696	0.447236219884949	0.435053604040222	0.628943459997253	-0.326612989770813	0.732425427343445	0.431848591283874	0.899190362463074	0.534497050451355	0.656589139989929	0.457031035924988	0.30014701132782	0.394486582006531	0.443858378698425	-0.388545453638001	0.267624431737976	-0.481996362207336	0.41063653085907	-0.375011387170715	0.17021052316864	0.244339815282898	0.350110673742371	0.396425269811707	-0.0902208634280395	-0.49694848061554	0.587883731542664	0.409437907690125	0.252625260229187	0.806902163610535	0.277493311498718	-0.394579667383118	0.522925874792175	0.112847341528015	0.733057159338074	0.404851564062195	0.668469728551941	0.0978229476681519	1.05527839926727	0.426789712743835	0.616284728429871	-0.495587029321594	0.147850626318054	0.377822173925476	-0.280303640649719	0.435559217931824	1.16447733487518	0.458698215917664	0.639620014501648	1.09506745529755	-0.0822679462527465	0.431689296972351	0.394933660986023	0.638805403905945	0.610514161108093	0.508423385717468	-0.0643931371096801	0.42167812851532	0.19783108164032	0.64552862851532	0.42167812851532	0.391794605034851	0.871846755507507	0.455908214624695	-0.228335100125305
KCNS1-cg09028204-20-43729808	-0.376427858911438	0.412711645849304	0.95773948007782	0.376910821874695	-0.2040579357547	0.431004229833679	0.4164514079953	0.293351343298035	0.433050177953796	0.485605431493835	0.990387278295593	0.566277703954773	0.388118726781921	0.465514971288757	0.39233034750946	0.518144442052918	0.788921971532898	0.488572632970886	0.41061901712616	0.394550873083191	0.522739423315125	0.404283840429382	0.437280004369812	0.658994775549011	0.397892463537293	-0.142408446924133	0.385414449010925	0.132197424413757	0.535051995092468	0.393275791784363	0.175828959447937	0.655290844823913	0.419602050878601	0.930183943945007	0.448984025915222	0.850874936254578	1.13538022836884	0.431219086828308	0.695656682897644	0.467798549657898	0.175458932470398	0.328775144628601	0.325259320776062	0.446404673315125	5.45766964722416e-05	0.366014724584656	0.50430474570282	0.483524287878113	0.0704467546139527	0.398926572424011	0.421034977148132	0.662009141637878	0.972669360754089	0.25655581235321	0.398067125829773	0.395119141515808	0.555661383764343	0.0965690394039916	0.486900587011414	-0.328472227563782	0.399477631017761	0.397143747961121	0.260012629003601	0.658020427587585	0.317995868383484	0.771995466833191	0.505625710058289	0.45978707407196	0.401124816991882	0.423114574194031	0.522230798803406	0.530547275976257	0.42167812851532	0.53080408164032	0.31255562851532	0.42167812851532	0.346138720628601	0.336745871101257	0.507112330218445	0.501535279468445
KCTD12-cg00931644-13-77461368	0.419959555028992	0.322535059789734	0.84563189401825	0.441911235815125	0.46079347818573	0.331357643774109	0.37683182193573	0.890551757238464	0.409434591894226	0.447334845434265	0.401693692236023	0.473080117895203	0.407962140722351	0.426617385229187	0.32445276144989	0.412572855993347	0.474184385473328	0.433894046911316	0.780317431066589	0.589554287023621	0.376439837255554	0.423378254369812	-0.269137581689758	0.527992189489441	0.376952877477722	-0.135218032983704	0.456807862951355	0.854952838354187	0.465061409032898	0.301419205724792	0.436137373388367	0.331454258764343	0.388691464819031	0.340019357885437	0.402227439855652	0.901296350195007	0.367854642309265	0.363133500768738	0.798105096838074	0.576715963598328	0.397823346410828	0.642672558569031	0.408040734716492	0.616259087255554	0.528051990636902	1.14852113852509	0.38875215964325	0.512352701818543	0.0127101685543823	0.329205986364441	0.288515391088562	0.443067555578308	0.813970774694519	0.30320422629364	0.440883539770203	0.456074555456238	0.417641797704773	0.531459453344421	0.356993000951843	0.247192186376648	0.301613044958191	0.47805216190155	0.197203042944031	0.640554841528015	0.206890282323914	0.775605880773621	0.581677123998718	0.37801248801239	0.393549230932312	0.35235798813446	0.477986212743835	0.558410689916687	0.42167812851532	0.44297608164032	0.40038362851532	0.42167812851532	0.896427855675476	0.185344006148132	0.44213046526532	0.40080679651532
KCTD12-cg25968569-13-77461335	0.428415231420593	0.313363736181335	0.861620570409851	0.420014912206726	0.462433154577332	0.336523320165711	0.358235498327332	0.888703433630066	0.375920268285828	0.448041521825867	0.420978368627624	0.422970794286804	0.397840817113953	0.415018061620789	0.250255437841492	0.410307532384949	0.477047061864929	0.425872723302917	0.869994107458191	0.355477963415222	0.367645513647156	0.413122930761414	-0.294479905298157	0.586625865881042	0.381588553869324	-0.152047356592102	0.320679539342957	0.862996514745789	0.4245400854245	0.284890882116394	0.430504049779968	0.305478935155945	0.386997141210632	0.486652034277039	0.396977116247253	0.983272026586609	0.856708318700867	0.370786177160339	0.797948773229675	0.560575639989929	0.389555022802429	0.649282234960632	0.433273411108093	0.521769763647156	0.442563667028503	1.08892781491669	0.392345836034851	0.502547378210144	-0.00439415505401614	0.329272662756043	0.284568067480164	0.44969323196991	0.839986451086121	0.268305902685242	0.478197216161804	0.409758231847839	0.414517474096375	0.518523129736023	0.350086677343445	0.467088862768249	0.293935721349793	0.424270838293152	0.215245719335632	0.579023517919617	0.217324958715515	0.776272557165222	0.48646880039032	0.375893164403992	0.338670907323914	0.316925664526062	0.470909889135437	0.631700366308289	0.42167812851532	0.46642908164032	0.37693062851532	0.42167812851532	0.889410673175476	0.200935823648132	0.45270728276532	0.39022997901532
KIAA0040-cg03317045-1-175161069	0.460473699560242	0.403014204320984	0.915534038549499	0.182701380346374	0.45184562271698	0.718648788305359	0.48253596646698	0.696150901769714	0.451821736425476	0.325993989965515	0.256433836767273	0.185502262426453	1.1042742852536	-0.257883470239563	1.06759190598114	0.494383000524597	0.418760530004578	0.500350191442566	0.422382575597839	0.381273431554871	0.114176981786804	0.381356398901062	-0.373232437158509	0.998030334020691	0.832668022008972	0.349663111547546	0.365951007482605	0.721723982885437	0.521866553564148	0.389313350256042	-0.371205482080383	0.379581403295593	0.364780609350281	0.369673502416687	-0.204796415613098	1.03221349472626	1.11407478684052	-0.424051354700012	0.841895241369324	0.563923108129577	0.389685490942078	0.0988837031002807	0.991197879247741	0.701067231786804	0.407633135168152	1.22530328305634	0.325527304174499	0.475065846349792	0.316690313085632	1.12703913089569	0.395850535619812	0.376931700109558	0.139137919225769	1.13519737082489	0.422082684301453	0.995719699987488	0.488970942236023	0.716573597875671	-0.144657854516907	-0.213668669092102	0.421000189489441	1.1316053064328	0.381736187475281	0.375946986059265	0.866801426855164	0.407412025304871	0.679383268529968	0.44298663254364	1.06201437546356	0.876606132665711	0.544040357275085	0.241121834447937	0.42167812851532	0.61900158164032	0.22435812851532	0.42167812851532	0.375881739175476	0.580687889648132	0.43755334876532	0.40538391301532
KIAA0146-cg25801976-8-48648112	0.346501730566101	0.560118235326843	0.00992206955535896	-0.214442588647766	-0.409666346277161	0.346796819311218	-0.457938002527161	0.0988399327755737	0.402224767431335	-0.0599179790286256	0.383871867773132	0.427082293432312	0.39132231625946	-0.397872439233704	0.965432936987	-0.439866968469543	0.699229561010437	0.366228222448425	0.758121606603699	1.04856446256073	0.357260012792664	0.406269429906921	-0.419646406152649	0.70189136502655	1.01068405301483	0.626491142553406	1.15469603848846	0.710144013891296	0.369272584570007	0.768449381261902	0.0328875489254761	1.19609143430145	-0.49703435964386	1.13197653342255	0.0757296153927612	0.941060525732117	1.20872781784637	-0.320298323694153	0.106252272375183	0.548279139135437	-0.483582478052063	-0.14792126589386	0.343300910253601	-0.189468737207336	0.372015166174011	0.295478314062195	-0.492877664819641	0.138327877355652	0.00662334409149173	1.07981916190155	0.325308566625671	0.830591731115418	0.947161950231628	1.00637340183075	1.10639771530731	1.03948373099335	0.424562973241882	-0.218376371118469	-0.492812823511047	0.493939361913757	0.9486732204953	1.02925833743866	1.01419821848114	0.506359017065124	1.06226445786102	0.75484505631073	1.09640529953583	0.4159556635495	1.01717940646942	1.18425416367157	0.444364388280945	0.868941865453796	0.42167812851532	0.54892308164032	0.29443662851532	0.42167812851532	0.586771478042664	0.33029762851532	0.515735087632507	-0.325987855117492
KIAA0319-cg16906346-6-24646782	0.416810533544617	0.300523038305359	-0.0241021274661254	0.133995214330749	0.437871456701355	0.911876622289734	-0.471430199548645	0.329476735754089	0.419550570409851	-0.36251817605011	0.259363670751648	0.281806096410828	0.563052119237976	0.453373363744812	0.198587739965515	0.446707834508972	0.599484363988953	-0.274306974573059	0.782490409582214	0.743851265539246	-0.455545184228821	0.951605232885437	-0.132036603174133	1.05291016800507	0.336142855993347	-0.235376054468079	0.39585984146698	0.925864816869812	0.149943387548523	0.694760184240418	-0.494388648096008	1.23049123727997	0.395281443334656	0.343303336401062	0.421516418371277	0.165720328710632	0.33783262082489	-0.206300520715637	0.715178075353699	-0.245063057886047	0.0215023249264527	-0.163689462915344	0.942129713232117	0.686743065771179	0.109289969152527	1.13363211704071	0.107230138158875	0.491761680334168	0.898987147070007	1.01997996488007	0.849048369604187	1.15404553409393	0.948921753210144	0.174046204809265	0.976735518285828	0.492743533971863	-0.373659223779602	-0.177834568139954	0.356307979467468	-0.436996835107727	0.910097023473816	0.488394140417175	1.02075302145966	0.46601882004364	0.746922260839538	0.796596859289246	0.642317102514343	-0.462175533471985	0.513710209447937	0.508393966650086	0.500870191259461	-0.064162331567688	0.42167812851532	0.28980508164032	0.55355462851532	0.42167812851532	0.913411237136414	0.47666338760907	-0.148726153273743	0.369340508976257
KISS1-cg12731349-1-204159619	0.458559139501648	0.37391764426239	0.0558094784909059	0.418774820287781	-0.387108937341614	0.357660228246765	0.422143406408386	0.0594303417111206	0.403662176366882	0.463345429906921	0.232956276708679	0.534900702367859	0.462614725195007	0.435486969701843	0.865097345922547	0.440888440466004	0.311659969945984	0.441108631383972	0.948259015539246	0.347172871496277	0.450763421728211	0.347965838842468	0.457330002782898	0.673089773962097	0.378310461950378	0.668336551488953	0.338247447424011	0.307441422826843	0.364233993505554	0.351840790197449	0.462873957861023	0.390498843237	0.470067049291687	1.18508694235809	0.413935024328308	0.360625934667664	1.27307722678192	0.421869085241394	0.11899068131073	0.229800548070984	0.099847930883484	0.169340143041687	0.810284319189148	0.533810671728211	0.329130575109558	0.322932722997742	0.456971744115906	0.396945286291199	0.0341867530270386	0.402137570837097	0.747725975561218	0.643200140050964	0.762987359167175	0.709958810766296	0.916187124242859	0.978744139928894	0.484103382177429	0.442387037817078	0.419246585424499	-0.356541229150696	1.03688062943085	0.341089746374207	0.789724627416687	0.253083426000671	0.94082686679657	-0.0430235347537231	0.973528708471374	0.398224072485046	0.857819815404968	0.496382572607117	0.139757797216492	0.132875274389343	0.42167812851532	0.55212208164032	0.29123762851532	0.42167812851532	0.312659151995789	0.538110302468445	0.706837761585632	0.0600101488356323
KLHL29-cg15123692-2-23886357	-0.375034721582337	0.415904783178406	0.861667617406921	0.417254959203796	0.237918201574402	0.406406367162781	0.379886545324402	0.645474480627136	0.317591315282898	0.375686568822937	0.633768415624695	0.372706841283875	0.390328864111023	0.317022108617859	0.806047484838562	0.458023579382019	0.681575108862	0.142769770299988	0.437959154455261	0.397735010412292	0.487720560644226	0.433955977758484	0.388504141698914	0.366226912878113	0.397051600866394	0.0776796904049682	0.409247586340027	0.577331561742859	0.38919513242157	0.896956929113464	0.417751096777039	0.780074982153015	0.485799188207703	0.402803081274109	0.399653163244324	0.205306073583679	0.392913365697937	0.43449222415741	0.678384820226746	0.558314686986999	0.478063069799499	0.714363281957703	0.841505458105164	-0.113149189355774	0.421658714025574	0.363760861913757	0.484820883031922	0.404740425207214	0.892987891943054	0.525529709753113	1.14422511447723	0.43769927896698	0.167795498083191	1.07218194968231	0.425776263158875	0.47876427884491	0.469875521093445	0.537330176733093	0.420454724340515	0.59203690976532	0.404911768346863	0.397940885290222	0.278744766332703	0.474503564916687	0.708567005712585	0.730775604162293	0.41624484738739	0.425034211401062	0.397527954320984	0.445377711523132	0.417011936132507	0.0914974133053589	0.42167812851532	0.38949358164032	0.45386612851532	0.42167812851532	0.660775860636414	0.39333401110907	0.375813470226257	0.452669885476257
KLHL3-cg09677741-5-137071648	0.36409977316864	0.411786277929382	0.801337112157898	0.404057453954773	0.578885696325378	0.399185861913757	0.466736040075378	0.0815729753781129	0.485415810033874	0.433014063573914	0.272366910375671	0.234105336034851	0.376645358861999	0.389106603368835	0.244783979589538	0.484973074132996	0.625202603612976	0.475667265050964	0.371607649206238	0.471373505163269	0.444879055395203	0.39097047250946	0.41836663644989	0.335661407629089	0.382775095617371	-0.141294814844055	0.373601081091003	0.675031056493836	0.399763627172546	0.385123423864441	0.442874591528015	0.387280476903992	0.323467682958679	0.513464576025085	0.4458056579953	0.383052568334656	0.380113860448913	0.424543718908386	0.770785314977722	0.593510181737976	0.492881564550476	0.500139776708679	0.88331395285614	-0.0160706946047974	0.84048920877655	1.10445435666473	0.0669633777828981	0.455436919958191	0.240458386694031	0.567419204504089	0.38618960922821	0.355878773717957	0.200414992834167	0.907265444433289	0.611438757909851	0.383133773595886	0.533727015844421	0.62751767148407	0.458992219091492	0.548156404516296	0.451275263097839	0.391277380041199	0.950549261083679	-0.0910209403323365	0.484223500463562	0.804619098913269	0.376065342138367	0.480833706152039	0.38279144907196	0.377993206274109	0.422959430883484	0.0285689080563354	0.42167812851532	0.45465558164032	0.38870412851532	0.42167812851532	0.353756151995789	0.497013302468445	0.293913761585632	0.525885700835632
KLHL3-cg13847070-5-137071523	0.388588354345398	0.36436485910614	0.895826693334656	0.423689035131531	0.457755277502136	0.365325443090515	0.396859621252136	0.0961865565548706	0.405384391210632	0.452366644750671	0.294738491552429	0.367770917211609	0.351220940038757	0.439332184545593	0.220960560766296	0.428702655309753	0.693573184789734	0.412690846227722	0.440543230382996	0.967000086340027	0.40923763657196	0.353318053686218	0.395917217626648	0.332339988805847	0.322483676794128	0.619506766332703	0.337227662267761	0.716662637670593	0.457906208349304	0.706447005041199	0.455695172704773	0.337511058080749	0.413589264135437	0.785790157201843	0.397313239172058	0.621431149511414	0.340460441625671	0.372038300085144	0.73320489615448	0.554393762914734	0.416763145727234	0.600334357885437	0.951188534032898	0.196817886571961	0.809336789953308	1.15606693784149	0.285814958959656	0.451614501134949	0.834377967870789	0.777182785680847	0.794550190404968	0.356888354894714	0.346768574010925	0.993787025610047	0.973059339086609	0.358887354772644	0.452596597021179	0.644630252660828	0.391984800268249	0.509553985693054	0.855848844274597	0.457638961217957	0.995987842260437	-0.0205693591555786	0.85394708164032	0.741672680090027	0.383108923315125	0.401021287328796	0.343972030248718	0.339396787450867	0.393344012060242	0.0284004892330932	0.42167812851532	0.41776708164032	0.42559262851532	0.42167812851532	0.634702918136414	0.34542006860907	-0.0736124722737426	0.500583827976257
KRT19-cg13002493-17-39683800	0.462622701757507	0.43434320651825	0.0730430407467652	-0.24447561745636	-0.347814375085754	0.411223790502625	0.367352968664245	0.11998790396698	0.487735738622742	0.486732992162781	0.268236838964539	0.458829264623718	0.595955287450867	0.473348531957703	1.03306290817841	0.405029002721863	0.722597532201843	0.411181193639832	0.395245577795105	0.385819433752136	0.47930998398407	0.391263401098328	0.444941565038757	0.622712336217957	0.400996024206238	0.572146113744812	1.24975400967987	0.128187985082703	-0.317160444238586	0.969018352453308	0.144850520116882	0.420136405492859	0.422528611547546	0.999900504613953	0.463341586584168	0.193493496923523	1.10014278903778	0.473540647497253	0.653135243566589	0.635411110326843	0.497690493139343	0.811719705297546	0.367657881445007	0.15222723398407	0.355190137365417	0.869918285253601	0.468364306371765	0.239956848547058	0.0693073152828981	0.389231133092957	1.08592553781708	0.417820702306824	1.02634992142303	0.280569373022156	0.392700686498718	0.391326702184753	0.474346944433289	0.130443600072937	0.460743147680359	-0.305954666894836	0.581272191686707	0.384379308630066	0.256197189672546	0.516093988256531	0.463561429052429	0.793887027502136	1.00672527072723	0.321679634740906	0.396338377660828	0.384526134862976	0.129780359472351	0.913085836645203	0.42167812851532	0.62626958164032	0.21709012851532	0.42167812851532	0.546394288175476	0.256980438648132	0.42253889776532	0.42039836401532
L1TD1-cg03731268-1-62660861	0.478750166723328	0.42455367148407	0.935312505712586	0.46185684750946	0.542283089880066	0.422660255468445	0.460107433630066	0.2543483689328	0.400515203588562	0.0425574571286011	1.04047230393036	0.0884667295895386	0.409260752416687	0.498083996923523	0.274223373144226	0.486368467687683	0.167086997167664	-0.207322341394348	0.426357042760925	0.412446898717957	0.42197544894989	0.637721866064148	0.464719030004578	0.377808801183777	0.708219489172058	0.612954578710632	0.393443474645691	0.130217450048523	-0.179688979272766	0.446707817419128	-0.358874014917297	0.401427870458679	0.450932076513367	0.402176969579773	0.425841051549988	0.245461961889343	0.414296254003601	0.421056112463074	0.0407807085324097	-0.181243424707336	0.470759958105164	-0.0530178297366333	0.608733346410828	-0.10192030105011	0.473235602331238	0.455839750219421	0.396777771337585	0.373373313512878	0.120166780248718	0.466634598058777	0.479296002782898	0.386353167272644	0.226555386388855	0.267633837987976	0.406314151464539	0.414572167150574	0.485313409399109	0.730448065038757	0.449655612646179	-0.316157201929016	0.485994656652527	0.460202773595886	0.287968654638367	0.447300453222351	0.47913589401825	0.100020492467957	0.440568735693054	0.425773099706726	0.422368842626648	0.407598599828796	0.0640538244381713	0.912434301611023	0.42167812851532	0.31093608164032	0.53242362851532	0.42167812851532	0.337672651995789	0.513096802468445	0.589049261585632	0.260447210835632
LAIR1-cg21878746-19-54876728	0.351978246435242	0.604697751195984	0.9461845854245	-0.371828072778625	0.42313816959198	0.420740335180359	0.46280551334198	0.0715424486447143	0.479569283300476	0.302386536840515	0.259313383642273	-0.148485190698547	1.1753858321286	0.411278076635437	1.08882345285614	0.390339547399597	0.859618076879578	-0.324390261682434	0.354390122472839	1.15755797842987	-0.429832471338196	0.573062945776062	0.456245109716492	1.00163688089569	0.587482568883972	0.693711658422546	0.506508554357605	0.126822529760437	-0.187893899560852	0.400406897131042	-0.217685935205383	1.17550195017059	-0.348803843774719	0.920148049291687	0.194773131261902	0.152644041601257	0.370336333715515	0.381067192174988	0.0470157882443237	0.478388655004578	-0.447071962182922	0.788686249975281	0.355068426122742	0.702790778661804	0.805353682043152	0.330096829931335	0.1895868510495	0.544601393224793	0.0502338599606322	0.433924677770691	1.08590108249481	0.725032246984558	0.183840466100769	1.06021891769989	0.399656231176453	1.07885624686249	0.188372489111023	0.576559144750671	0.368870692358093	-0.353057122217102	0.936299736364441	1.0436948533078	0.276734734350281	0.536785532934265	0.974069973730164	0.115999572179871	0.607507815404968	0.37131717941864	0.500656922338562	1.11084767954071	0.551463904150086	-0.00443861867706313	0.42167812851532	0.52257508164032	0.32078462851532	0.42167812851532	0.883495434175476	0.314087584648132	0.38773404376532	0.45520321801532
LBX1-cg03404143-10-102986973	0.514511457006531	0.453300961767273	0.921765795995789	0.505435137792664	0.594216380163269	0.434648545751648	0.462982723913269	0.708066659216003	0.448846493871765	0.482046747411804	0.300824594213562	0.511237019872742	0.40916604269989	0.472029287206726	0.658326663427429	0.414175757970886	0.351239287450867	0.462514948888855	0.419713333044128	0.42026118900116	0.529840739233093	0.454071156347351	0.480411320287781	0.41572909146698	0.411408779455261	0.709878868993835	0.415163764928894	0.161979740331726	0.107148311010437	0.416104107702332	0.0163682753659058	0.422411160741882	0.54210736679657	0.422296259862976	0.448037341833191	0.230276252172546	0.410724544286804	0.504729402746277	0.0667399988156128	0.0499478655758666	0.540617248388367	0.75814646054657	0.447805636694031	0.299575989233093	0.879799892614441	0.432692040502624	0.507001061620789	0.0172266037960815	0.0973850705319214	0.43233588834198	0.421893293066101	0.392485457555847	0.189822676672058	0.277098128271179	0.417199441747742	0.423787457433777	-0.0696903003176879	0.48873235532196	0.493165902929382	0.330774088354187	0.42942594693573	0.413728063879089	0.32194794492157	0.0336317435055542	0.912461184301453	0.0515767827511597	0.513226025976257	0.468078389989929	0.417597132909851	0.412819890111999	0.0862361147213744	0.117579591894226	0.42167812851532	0.20903708164032	0.63432262851532	0.42167812851532	0.322014651995789	0.528754802468445	0.568225261585632	0.129253531835632
LBX1-cg12646649-10-102987257	0.447914633886414	0.607854138647156	0.162125972875672	0.463664314672546	0.472465557043152	0.396857722631531	0.434444900793152	0.637528836095886	0.424896670751648	0.437680924291687	0.443442771093445	0.461862196752625	0.464810219579773	0.412305464086609	0.337983840307312	0.412985934850769	0.0858314643307496	0.409596125768738	0.651858509924011	0.371622365881043	0.456276916112976	0.381253333227234	0.430423497167664	0.373318268346863	0.367232956335144	0.173247045873718	0.386447941808777	0.704429917211609	0.38929048789032	0.453245284582214	0.127929452245789	0.403676337621765	0.503614543676453	0.404849436742859	0.419594518713074	0.350439429052429	0.369289721166687	0.42846457962616	0.304086175695496	0.27850304245575	0.43705542526825	0.787547637426453	0.349626813573914	0.238079166112976	0.784936069494324	0.369340217382507	0.450069238500672	0.134144780675964	0.102975247411804	0.447238065221863	0.412336469945984	0.40210363443573	0.329035853551941	0.795041305151062	0.385980618627625	0.39687263431366	0.485359876562195	0.672276532201843	0.428476079809265	0.40062426523407	0.911470123815613	0.384061240758972	0.863210121801453	0.437943920385437	0.733712361181335	0.528208959631043	0.77772120285614	0.421505566869812	0.458648309789734	0.371121066991882	0.138926291601257	0.563953768774109	0.42167812851532	0.19749358164032	0.64586612851532	0.42167812851532	0.129419898636414	0.36563304910907	0.491998508226257	0.480370847476257
LBX1-cg14491820-10-102986808	0.441692949316101	0.304115454076843	0.900774288305359	0.447696630102234	0.493471872472839	0.303960038061218	0.418476216222839	0.699134151525574	0.423394986181336	0.461067239721375	0.173593086523132	0.551199512182312	0.281928535009461	0.434736779516296	0.810081155737	0.424465250280457	-0.0271402202395629	0.451740441198425	0.277593825353699	0.42441768131073	0.397536231542664	0.301717648656921	0.438528812597351	0.27165158377655	0.733522271764832	0.663058361303406	0.281760257238464	0.500785232641296	0.487716803320007	0.557407600011902	0.0772967676754762	0.305379653051453	0.41543085910614	0.288487752172546	0.434042834142761	0.138916744482117	0.292483036596375	0.407756895055847	0.257017491125183	0.570704357885437	0.424420740697937	0.75020895285614	0.252988129003601	0.462003481542664	0.823653384924011	1.18655353281219	0.403401553930359	0.429597096105652	-0.0287104371585082	0.88144438065155	0.349579785375671	0.294917949865418	0.204843168981628	0.255460620580749	0.306802934057312	0.295351949743347	0.411181191991882	0.667324847631531	0.397327395238953	0.502807580663757	0.2901024392453	0.29483055618866	0.77062543723114	-0.134620764184876	1.02352967661102	0.56417027506073	0.493567518285828	0.408388882299499	0.297910625219421	0.28612838242157	0.506693607030945	0.639179084203796	0.42167812851532	0.58922008164032	0.25413962851532	0.42167812851532	0.886991860675476	0.181562011148132	0.42474647026532	0.41819079151532
LBXCOR1-cg27649239-15-68120393	0.504764139379578	0.68644664414032	0.0834234783688354	0.49989882016571	-0.351352937463684	0.413622228124695	0.440569406286316	0.81239134158905	0.465347176244812	0.498639429784851	0.869847276586609	0.320799702245789	0.422821725072937	0.460085969579773	0.325958345800476	0.445626440343933	0.138356969823914	-0.179320368738098	0.498587015417175	0.627566871374207	0.49345042160614	0.459823838720398	0.469074002660828	0.752917773840027	0.921135461828308	0.383673551366882	0.390455447301941	0.268173422704773	0.0592619933834838	0.384729790075378	0.371634957738953	0.384486843114929	0.509183049169617	0.390623942236023	0.453045024206238	0.198459934545593	0.378096226659851	0.448844085119324	0.0290006811886596	-0.102429452051087	0.507598930761413	-0.00868985708038333	0.420945319067078	0.56046367160614	0.887720574987488	0.378099722875671	0.461053743993835	-0.104122713830872	0.0551407529049682	0.422026570715027	0.382692975439148	0.453840139928894	0.169880359045105	0.245935810644226	0.398856124120789	0.442110139806824	-0.204404617944641	0.708522037695007	0.459012585302429	0.580771770727234	0.667124629308777	0.410713746252136	1.10041662729462	0.620662425878601	0.812044866674499	0.179548465124207	0.403294708349304	-0.049807927637024	0.442919815282898	0.385330572485046	-0.290363202905579	0.797780274267273	0.42167812851532	0.0953975816403199	0.74796212851532	0.42167812851532	0.280089564675476	0.580271715148132	0.55520817426532	0.28772908751532
LDB1-cg25170591-10-103881062	0.45207533164032	0.404971836401062	0.0852886706295777	0.381094012426453	0.565332254797058	0.396187420385437	0.489381598547058	0.436267533849792	0.471052368505554	0.0679226220455933	0.363881468847351	0.561661894506531	0.381600917333679	0.443866161840515	1.01149853806122	-0.379057367395325	0.510033162084656	0.440103823522644	0.437391207677918	0.387124063634949	0.442103613866882	0.45326203098114	0.29386219492157	0.426262966100769	0.41977065408905	-0.136703256372376	0.377980639562683	0.619291614965515	0.475622185644226	1.26994998233612	0.451524149999695	0.394545035375671	-0.210661758569641	0.383928134496765	0.34925621646698	0.254388126806335	0.385024418920593	0.481870277380066	-0.0141331265505981	0.638686740209656	0.473521123022156	0.819909335180359	0.31609851132782	0.703947863866882	0.56407976724823	0.660522915136414	0.440487936254578	0.526415478429871	0.42353394516571	0.401569762975769	0.39046516769989	0.378982332189636	0.145305551305847	0.288501002904968	0.386114316381531	0.409079332067566	0.491431574316101	0.220767229955749	0.431946777563171	0.267256962987976	0.740247821569519	0.545930938512878	0.767355819555359	-0.0752793818606567	0.759214058935242	0.164184657384949	0.381147900610046	0.455327264623718	0.39598500754364	0.383505764745789	0.540276989355164	0.396647466528015	0.42167812851532	0.58291958164032	0.26044012851532	0.42167812851532	0.521969105034851	0.602595255507507	0.325733714624695	-0.0313877011253052
LHX2-cg12002589-9-126785097	0.494266985693054	0.439539490453796	0.142840324682312	0.505968666479187	0.551635908849793	0.446795074438171	0.480738252599793	0.525724187902527	0.493531022558289	-0.204574723901672	0.462996122900085	0.570951548559265	0.438829571386414	0.53637081589325	0.283767192113953	0.22123928665741	0.29826881613739	0.489715477575378	0.433402861730652	0.430238717687683	0.448424267919617	0.420392685033875	0.518192848974304	0.359720620153503	0.407274308141785	-0.0686586023196411	0.425085293615418	0.15219226901825	0.537031839696961	0.781423636388855	0.503192804052429	0.427689689428406	0.439235895483093	0.4133767885495	0.471348870519714	0.23615778085907	0.419064072973328	0.4806729314328	0.0492195275021363	0.34671039426239	0.20586177707489	0.0678199892330932	0.344320165380554	-0.0919594820803832	0.887020421300964	0.397046569189148	0.472051590307312	0.572283132482605	0.0956715992184449	0.423098417028503	0.427457821752624	0.419426986242371	0.547694205358582	0.305817656957703	0.416551970434265	0.4141399861203	0.254094228368836	0.121615884008484	0.433576431615906	0.56064061704071	0.449751475622253	0.422000592565613	0.986872473608093	-0.0323647278079224	0.343014712987976	0.0525923114376832	0.417612554662781	0.448012918676453	0.414639661596375	0.415960418798523	-0.128891356592102	0.34905312058075	0.42167812851532	0.31230558164032	0.53105412851532	0.42167812851532	0.248669238136414	0.47696038860907	0.582891847726257	0.369043507976257
LHX2-cg14071579-9-126794830	0.430984491064148	0.49609999582489	0.413208830053406	0.477753171850281	0.498146414220886	0.474501579809265	0.434989757970886	0.258446693273621	0.446159527929382	0.239774781469422	0.335815628271179	0.392576053930359	0.410018076757507	0.456137321264343	0.243131697485046	0.475988792028504	0.0520583215084839	0.503103982946472	0.406164367101746	0.518561223058777	0.38155577329071	0.443283190404968	0.456592354345398	0.492428125524597	0.812478813512878	0.668871903051453	0.415334798986511	0.259427774389343	0.113178345068054	0.670945141759949	-0.122240690576477	0.4441621947995	0.397903400854187	0.424328293920593	0.431577375890808	0.242818286230164	0.437118578344421	0.420763436803894	0.38741203287323	-0.159033100366516	0.322765282445984	0.667919494604187	0.368850670751648	-0.0200759767092895	0.835076926672058	0.400660074560242	0.409238095678406	0.525125637853699	0.0951951045895386	0.421921922399597	0.615691327123718	0.375977491613464	0.232443710729675	0.342229162328796	0.433311475805359	0.422346491491394	0.474521733739929	0.0140933893795776	0.380833936986999	0.489182122411804	0.442245980993347	0.504405097936707	1.11721597897919	-0.0154532224368286	0.35110421835907	0.481197816808777	0.408846060033875	0.362879424047546	0.530766166967468	1.04122192416962	0.465460148778992	0.0307966259518432	0.42167812851532	0.53825558164032	0.30510412851532	0.42167812851532	0.383444709128601	0.355505859601257	0.527193318718445	0.464229290968445
LHX2-cg14093715-9-126776180	0.405431868017273	0.420929372778015	0.853268207006531	0.451122548803406	0.510763791174011	0.41508695676239	0.353596134924011	0.542018070226746	0.338186904882507	0.471724158422546	0.640919005224304	0.379838430883484	0.394681453710632	0.376494698217468	0.688059074438171	0.368598168981628	0.0778386984616087	0.430266359899597	0.433903744054871	0.410821600011902	0.469250150243835	0.406525567358093	0.371796731298523	0.986916502477722	0.977595190466003	0.612211280004577	0.772589175939636	0.622096151342468	0.442699722021179	0.880420518713074	0.376586686376648	0.423143571752625	0.477847777807312	0.418111670873718	0.389975752843933	0.900560663183289	0.413188955297546	0.367154813757019	0.00859140982635492	0.551948276586609	0.496065659399109	0.714835871557312	0.327123047704773	0.547978400243835	0.773112303625183	0.380355451513367	0.414001472631531	0.378071014806824	0.100082481542663	0.411893299352722	0.403427704076843	0.402626868566589	0.6384700876828	1.02958353928192	0.918890852758484	0.413181868444519	0.460761110693054	0.0473997663327025	0.374499313940124	0.513234499364929	0.410821357946472	0.415056474889831	0.963167355932312	-0.0645048454837037	0.692241595312195	0.535333193761902	0.404112436987	0.353002801000671	0.726726543920593	0.418687301122742	0.465073525732117	0.884394002904968	0.42167812851532	0.45571958164032	0.38764012851532	0.42167812851532	1.02005112267548	0.370496273148132	0.40604773226532	0.43688952951532
LHX4-cg00838919-1-180201891	0.420349680761414	0.840951185522156	0.0822770197506714	0.467123361547546	0.509746603918152	0.407857769506531	0.188377947668152	0.177456882970886	0.374806717626648	-0.168143028833313	0.823326817968445	0.444473243627624	0.402896266454773	0.456450510961609	0.272129887182312	-0.371644018274231	0.14746951120575	0.454467172643738	0.435342556799011	0.399722412756043	0.452035962987976	0.582996380102234	0.420985544042664	0.942873315221863	1.11423700321014	0.340724092748718	0.377030988683777	0.547426964086609	0.44951653476532	1.21880833145721	0.408128499120789	0.407294384496765	0.413866590551453	0.391952483617859	0.449654565588074	0.246499475927429	1.25518576804169	0.40776462650116	-0.00373777742950437	0.524070089330749	0.12857647214325	0.0337916843014527	0.647285860448914	0.626955212987976	0.696153116369324	0.362212264257507	0.450523285375671	0.377663827550964	0.545471294286804	0.405565112096863	0.872614516820984	0.46410068131073	0.155686900426941	0.774893352026062	0.398420665502625	1.00051868118866	0.478529923437195	0.212609579076843	0.439652126684265	0.55720131210907	0.831717170690613	0.419993287633972	0.433833168676453	0.207561967260437	0.716084408056336	0.552044006506042	0.39895524973114	0.342212613744812	0.409117356664734	0.387920113866882	0.154803338476257	0.856162815649109	0.42167812851532	0.54351158164032	0.29984812851532	0.42167812851532	0.297797151995789	0.552972302468445	0.0553827615856323	0.598419660835632
LHX9-cg00783748-1-197884134	0.425623129736023	0.387496634496765	0.0664184687252808	0.157894810522156	0.485823052892761	0.68900021848114	0.424106396642761	0.712930331945496	0.413493166601257	0.327095420141296	1.02974426694305	0.405653692602234	1.17951071542938	0.396089959936218	0.245541336156921	0.411267430700378	0.095303960180359	0.453878621618347	0.385176005773621	1.13374886173065	0.388013411962585	1.15893682907684	0.461094993017273	1.06569376419647	0.395189452184753	-0.101016458276672	1.16506143765839	0.137480413061218	-0.173913016260071	0.396513780431824	0.456184948095398	0.558649833471375	-0.287832960473938	0.394955932592468	0.445540014562683	0.242466924902039	0.531740217016296	0.420909075475769	0.472047671545105	-0.239544461694641	0.431755921117859	0.433413133276062	0.618466309423523	-0.115685338037415	0.514985565343933	0.356067713232117	0.420200734350281	0.0540992765255737	0.0583857432614135	0.382273561071472	0.364810965795593	0.937790130285339	0.57322634940155	1.06915280100067	1.08361511447723	0.444469130163269	-0.363595627588196	0.355509028051453	0.384197575658874	-0.337913238916321	1.22129961966522	0.552055736608582	1.02052161765106	-0.0495485837649537	0.327505857030945	0.745572455480652	0.361131698705749	0.435447062719421	0.977806805639343	1.18298656284149	-0.332672212549133	0.546934264623718	0.42167812851532	0.41421258164032	0.42914712851532	0.42167812851532	0.648507542128601	0.813265692601257	0.197964151718445	0.199166457968445
LIMS2-cg07262244-2-128433489	0.0564339838619995	0.817474488622742	0.932409322851257	0.101578664648132	0.329423907018738	0.431531072607117	0.487437250768738	0.143738186071472	0.443899020727234	0.467761274267273	0.306123121069031	0.41631054672821	0.455198569555359	-0.0753891859378051	1.0486331902829	0.485719284826355	0.418530814306335	-0.0285095242556763	0.400151859899597	0.441713715856628	0.337616266088562	0.43755468320282	-0.235417152856751	0.405524618322449	0.43451330631073	-0.0545096041506958	0.416093291784363	0.151135267187195	0.508418837865906	0.4434246345578	0.485863802221374	0.472632687597351	0.320389893652039	0.422208786718445	0.46055086868866	0.263113779028015	1.29465407114227	-0.151484070398254	0.570253525671082	0.603375392431335	0.357041775243836	0.798552987402039	0.6852421635495	0.413360516088562	0.00617141946990973	1.22707156735809	0.478556588476257	0.21894113065155	0.0932205973873902	0.422345415197449	1.24644681992157	0.459657984411316	0.530628203527527	0.304519655126648	0.52456896860321	0.422724984289246	-0.343518773462219	0.0985218821774291	0.410999429784851	0.546483615209656	0.960723473791199	0.410032590734558	0.402244471777039	0.264765270361023	0.440141711156921	0.0253433096066285	1.03920455283173	0.471366916845398	0.47606265976532	0.429520416967468	0.273644641576843	0.113109118749695	0.42167812851532	0.17731208164032	0.66604762851532	0.42167812851532	0.609378105034851	0.785396255507507	0.238324714624695	0.157817522874695
LMOD1-cg02970525-1-201915999	-0.303706624048157	0.422736880712585	0.101426714941101	-0.306720943262024	-0.208371700891418	0.43629646469696	0.450732642858582	0.162949578161316	0.408764412817078	-0.290708333642883	0.339678513158874	-0.0820460611819459	0.458014961645203	0.461835206152039	1.01342558237274	0.448928676916199	0.299357206396179	0.419833867834167	0.419725251989441	0.416883107946472	0.468690658178406	0.423833075292664	-0.246881760766907	0.598743010412292	0.441531698400574	0.538356787939148	0.768606683874206	0.152414659277039	0.0463542299557494	0.418097026647644	0.404764194311218	0.409564079687195	0.493475285741882	0.436801178808289	0.440790260778503	0.227815171117859	0.430064463232117	0.443924321691589	0.127072917760925	0.196272784521179	0.500745167333679	0.0536653794918823	0.561322555639343	-0.0417490918215943	0.160518811559753	0.382880959447937	0.446203980566101	0.283205522741394	0.183563989477234	0.418746807287292	0.427606212011414	0.41531737650116	0.814505595617371	0.292369047216492	0.451731360693054	0.423823376379089	0.460575618627625	0.449162274267273	0.427071821874695	0.5465460072995	0.426787865881042	0.496215982824402	0.298465863866882	-0.0366783375491334	0.369318103246765	0.248222701696472	0.45004994492157	0.435802308935242	0.431643051855164	0.416595809057312	0.514482033666687	0.895634510839538	0.42167812851532	0.60670708164032	0.23665262851532	0.42167812851532	0.497813636175476	0.371377786648132	0.41874424576532	0.42419301601532
LMX1A-cg23971170-1-165326269	0.408368517553406	0.261226022314148	0.285211856542664	0.294570198339539	0.445895440710144	0.265051606298523	0.390586784460144	0.746069719762879	0.38114055441864	0.430616807958679	0.999143654760437	0.487385080419617	0.297230103246765	0.416763347753601	0.968774723974304	0.397408818517761	0.648050347997742	0.42437500943573	0.233100393591003	0.299391249548035	0.356371799779968	0.258901216894226	0.431641380834656	0.363563152013855	1.01728484000214	0.64053692954071	0.243844825475769	0.567501800878601	0.447680371557312	0.859927168249206	0.388630335912781	0.267555221288757	-0.405202572656555	0.283943320409851	0.387455402380066	0.707093312719421	0.666977604833679	0.377615463293152	0.563896059362488	0.537432926122742	0.385948308935242	0.689391521093445	0.252178697240906	0.651028049779968	0.797050953161316	0.2199811010495	0.366088122167664	0.436107664342957	0.854581131078796	0.247855948888855	0.289236353612976	0.300365518102722	0.334208737218933	0.695268188818054	0.251695502294617	0.439172517980652	0.389137760229187	-0.117214584131164	0.356535963476257	0.00399114890106195	0.829821007482605	1.08998112442596	1.00276700546844	0.543769804052429	0.829263244848328	0.583335843298035	1.08955408652313	0.384799450536804	0.434328193456726	0.575080950658875	0.42832017526825	0.504566652441101	0.42167812851532	0.31789308164032	0.52546662851532	0.42167812851532	0.258063651995789	0.592705802468445	0.742827261585632	-0.0757086751643677
LMX1B-cg13466694-9-129380728	0.431681387792664	0.410475892553406	0.883963726781921	0.438602068578796	0.494649310949402	0.361769476537781	0.421556654699402	0.0984035900021362	0.398182424657898	0.467895678197937	0.387002524999695	0.450137950658875	0.377870973486023	0.444223217992859	0.209929594213562	0.423364688757019	0.386429218237	0.462329879674988	0.395083263830261	1.05873211978729	0.407297670019226	0.391783087133484	0.439542251073914	0.350241022253113	0.821837710241394	0.652897799779968	0.365179695715027	0.492837671117859	0.45913424179657	0.408007038488464	0.427483206152039	0.359061091528015	0.431839297582703	1.20381019064911	0.406574272619324	0.154031182958679	0.347409475072937	0.39808433353241	0.586085929601746	0.572880796362	0.4360381791745	0.512912391332703	0.410135567480164	0.595426920019226	0.801130823400574	1.17723997128876	0.411507992406921	0.474044534582214	0.140927001318054	0.378705819128113	0.387547223852234	0.46654738834198	0.291875607458191	0.854757059057312	0.428007372533875	0.98744238821991	0.455824630468445	0.631615286108093	0.398695833715515	0.42088901914032	0.347081877721863	0.374310994665222	0.353426875707703	-0.021790325708313	0.333087115087585	-0.0163402864627075	1.10341395676239	0.404824320776062	0.386740063695984	0.902755820898132	0.487654045507507	-0.0146204773196412	0.42167812851532	0.56235208164032	0.28100762851532	0.42167812851532	0.225920978042664	0.43836412851532	0.407668587632507	0.578430177882507
LOC100130987;CLCF1-cg12472597-11-67141742	0.456273660986023	0.439591165746765	0.829164999975281	-0.340619658227844	-0.267706415857239	0.41479274973114	0.448557927892761	0.202480863195496	0.416438697851257	0.373796951391296	0.269601798193054	0.469138223852234	0.425108246679382	0.478298491186218	0.723150867406921	0.394053961950378	0.383982491430359	0.497280152868347	0.815452537023621	0.416453392980652	-0.161327056787415	0.399058360326843	-0.030179475732727	0.375867295446472	0.473305983434753	-0.151896927026672	1.06559196890839	0.784277944311218	0.496141514989929	0.395112311681824	0.190067479345398	0.460219364721375	0.441247570776062	1.16870546384247	0.458036545812683	1.03072245615204	0.905245748266296	0.289682606725769	0.031875202795105	0.575339069555359	0.442394452367859	0.237208664526062	0.387197840673523	-0.0966908067874143	0.0191870965939331	0.386541244482117	0.407290265600281	0.548904807775574	0.361275274511414	0.406520092321472	0.626374497045593	0.578353661535339	0.90323188065155	0.875365332250671	0.988181645727234	0.416295661413269	0.446272903661804	0.615574559301453	0.0474381069088745	0.419127292333679	0.413711150915222	0.426439267858582	0.263912148901062	-0.0501110525149536	0.293810388280945	0.814377986730652	0.41477422995575	0.452098593969421	0.461465336889343	0.465713094091492	0.539536318700867	0.0521397958737182	0.42167812851532	0.59946508164032	0.24389462851532	0.42167812851532	0.771087298675476	0.284974449148132	0.41952890826532	0.42340835351532
LOC100132111;C2CD4D-cg12749132-1-151811364	0.47409015183075	0.403102656591492	0.325890490820007	0.513929832616882	0.573447074987488	0.411622240575867	0.463893418737488	0.562212354040222	0.431249188695984	0.510431442236023	0.467044289037781	0.460977714696961	0.376107737524109	0.470676982030945	0.395909358251648	-0.389241547204895	0.0602309822750856	0.414611643713074	0.371157027868347	0.403909883825378	0.489017434057312	0.40466585117157	0.428170015112	0.342379786291199	0.38291747427948	0.627974563818054	0.399972459753113	0.604122435155945	0.518356005834656	1.28551480252655	0.513696970190125	0.392399855566101	0.507328061620789	0.386430954687195	0.41666103665741	0.189633946996765	0.397152239111023	0.455848097570496	0.0640026936398316	0.622005560400085	0.484723943212585	0.769924155370789	0.30006433151825	0.742068684057312	0.14531058743866	0.960488735326843	0.497068756445007	0.4392742986203	0.97238376535614	0.390861583166199	0.38072298789032	0.359913152380066	0.194588371496277	0.457691823095398	0.42623113657196	0.386126152257996	0.490290394506531	0.716741050146179	0.463832597753601	0.579982783178406	0.391211641759949	0.383725758703308	0.639502639745789	0.023918438329773	0.314858879125671	0.728293477575378	0.381319720800476	0.366627084814148	0.39206582773407	0.405210584936218	0.460665809545593	0.0267922867184448	0.42167812851532	0.45883458164032	0.38452512851532	0.42167812851532	0.362508151995789	0.488261302468445	0.641083761585632	-0.119118895164368
LOC100132215-cg06528559-2-63275509	0.40520103867157	0.474129543432312	0.0394703776608277	0.454714719457703	-0.308261038171692	0.346780127416687	0.430772305578308	0.779588240881043	0.436226075536804	0.427900329076843	1.0131041758786	0.341222601537781	0.559388624364929	0.458611868871765	0.946674245092468	0.423440339635925	0.390143869115906	0.437113530553894	1.05717891470917	0.549412770666199	0.395210320898132	0.40932873801239	0.45612990195282	0.505561673132019	0.3665523611203	0.663505450658875	0.377537346593933	0.511329321996765	-0.215090107324524	0.358253689367371	0.445153857030945	0.347380742406921	0.423171948461609	1.16421984152802	0.42451692349823	0.194580833837586	0.365490125951843	0.427998984411316	0.225264580480652	-0.171346552759094	0.436719830053406	0.134039042211609	0.40047021835907	0.0109945708981323	0.53471047427948	0.322728622167664	0.406843643285828	-0.0101438145388794	0.825475652196961	0.462763470007019	0.39051487473114	0.486053039220886	0.127586258337097	0.396304709936218	0.357274023412781	0.945532039098816	-0.316240718652649	0.687021936986999	0.405844484594421	0.426105670019226	0.396548528600769	0.413437645544128	0.997374526586609	0.580765325170593	0.428341765966492	0.525282364416199	0.418279607641296	0.417812971654968	0.38176371457489	0.377364471777039	-0.306508303613586	0.878662173559265	0.42167812851532	0.13510458164032	0.70825512851532	0.42167812851532	0.0796979780426635	0.43168912851532	0.414343587632507	0.488578790882507
LOC146880-cg13717446-17-62777761	-0.352934030542298	0.433471474218445	0.870085308446961	0.450604650243836	0.521491892614441	0.42559505820282	0.411572236364441	0.742981171667175	0.402534006322937	0.393254259862976	0.292680106664734	0.443685532323914	0.548324555151062	0.375084799657898	0.278171175878601	0.427147270422058	0.707769799902039	0.128358461340027	0.4252868454953	0.414713701452332	0.104999251684265	0.413488668798523	0.419590832738953	0.693026603918152	0.453571291906433	0.422552381445007	1.01625827738007	0.721555252782898	0.430698823461609	0.422784620153503	0.417673787817078	0.505631673193054	0.482016879247742	0.449275772314148	0.403923854284363	0.415399764623718	0.419214056737976	0.411697915197449	0.789719511266785	-0.225810621972962	0.479113760839539	-0.0317460270022583	0.526194149145203	0.315812501684265	0.0293864050656129	0.759421552953796	0.435689574071961	-0.194025883752747	0.925274582983093	0.422483400793152	0.409582805517273	0.888990970007019	0.93297218912323	0.278520640722351	0.521639954198914	0.414999969884949	-0.280925787866516	0.326692867773132	0.432071415380554	-0.304220399194641	0.426192459386902	0.418545576330261	0.283470457372742	0.497582255956726	0.326810696752625	0.754635295202332	0.416799538427429	0.406428902441101	0.415538645361023	0.431206402563171	-0.140745372827454	0.930190104345398	0.42167812851532	0.41431158164032	0.42904812851532	0.42167812851532	0.999812258675476	0.388823409148132	0.40533986826532	0.43759739351532
LOC146880-cg16561266-17-62777777	-0.356966801416321	0.415701703344421	0.835220537572937	0.442076879369812	0.520741121740418	0.416550287328796	0.406933465490417	0.739478400793152	0.395522235448914	0.422893488988953	0.28002433579071	0.47907776144989	0.599850784277039	0.395313028783875	0.261150405004578	0.429256499548035	0.730388029028015	0.181228690466003	0.396198074621277	0.397992930578308	0.119580480810242	0.4081078979245	0.436241061864929	0.677249833044128	0.46682052103241	0.360152610570984	1.20076150650604	0.715186481908874	0.445351052587585	0.40201184927948	0.462125016943054	0.458117902319031	0.478569108373718	0.403180001440125	0.418750083410339	0.269235993749695	0.404841285863953	0.429457144323425	0.823061740392761	-0.247228392846985	0.486350989965515	0.0668462021237182	0.609560378271179	0.484694730810242	0.0140376341915894	0.440377782079773	0.452566803197937	-0.10487765462677	0.93089781210907	0.411325629919128	0.39595003464325	0.913614199132996	0.952791418249206	0.268919869848328	0.85330718332489	0.394669199010925	-0.35479655874054	0.332670096899109	0.447112644506531	-0.315652170068665	0.411168688512878	0.394626805456238	0.269403686498718	0.481603485082703	0.314004925878601	0.743031524328308	0.435606767553406	0.435158131567078	0.404347874486999	0.563922631689148	-0.0593781437014771	0.901068333471374	0.42167812851532	0.42407108164032	0.41928862851532	0.42167812851532	0.985111765136413	0.40109691560907	0.392735374726257	0.444906980976257
LOC149134-cg03596016-1-246952362	0.263322694189148	0.31582119894989	-0.0163309668215942	0.459315374975281	0.447343617345886	0.351214782934265	0.424102961095886	0.0204768963986205	0.406643731054382	0.426830984594421	1.00897683139618	0.427613257055359	0.372097279882507	0.455243524389343	0.164186900610046	0.424398995153503	0.511819524633484	-0.444795813928528	0.282214570226746	0.308825426183777	0.42601597641571	0.553401393529968	0.453839557470398	0.262707328649597	0.368036016637878	0.673035106176453	0.993524002111511	0.158178977514343	0.418533548193054	0.309295344884949	0.416026512548523	0.306612397924499	0.434753603979187	0.294504497045593	0.436516579015808	0.280212489355164	0.345800781469421	0.428149639928894	0.49736823599823	0.403894102758484	0.451809485570984	0.768936697729187	0.235038873876648	-0.207906773584289	0.843604129797058	0.274828277685242	0.423010298803406	0.455806840978699	0.809155307714539	0.599054125524597	0.554169530248718	0.282932694738464	0.857148913854675	0.788311365453796	0.304568678930359	0.304222694616394	0.327896936864929	0.515173592504578	0.424349140111999	0.523686325536804	1.12637518411835	0.302880301061706	0.980794182104187	0.256576980688171	1.09353342148407	0.130068019933777	0.300198263158874	0.437591627172546	0.309999370092468	0.319164127294617	0.428196351903992	-0.0267931709231568	0.42167812851532	0.31838508164032	0.52497462851532	0.42167812851532	0.931630636675476	0.189603787148132	0.43381624626532	0.40912101551532
LOC149134-cg08535928-1-246952495	0.267897461401062	0.416417966161804	0.84627780039032	0.486553142187195	0.4653053845578	0.549400550146179	0.4068117283078	0.0830626636105347	0.385483498266296	0.403921751806335	0.997071598608093	0.315108024267273	1.01736704709442	0.419098291601257	0.23317266782196	0.405423762365417	0.577545291845398	-0.341205046716614	0.35843233743866	0.423506193395691	0.481788743627625	0.613880160741882	0.452575324682312	0.343661095861511	0.785165783849793	0.696798873388367	0.432573769323425	0.663818744726257	-0.237714684595032	0.372772112096863	-0.0743357202395629	0.382476165136414	0.484492371191101	0.376760264257507	0.436423346227722	0.254492256567078	0.398755548681335	0.437553407140808	0.505886003210144	0.119744869970398	0.443998252782898	0.769216464941101	0.308041641088562	-0.0393400063723756	0.836255897008972	0.352605044897156	0.45580006601532	0.445479608190613	0.819001074926453	0.413472892736511	0.466536297460632	0.377213461950378	0.913840681066589	0.52373013266571	0.661923446142273	0.388558461828308	0.430975704076843	-0.0628856402835083	0.427159907323914	0.174356092748718	0.667999951330261	0.371046068273621	0.960431949316101	0.0684637479000854	0.718978188695984	0.596383787145691	0.393939030370789	0.40209939438446	0.370062137304382	0.611192894506531	0.258467119115906	0.374376596288757	0.42167812851532	0.10056358164032	0.74279612851532	0.42167812851532	0.416442478042664	0.43410462851532	0.411928087632507	0.566078401882507
LOC151174;LOC643387-cg23497383-2-239140182	0.492446800878601	0.437942305639343	0.875445139867859	-0.331511518335266	-0.220988275964661	0.431951889623718	0.433936067785339	0.602838003088074	0.353201837743835	0.275631091283875	1.01987693808563	-0.129454636255188	0.630540386571961	0.250525631078797	0.2788160072995	0.469947101842957	0.197334631322937	-0.281381707239075	0.425930676916199	0.41768453287323	0.533713083105164	0.447441500219421	0.430676664159851	0.72543343533905	0.418847123327332	0.0234582128659058	0.412548108800964	0.150986084203796	0.406356654882507	0.418810451574402	0.541553619237976	0.427309504613953	0.53288971066864	1.24358060373505	0.429424685705261	0.259298596044617	0.427170888158874	0.497938746618347	0.582330342687683	0.559404209447937	0.546158592260437	-0.0317101955813598	0.393416980566101	-0.0933596668948363	0.0268442364865112	1.2546573843747	0.513215405492859	0.463105947668152	0.111552414403992	0.42604123221405	0.425919636938171	0.413500801427918	0.254239020544128	0.27869047214325	0.417876785619812	0.435497801305847	0.528203043554382	0.657080699194031	0.481770246801453	0.309282432226257	0.4576002908078	0.41943740775116	0.28682328879364	0.633573087377625	0.350631528173523	0.00565112662322997	0.414920369848328	0.453065733862	0.418405476781921	0.41389923398407	-0.278513541406555	0.147450935766296	0.42167812851532	-0.0706879183596801	0.91404762851532	0.42167812851532	0.327414151995789	0.523355302468445	0.722900761585632	0.161166682835632
LOC283731;ISLR2-cg00781110-15-74421535	0.429192515722351	0.405764020483093	0.673073854711609	0.448070196508484	0.523507438879089	0.378082604467468	0.384358782629089	0.522867717931824	0.378102552587586	0.412548806127625	0.266685652929382	0.522696078588562	0.47269510141571	0.377062345922546	0.84898472214325	0.445921816686707	0.408233346166687	0.399052007604675	0.447391391759949	0.52756824771698	0.444744797948914	0.390182215063171	0.390557379003601	0.3246681501828	0.360111838171082	-0.0359750722903442	0.366229823644714	0.132705799047546	0.348921369726257	0.365250166418152	0.446949334081726	0.402857219457703	0.49297342551239	0.441507318578796	0.414431400549011	0.851495310888367	0.417705603002625	0.390634461462097	-0.0162919424685668	0.543044924291687	0.484439307104187	0.19546551926239	0.512630695409851	-0.143087952051086	0.451799951330261	0.338087099218445	0.451188120336609	0.426550662511902	0.589675129247742	0.4417419470578	0.367761351781921	0.516259516271668	0.750433735387878	0.777557186987	0.601654500463562	0.376435516149597	0.503675758398132	0.683182414037781	0.418886961645203	0.468305147070007	0.39459100565155	0.88326712259491	0.29452200363739	0.443003802221375	0.323979243017273	0.15572384146698	0.361885084692078	0.42211244870575	0.388994191625671	0.47756894882782	0.489138173437195	0.0384366506100465	0.42167812851532	0.51360458164032	0.32975512851532	0.42167812851532	0.321499651995789	0.529269802468445	-0.0953437384143677	0.661806761835632
LOC339524-cg11582018-1-87598069	0.471244200414734	0.365404705175476	0.460498539403992	0.453344881200867	0.525086123571472	0.383492289159851	0.372392467321472	0.725806402624207	0.399915237279968	0.487305490820007	0.858122337621765	0.390638763280945	0.825407786108093	0.360594030614929	0.319496406835632	0.404141501379089	0.32000503085907	0.440501692297058	0.393074076452332	0.498487932409363	0.459845482641296	0.391060899755554	0.433223063695984	0.313329834875183	0.356736522863464	0.674241612402039	0.427774508337097	0.0869484837399291	0.0193440544186401	1.04062785111053	0.406902018774109	0.381465904150086	0.384523110204773	0.496475003271179	0.399028085241394	0.32959699558075	0.360138287695007	0.39194214615448	0.680617742223816	0.59283660898407	0.47635599179657	0.763495203954773	0.307220380102234	0.621972732641296	0.763242636022644	0.848804783910828	0.449718805028992	0.371912347204285	0.899092813940125	0.942939631750183	0.428466036474304	0.34670120096405	0.134983420080261	1.09560387167938	0.363456185155945	0.37685420084198	0.455294443090515	0.621972098730163	0.400915646337585	0.53141383176239	0.394321690343933	0.366801807287293	0.978918688329773	0.0106004869137573	0.661828927709656	0.440105526159363	0.416332769384461	0.346230133398132	0.502719876318054	0.339782633520203	0.490457858129578	0.0904233353024291	0.42167812851532	0.40693808164032	0.43642162851532	0.42167812851532	0.482002605034851	0.585980755507507	0.365700214624695	0.100485899874695
LOC399959;BLID-cg15056794-11-121987155	0.438273208959656	0.371794713720398	0.0423445479489137	-0.405750110254211	-0.387829867883606	0.824899297704773	-0.080326524133606	0.895125411169128	0.43951324582489	-0.386072500635071	1.09759434616669	0.193098771825867	1.01036179465302	0.419350039159851	0.332443415380554	0.397919509924011	0.845081039403992	0.27243170084198	0.488670084997253	0.930031940954285	0.384708491186218	0.724763908300476	0.400819072240906	1.10021484342011	1.22068853140839	0.62995162094696	0.833819516882019	0.480113492284851	0.436236062963562	0.603186859655456	-0.176589972680969	0.373030912695007	-0.476800881250305	1.1825650118161	0.172662093786316	0.440026004125671	0.322613296239929	0.400986154699402	0.789982750768738	-0.293303382471008	-0.479264999658508	-0.137685787500305	0.702354388647156	0.539510741186218	-0.081281355432434	0.37415279245575	-0.506340186426086	-0.175231644250793	-0.00471517751495354	0.405970640295105	0.846874045019226	0.645466209508972	0.913757428625183	1.0156918802243	0.855286193700867	0.933487209386902	0.421095451635437	-0.162436892724915	-0.249030345117492	0.107019840307312	0.335888698888855	0.451620815832214	0.245932696874695	0.454266495458679	0.928449936254578	0.0302765347042847	0.587529777929382	-0.483714858056946	1.12669888486298	0.788669642065125	0.5071188666745	0.182829343847351	0.42167812851532	-0.11668441835968	0.96004412851532	0.42167812851532	0.437558105034851	0.972978255507507	0.410144714624695	0.00793158187469478
LOC404266;HOXB6-cg14509967-17-46679135	-0.113415132715149	0.381093372045593	0.874283206274109	0.445144548070984	-0.29495320955841	0.353590956029968	-0.394552865808411	0.722953069494324	0.393932904150086	0.465180157690124	0.229940004491882	0.509140430151062	0.34834845297821	0.301418697485046	0.26569707370575	0.441750168249207	0.0735066977291871	0.435566359167175	0.395125743322449	0.41225659927948	0.339721149511414	0.380739566625671	0.0813307305661011	0.3660165017453	0.356569189733582	0.0126232792721557	0.712634175207214	0.360477150610046	0.432293721288757	1.23662351798065	0.409342685644226	0.331274571020203	-0.48709322292511	0.946217670141296	0.415441752111511	0.916292662450867	0.494531954565124	-0.0942321869754028	0.411068409093933	0.561195275854187	0.404396658666687	0.74070387082489	0.750250046972351	0.617178399511414	0.346200302892761	1.02991945078095	0.426179471899109	0.0366120140744018	0.901300480810242	0.6416122986203	1.18437170334442	0.443799867834167	0.944913086950379	0.1930465385495	1.16006285202606	0.423590867712097	0.454709109960632	-0.218658234399719	0.385199313207703	0.503123498632507	0.34980735721405	0.48884847415741	1.06387235519989	0.475838153783875	0.718845594579773	0.74703219302948	0.321605436254578	0.41940280026825	0.885508543188171	0.33583130039032	0.448726524999695	0.478804002172546	0.42167812851532	0.48766608164032	0.35569362851532	0.42167812851532	0.482879605034851	0.598693755507507	0.364823214624695	-0.128754833125305
LOC641518-cg13775316-4-109093218	-0.448617592920227	0.339066911840515	0.811478746069031	0.0633970878659057	0.485433330236511	0.33691149582489	0.338927673986511	0.647820609289246	0.395250443945007	0.423495697485046	0.227625544286804	0.471881969945984	0.312664992773132	0.361401237279968	0.187801613500671	0.338740708044128	0.282766237524109	0.346908898962097	0.790539283117371	0.793812139074402	0.425392689306335	0.326475106420593	0.364858270361023	0.434292041540222	0.396934729528503	-0.188645180932923	0.764222715002136	0.0519916904049681	0.264091261083679	0.450281057775574	0.414053225439148	1.23993711081512	0.459883316869812	0.897664209936218	0.323051291906433	0.408842202245789	0.566792494360046	0.419193352819519	0.681730948888855	-0.307766184350891	0.446122198461609	0.553970410619812	0.814801586767273	0.641287939306335	0.264042842687683	1.11414499057587	0.424332011694031	0.268425553869324	0.923830020605164	0.412329838415222	0.324087243139343	0.302838407629089	0.0999796267453003	0.903599078344421	0.319614391820984	0.654854407507019	0.407379649755554	0.622341305395203	-0.373117146997376	0.520003038427429	1.22708989700897	0.530585013952331	0.966911894994812	0.454055693578796	0.754630134374695	0.696227732824402	0.3562969760495	0.421688340063171	0.406075082983093	0.364350840185242	0.441114064794617	0.597837541967468	0.42167812851532	0.59266058164032	0.25069912851532	0.42167812851532	0.926195978042664	0.38068812851532	0.465344587632507	-0.268980772117492
LOC645323-cg01305186-5-87976902	0.526751540746765	0.450623045507507	0.918533879736023	0.518400221532898	0.274364463903503	0.764509629491882	0.473778807653503	0.164049742956238	0.379426577611999	0.298624831152039	0.923353677953797	0.0118891036129761	0.424025126440125	0.48814737094696	0.282380747167664	0.530055841711121	0.453185371191101	0.496762032629089	0.405192416784363	0.418185272741394	0.512471822973328	0.439935240087585	0.410078404028015	0.759118175207214	0.498534863195496	-0.0202490472659302	0.411310848669128	0.19212882407196	-0.117442605249329	0.416853191442566	0.41738835910614	0.438964244482117	0.410582450536804	0.41874334360321	0.479723425573425	0.225660335912781	0.418536628027039	0.450380486486511	0.0231810825558471	0.545998949316101	0.544774332128601	-0.0504344557131958	0.638079720434265	0.158432072973328	0.557897976354675	0.456947124242859	-0.376890854638977	0.503145687536316	0.884509154272156	0.797718972082214	0.853606376806335	0.402480541296082	0.178082760412293	1.09014421201141	0.420538525487976	0.420018541174011	0.301842783422546	0.00503143906219472	0.392416986669617	0.638642172094421	0.500593030675964	0.412320147619324	0.297116028661804	-0.0324221727542114	0.470257268041687	0.046929866491394	0.455507109716492	0.456858473730164	0.431377216650085	0.659970973852234	0.216125198461609	0.0596766756344603	0.42167812851532	0.38998658164032	0.45337312851532	0.42167812851532	0.474630803128601	0.523128953601257	0.229908412718445	0.373043196968445
LOC645323-cg08480826-5-87981253	0.196879943090515	0.340665447851257	0.908367282079773	0.420277623876648	0.492384866247253	0.339409031835632	0.411350209997253	0.276898145299988	0.23583197995575	0.462049233495789	0.293338080297546	0.535253505956726	0.436181528783875	0.413594773290711	0.177031149511414	0.459334244054871	-0.0263322264651489	0.455694434972839	0.300719819128113	0.312975675085144	0.421521225317078	0.323411642431335	0.410633806371765	1.00952757755096	1.18905826553925	-0.18837464492218	1.22722125101288	0.76159122641571	-0.383645202905579	0.310400593786316	0.44324476144989	0.346762646825867	0.445556852880554	1.19710174594696	0.422913827917175	1.00104573825653	1.26177303037079	0.440694888830261	-0.0848865151004029	0.324401351659851	0.435211734472351	0.111584946630554	0.816527122778015	0.693962475317078	0.549533378698425	1.22442752658661	-0.497051452295227	0.412989089880066	0.690120556615906	1.12469937442596	1.17717077915009	0.323365943639832	0.0745231627560425	1.11721361435516	0.459286927831726	0.326274943517761	0.476392185766296	0.269475841405945	0.420637389013367	0.533632574438171	1.24319843301971	0.313082549963074	0.345400431005554	-0.143078770410461	0.227975670385437	0.223988268835144	0.347881512060242	0.443085876073914	0.314824618993835	1.18461237619598	0.502638600805359	0.37838807797821	0.42167812851532	0.40299658164032	0.44036312851532	0.42167812851532	0.307721937636414	0.51900708810907	0.745821547226257	0.326996808476257
LOC645323-cg10877084-5-87967728	0.298434873144226	0.439542377904968	0.070626212133484	0.132374553930359	0.517163796300964	0.435361961889343	0.434419140050964	0.118465075353699	0.44386991000946	0.4709181635495	0.823050010351257	0.502435436010437	0.618657458837585	0.114480703344421	0.805144079565125	0.457742174108582	0.506439703588562	0.22676436502655	0.382410749181824	0.397525605138855	0.401664155370789	0.413081572485046	-0.347503263574524	1.14493150760468	0.967525195592957	0.462428285131531	1.24960218106659	0.822990156469421	0.0914867271481323	0.387523523840027	0.202246691503601	0.420046576879578	0.420541782934265	0.900781676000671	0.282766757970886	1.03450966831024	1.0042209604245	0.429854818883972	0.00559741495330812	0.628943281713562	0.417172664526062	-0.0846991233157346	0.832600052831726	0.400919405370789	0.827283308752136	0.35432645664032	0.396487477758484	0.393798019933777	0.0948454866696167	1.19996330447968	0.964293709203796	0.408873873693542	0.143142092809753	0.739394544408875	0.401532857885437	0.398409873571472	0.451462115820007	0.524828771459656	-0.423222680932922	0.511381504491882	0.403504363073425	0.393663480016785	0.248898361059265	0.385914159643249	0.668452600439148	-0.0329618011111451	0.965459442113953	-0.418984193872375	0.422449549047546	1.00342530624969	0.51144953085907	0.857384008031921	0.42167812851532	0.17305108164032	0.67030862851532	0.42167812851532	0.812904483675476	0.303843634148132	0.35368609326532	0.48925116851532
LOC645323-cg11712990-5-87967845	0.236175266943054	0.412674771703796	0.0620036059323121	-0.00411905227081288	0.574990190099793	0.424669355688171	0.446190533849793	0.134858469152527	0.420387303808289	0.542311557348328	0.992804404150086	0.564369829809265	0.369758852636414	-0.117148902856751	0.777428473363953	0.52068356790741	0.30473409738739	0.145966758825379	0.370220142980652	0.686504998937683	0.485335549169617	0.387716966283875	-0.372122869775696	1.0790289014035	0.851280589391785	-0.131904321069641	1.26390957486542	0.75081855026825	0.368586120946961	0.384584917638855	-0.0608439146975706	0.415665970678406	0.497198176733093	1.2337030697995	0.183089151769714	1.09015006210907	0.851237354223328	0.4625802126828	-0.0198291912478636	0.66662167551239	0.49733905832489	0.110316270483093	0.931150446630554	0.292208799169617	0.847786702550964	0.350297850439148	0.461709871557312	0.215169413732605	0.059275880468445	1.1729286982785	0.845467103002625	0.372803267492371	0.373890486608582	1.1567999382077	0.378026251684265	0.4225732673703	0.526454509618835	0.375300165258484	-0.452577287134094	0.603575898290711	0.385929756872253	0.376213873815613	0.383017754858093	0.195405553442078	0.476025994237976	0.439118592687683	0.861508835912781	-0.424328800073547	0.379550942846375	0.860195700048523	0.541415924657898	0.958144401830749	0.42167812851532	0.23746658164032	0.60589312851532	0.42167812851532	0.637264018636414	0.36082116910907	0.213637628226257	0.485182727476257
LOC645323-cg24759337-5-87976889	0.47948401132782	0.389090516088562	0.748249350317078	0.468794692113953	0.536789934484558	0.644117100072937	0.446228278234558	0.119050213537293	0.417204048193054	0.400703301733093	0.922282148534851	0.364551574194031	0.394171597021179	0.468230841528015	0.270811217748718	0.457863312292175	0.506556841772156	0.480066503210144	0.345297887365417	0.437460743322449	0.455746293554382	0.37159971066864	0.39728787460907	0.875920645788269	0.68343133377655	0.0885034233151245	0.349136319250183	0.123811294653015	0.188401865331726	0.352319662023621	0.423668829687195	0.383381715063171	0.459677921117859	0.352214814184265	0.46704989615448	0.165399806493835	0.356092098608093	0.449797957067566	-0.0362094468630982	0.618734419897156	0.480595802709656	-0.0924799851321408	0.83076619101532	0.398405543554382	0.72007544693573	0.650219594823914	-0.396566384057922	0.411526158117371	0.955104624853211	0.885429442663269	0.90580784738739	0.335908011877136	0.114065230993347	1.12834168259247	0.364738996069031	0.352310011755066	0.482726254003601	0.144088909643249	0.412084457250671	0.564788642675476	0.571028501257019	0.356222618200378	0.219696499242859	-0.0892807021731566	0.478483738622742	-0.0050506629275513	0.464710580297546	0.458057944311218	0.37279468723114	0.748264444433289	0.506771669042664	-0.000925853784484953	0.42167812851532	0.41467108164032	0.42868862851532	0.42167812851532	0.361633151995789	0.489136302468445	0.139973761585632	0.560747212835632
LOC728448-cg11704876-1-40025232	0.0205136896725463	1.20610119443329	0.884840028661804	0.223182370458679	-0.407702387170715	0.458913778417664	-0.433955043420715	0.872247891882019	0.0176047265377806	-0.36999101992218	1.06952682687958	0.573525252538757	1.18006427536591	0.278562519872742	0.468737896093445	0.449506990636902	0.541450520116882	-0.388390818445129	1.17778356571014	0.432712421667175	-0.0558490281008913	0.798587389013367	-0.0567134470462036	1.137682324133	0.383748012121277	0.670179101659851	0.33280099759491	0.329615972997742	0.491338543676453	1.21291534036835	-0.148775491968079	0.359970393407898	-0.501771400537415	1.23564549252899	0.136955574499207	1.02452948483856	1.22350177695282	-0.0275683645877076	-0.0286327685183717	-0.245534901758118	0.424054481054382	-0.123590306787415	0.425651869360046	0.683049221899109	0.417596125280457	0.32292127316864	-0.181774705713196	0.535539836462097	-0.00572369680206303	0.544561121007996	0.377161525732117	0.498233690221863	0.108803909338074	0.211027360937195	1.03875267441376	1.12317269009979	0.441482932348328	-0.186853412012024	-0.117308864404602	0.129327321020203	0.389048179601746	0.439941296545105	1.09424717758759	0.0988799761715698	1.10594341696747	0.799788015417175	0.819672258642273	-0.457619377344055	1.14482336557587	0.387249122778015	-0.27392965261261	0.864161824560241	0.42167812851532	0.30555758164032	0.53780212851532	0.42167812851532	0.747948978042664	0.53903612851532	0.306996587632507	-0.0990047221174927
LPAR2-cg26954625-19-19738836	0.320816227026062	0.436841731786804	0.91118356601532	0.311797907812195	0.1637041501828	0.426976315771179	0.4714174939328	0.115382429235535	0.388037263891296	0.205331517431335	0.303741364233093	-0.148014210107727	0.436861812719421	0.476234057226257	0.587051433446961	0.419293527990418	0.291116057470398	0.343300718908386	0.47020510306366	1.07246795902069	0.525783509252624	0.415087926366882	0.510782090307312	0.371580861486511	0.415771549474793	0.741360639013367	0.412122534948425	0.143686510351257	0.382370081029968	0.458701877721863	0.238842045385437	0.420471930761414	0.320014136816101	0.421927029882507	0.484505111852722	0.672090022192078	0.441083314306335	0.509626172765808	0.573066768835144	0.559216635595398	0.508807018407898	0.708242230566101	0.352429406713562	0.126838759252625	0.853964662633972	0.423561810522156	0.51736883164032	0.474195373815613	0.129366840551453	0.421513658361511	0.414778063085632	0.400618227575378	0.238832446691589	0.28331689829071	0.422624211767273	0.441180227453308	0.542100469701843	0.480590125341492	0.516262672948914	0.521136858373718	0.537353716955261	0.413138833898621	0.561219714941101	0.410128513525085	0.799980954320984	0.006693552770691	0.475009795995789	0.50377916000946	0.413750902929382	0.413712660131531	-0.0466041152590944	0.0662473619137573	0.42167812851532	0.34305608164032	0.50030362851532	0.42167812851532	0.455256151995789	0.395513302468445	0.388524761585632	0.586394435835632
LRP4-cg16612998-11-46940465	0.129781905614929	0.366016410375671	0.898913244604187	-0.418791413598938	0.476475828771667	0.359251994360046	0.456696172521667	0.0411081078244019	0.419388942480164	0.446567196020203	0.21807904282196	0.53585846848114	0.343343491308289	-0.129109264184876	0.906046112035828	-0.0646077934207153	0.624269736059265	0.418911397497253	1.02819378165253	0.369214637609558	-0.222882812158508	0.39431760495575	-0.191290231103821	0.324349540075378	0.47719622806366	-0.0244696823977661	0.355314213537292	0.655034188940125	0.464474759618835	0.99434855631073	-0.359309276025696	0.492839609350281	0.426519815404968	0.598331708471375	0.426015790441589	0.788722700780945	0.377127992895203	0.193579851354675	0.785884447424011	0.575505314184265	0.428681696996765	0.764698909154968	0.899692085302429	0.507975437841492	0.297232341222839	0.956590489111023	0.421571510229187	0.48025005240448	0.0478375191403199	0.414465336950378	0.4551887416745	0.318176906164246	0.801110125280457	0.761587576879578	0.70923489035614	0.330695906042175	0.45321814829071	0.610958803930359	-0.0906336484622192	0.393148536962585	0.339955395544128	0.506485512487488	0.572966393529968	0.257666192113953	0.235507632909851	0.745871231359558	0.352039474584656	0.407128838598328	0.35477558151825	0.367205338720398	0.444613563329773	-0.0118149594973755	0.42167812851532	0.60741508164032	0.23594462851532	0.42167812851532	0.793258643636414	0.43880979410907	0.304750253226257	0.407194102476257
LRP5-cg14245804-11-68081226	-0.393818734399719	0.396231770361023	0.0622446045895386	0.468136946386414	-0.362837811242981	0.727903354345398	0.450637532507019	0.509025467809753	0.415665302465515	-0.0608834439944458	0.289178402807312	-0.262157171533508	0.40958685129364	0.428710095800476	0.239228472021179	0.408712566564636	0.566047096044617	0.434614757482605	0.422653141637878	0.38814599759491	-0.280054452173157	0.795656964941101	0.186140128881531	1.00194890006073	1.12450158804901	0.544132677587585	1.24956657352264	0.119682548925476	-0.340075880395813	0.575210916296082	0.468857083959656	1.28271996933563	0.47302317539032	1.12296706845673	-0.295681849573059	0.375319060766296	0.399666352880554	0.368489211340027	0.787886807409363	-0.261268325830383	0.494362056982117	0.70827926914032	0.939984445287781	-0.139081202173157	0.589219701208191	0.341441849096374	0.432478870214539	0.484129412389832	0.919846879125672	1.20537669693573	0.575758101659851	0.692705266149597	0.351843485265808	0.732162936864929	0.379849250341492	0.422248266027527	-0.402213491723938	-0.16332783608429	0.446536711523132	0.569156896947937	0.37236275552948	0.382420872472839	0.24694275351532	-0.0577534479006958	0.331439992895203	-0.0341774086550903	0.430344834570007	-0.428823801416321	0.969097941503601	0.737965698705749	-0.316205076684876	0.941556400487976	0.42167812851532	0.51549658164032	0.32786312851532	0.42167812851532	0.967728215675476	0.292272366148132	0.44823982526532	0.39469743651532
LSP1-cg05003723-11-1886799	0.454540011694031	0.450309516454773	0.0651513506832886	0.471488692480163	-0.426979065149231	1.22957310043915	0.439408278600769	0.917332213903503	-0.320036951440735	-0.360287697900696	1.10148514890106	0.0253945745602417	0.49812759738739	0.473097841894226	0.363315218114929	-0.364412687341614	0.256379842138367	-0.243912496423645	0.479052887731628	0.61609474368866	0.0389702939205932	1.22154771103485	0.470999874975281	0.53348864615448	0.472336334142761	-0.193504576318665	0.416335319616394	0.364265295019226	-0.161376134302063	0.381421662389832	0.437828830053406	0.353982715429382	-0.54994507851593	0.552456814550476	0.429721896520691	0.751137806860046	0.428585098974304	0.357326957433777	0.0401375535031128	-0.281620579736633	-0.516073196924133	-0.11929298476593	0.563787191381531	-0.0980294560794066	-0.00476655269805903	1.04328859519012	0.383822616308289	0.556905158483582	0.897573625219421	0.55076344302948	0.525542847753601	0.649876012243347	0.191921231359558	0.187393682958679	0.625019996435242	0.734347012121277	-0.390175745630188	-0.19965808999054	-0.152948542383118	0.500340643041687	0.41308350162323	0.544185618566589	0.39475149960907	0.604146298193054	0.345967738988953	0.73324933743866	0.654947580663757	-0.424592055322571	0.692402687597351	0.5564454447995	-0.212631330591125	-0.0145408534182739	0.42167812851532	-0.15939491835968	1.00275462851532	0.42167812851532	0.635104605034851	0.848358755507507	0.212598214624695	0.181836574874695
LTBP3-cg13044675-11-65314161	0.403907284521179	0.330362789281921	0.0401946235104371	0.457714965307312	0.330921207677918	0.523870373266296	-0.111333448572083	0.729436486730652	0.411229321386414	0.439244574926453	0.173085421728211	0.54192484738739	1.01336087021454	0.454262114721375	0.190216490942078	0.411375585485535	0.724172114965515	0.441133776403503	0.333115160558777	0.559700016515808	0.378622566747742	0.402716983862	0.462323147802429	0.297849918981628	0.33243360696991	-0.228519303491516	0.325847592443542	0.603307567846375	0.0513011385250854	0.35597793521698	-0.486405897119446	0.309972988256531	0.330103194311218	0.543888087377625	0.402538169347839	0.906908079687195	0.624133371801453	0.395791230260925	0.520609826330261	0.572604693090515	0.369480075903015	0.665566288061218	0.286948464208679	-0.168887183252258	-0.00636727987091062	0.268698868017273	0.0625928891354372	0.43176143131073	0.88302689804657	0.757304715856629	1.12078412058075	0.457293285070496	0.418130504186707	0.237165955785828	0.39832926926239	0.301002284948425	0.42272252719696	0.637184182836609	0.382472730444031	0.446157915868835	0.952102774450378	0.484223891393738	1.04057077243622	0.486376571020203	1.0468670118161	0.652930610265808	0.797253853490906	0.411490217504578	0.7587169604245	0.558881717626648	0.233062942236023	0.758498419408874	0.42167812851532	0.59067108164032	0.25268862851532	0.42167812851532	0.630282478042663	0.45369262851532	0.392340087632507	-0.359125224117493
LTBP4-cg10253929-19-41106155	-0.272812890649719	0.366786614111023	0.917688448339539	0.270411790136413	0.533879032507019	0.359285198095398	0.439164376257019	0.0541383115597534	0.439862146215515	0.485382399755554	0.293537246557312	0.559380672216492	0.33906369504364	0.238320939550476	0.721476315771179	0.472939410314636	0.742439939794617	0.473700601232605	0.958758985387878	0.34901284134491	0.361882391576843	0.349096808691101	0.230222972631531	0.31302874381073	0.341631431799011	0.475533521337585	0.458351417272644	0.641488392675476	0.389675963354187	0.812001760046082	0.419594927709656	0.355890813085632	0.47608601914032	0.349467912206726	0.440016994176941	0.895174904516296	0.363683196630554	0.450408055090027	-0.0426413488406372	0.606263517919617	0.482531900732117	0.51226711289032	0.271665289037781	0.686526641576843	0.877944544958191	0.318203692846375	0.460158713964539	0.421500256139832	0.194040722875671	0.35825654068573	0.345239945409851	0.337040109899597	0.954346329015808	0.290900780614929	0.354001094091492	0.443218109777527	0.507285352026062	0.70292300766571	0.456560555273132	0.300204740697937	0.35104759927948	0.347294716222839	0.21484559726532	0.501910395849304	0.246723836645203	0.73342343509491	0.340965678320007	0.447639042333679	0.366147785253601	0.34794654245575	0.518595767065125	0.464773244237976	0.42167812851532	0.42316308164032	0.42019662851532	0.42167812851532	0.925335195175476	0.248687345648132	0.42062380476532	0.42231345701532
LTBP4-cg12486308-19-41106351	-0.361340249780579	0.383605254980164	0.861936089208679	0.377322431005554	0.54090067337616	0.375931838964539	0.44414501712616	0.183413952428894	0.439139787084656	0.359742040624695	0.255878887426453	0.559345313085632	0.360864335912781	0.280608580419617	0.60276395664032	0.473518051183777	0.758315580663757	0.463951242101746	0.648423626257019	0.36604248221405	0.180151032445984	0.367632449560242	0.162578613500671	0.326307384679871	0.366335072668152	0.033177162206726	0.701055058141785	0.609577033544617	0.497018604223328	0.846765400915222	0.420960568578796	0.368993453954773	0.48031466000946	0.385233553075867	0.436332635046082	0.878390545385437	0.844498837499695	0.448030695959167	-0.0331667079714966	0.612523158788757	0.501637541601257	0.71677375375946	0.286682929906921	0.687853282445984	0.890727185827332	0.971949333715515	0.371850354833679	0.190502897008972	0.090831363744812	0.655154181554871	0.362334586278992	0.492396750768738	0.962947969884949	0.23366842148407	0.380005734960632	0.365538750646668	0.497489992895203	0.703342648534851	0.450538196142273	0.188361381567078	0.368740240148621	0.36908535709198	0.23267523813446	0.420849036718445	0.263310477514343	0.73081407596405	0.377417319189148	0.46802568320282	0.734566426122742	0.36913418332489	0.482922407934265	0.217018885107117	0.42167812851532	0.39887458164032	0.44448512851532	0.42167812851532	0.834569674136414	0.34455282460907	0.254329283726257	0.501451071976257
LTBP4-cg22046408-19-41106164	0.116357893285828	0.29476239804657	0.864471232275085	0.423032574071961	0.484983816442566	0.290087982030945	0.420681160192566	0.1057650954953	0.423840930151062	0.471103183691101	0.245010030492859	0.551561456152039	0.273155478979187	0.399529723486023	0.626128099706726	0.437797194250183	0.797992723730164	0.455813385168152	1.02464576932343	0.278911625280457	0.37121917551239	0.283636592626648	0.373093756567078	0.331261527746277	0.274313215734558	0.622814305273132	1.05817920120819	0.745250176611023	0.489823747289734	0.990714543981629	0.429527711645203	0.281658597021179	0.404498803075867	0.282387696142273	0.413878778112488	0.977804688451843	0.326277980566101	0.407208839025574	-0.10631056490509	0.570247301855164	0.420071684667664	0.722174896825867	0.214427072973328	0.67800842551239	0.824165328893738	0.243505476781921	0.404804497900086	0.509166040075378	0.505010506811218	0.293643324621277	0.282018729345398	0.336765893835144	0.950063112951355	0.688993564550476	0.314847878027039	0.714890893713074	0.444134135961609	0.673444791601257	0.394979339208679	0.456658524633484	0.283740383215027	0.282659500158386	0.139844381200867	0.600397179784851	0.175662620580749	0.774880219030457	0.271969462255554	0.417304826269226	0.638232569189148	0.294562326391296	0.495937551000671	0.614097028173523	0.42167812851532	0.36030408164032	0.48305562851532	0.42167812851532	0.900370017675476	0.233348168148132	0.42159062726532	0.42134663451532
LY6G5C-cg07151644-6-31649089	-0.339691402002258	0.426745102758484	0.882427936987	0.213271278783874	0.51941452115448	0.423310686742859	0.42691186490448	0.745137800207214	0.380651634862976	0.268034888403015	0.291554735204773	0.417308160863953	0.405187183691101	0.440072428197937	0.27394780441864	0.406639898962097	0.693114428442078	-0.0526059101199341	0.388980474035339	0.631313329992371	0.504700880224304	0.406802297338562	0.430581461278992	0.976465232458191	0.921765920446472	-0.00453199001495369	0.402858905920105	0.648517881322937	0.403326452001648	0.408709248693542	0.382936416357117	0.412084301733093	0.504210507787781	1.06942540085419	0.419778482824402	0.543687393163757	0.424781685278015	0.433791543737488	0.773361139806824	-0.228853993432922	0.163846389379578	0.298884601537781	0.324570777685242	-0.0993238697756956	0.256019033605652	1.16748618149384	0.479224202612	-0.248906255212707	0.602660211523132	0.416341029333191	0.890274434057312	0.400145598547058	0.853927817663269	0.83471726926239	0.420953582738953	0.406740598424988	-0.332804159326477	0.0200774963131713	0.451244043920593	0.547382229345398	0.530348087926941	0.4072262048703	1.09058608591278	0.573337884496765	0.308173325292664	0.432738923742371	1.16225716696747	0.41017053098114	0.416164273901062	0.45546703110321	0.484390255712585	0.433058732885437	0.42167812851532	0.56091658164032	0.28244312851532	0.42167812851532	0.889777582675476	0.303014733148132	0.39768119226532	0.44525606951532
MACROD1-cg03103218-11-63828672	0.458656983007507	0.397820487768249	0.740849321996765	0.44893666379364	0.488426906164246	0.356405071752625	0.430929249914246	0.40170318521698	0.428611019872742	0.225637273412781	0.235150120214539	0.511960545873718	0.361033568700867	0.458168813207703	0.228795189428406	0.398181283971863	0.736026813451843	0.368608474889832	0.399764859045105	0.421454715002136	0.41497026523407	0.361308682348328	0.426862846288757	1.03071961746796	0.357819305456238	0.450176394994812	0.440280290929871	0.719026266332703	0.255992837011414	0.364091633703308	0.425040801366882	1.21486968674286	0.411776892797546	1.17745378586395	0.317205867834168	0.944666778173523	1.21324407028778	0.411675928747253	0.625642524816589	-0.194387608423157	0.305219774389343	0.189784986547546	0.725296162695007	0.67323951523407	0.200841418615418	0.352340566503601	0.406676587621765	0.400035129797058	0.688172596532898	0.365592414342957	0.360770819067078	0.563771983556824	0.962556202673035	0.969146654272156	1.12599396774872	0.387616983434753	-0.240722774316711	0.609507881322937	0.404684428930359	0.234964614355164	0.388676472936707	1.00619458988007	0.754208470922546	0.509697269506531	0.735747710302429	0.767847308752136	1.08087555197723	0.421222915990906	0.346998658910828	1.11746041611298	-0.250898359277649	0.0541311178952026	0.42167812851532	0.58335308164032	0.26000662851532	0.42167812851532	0.688567478042663	0.43512462851532	0.410908087632507	0.292805067882507
MACROD1-cg09908110-11-63828713	0.463982359594421	0.393727864355164	0.114288698583679	0.501581040380554	0.53950628275116	0.390407448339539	0.42738362650116	0.287667561803894	0.452597396459656	0.337459649999695	0.267408496801453	0.445874922460632	0.388242945287781	0.431085189794617	0.26666156601532	0.454940660558777	0.718649190038757	0.00803285147674554	0.375601235632019	0.39304909158905	0.453739641820984	0.393943058935242	0.453347222875671	1.02484199405487	0.387032682043152	0.591380771581726	0.438001667516785	0.721656642919617	-0.321407786401672	0.380698010290222	0.420528177953796	0.422326063329773	0.451137269384461	1.19536516245087	0.360081244421082	0.410662154760437	1.2656224468747	0.450767305334167	0.153749901403503	-0.242578231836243	0.203596150976257	0.0512143631344604	0.718438539281921	0.668482891820984	0.112166795202332	0.351673943090515	0.445893964208679	0.277168506383972	0.277111973119812	0.387675790929871	0.377686195653992	0.447999360143738	0.980928579259949	0.74732603085907	0.906693344335632	0.389163360021667	-0.373348397729797	0.573100257909851	0.446806805517273	-0.315974009057922	0.429261849523621	0.39200296646698	0.36510884750946	0.533493646093445	0.538860086889343	0.76236668533905	0.407085928564148	0.46294129257782	0.383103035497742	0.51909479269989	-0.261304982690735	0.882453494482117	0.42167812851532	0.46370008164032	0.37965962851532	0.42167812851532	0.388525151995789	0.462244302468445	0.584145761585632	0.302739588835632
MAFG-cg01543184-17-79881543	0.458064306737976	0.404383811498718	0.0368156457272339	0.490976987524109	-0.356771770105286	0.373589395483093	0.468034573644714	0.274850508947449	0.43262034360321	0.47820259714325	0.527615443945007	-0.257765130395813	0.484474892431335	0.472496136938171	1.06252751315887	-0.407817392297668	0.185948137182312	0.4825427986203	0.720450182775574	0.391647038732605	0.468870588964539	0.623657006078796	0.467998170019226	0.513559941198425	0.453569629186707	-0.124898281274719	0.344965614660339	0.206437590063171	0.478279160741882	0.348290957433777	0.495456125097351	0.361397010473328	0.465045216528015	0.366212109594421	0.447600191564636	0.294813101903992	0.351181394018249	0.408228252477722	0.016678848547058	-0.236035284692688	-0.450970901880188	0.158972310278015	0.535165486425476	-0.0178451610354615	0.0296797423458862	0.34562989023407	-0.457799088647766	0.467050453527527	0.942572920263367	0.388331738073425	0.466504142797546	0.452761307287293	0.163894526403503	0.248608978002625	0.446730291479187	0.523899307165222	-0.0166174505862426	-0.151325794946594	0.464385752660828	0.577765938085632	0.436979796667175	0.404863913610535	1.11386379465301	0.161052593236999	0.263489034032898	-0.0239663675173951	0.470393875707703	0.471287239721374	0.535696982641296	0.451046739843445	0.47893596445282	0.00130644162567128	0.42167812851532	0.30652508164032	0.53683462851532	0.42167812851532	0.789413978042663	0.47423512851532	0.371797587632507	-0.207198207117493
MAFG-cg22193912-17-79881523	0.457455743871765	0.417016248632507	0.0631060828610229	0.500494424657898	-0.342844332971497	0.399534832616882	0.466053010778503	0.288396946081238	0.429403780737	0.500023034277039	0.568928881078796	-0.236092693262024	0.514078329565125	0.45859257407196	1.06772195029266	-0.386949955163879	0.212842574316101	0.486080235754089	0.756150619909363	0.396080475866394	0.506679026098328	0.625958443212585	0.468310607153015	0.538469378332214	0.431750066320496	-0.13939484414093	0.376616051794128	0.18523102719696	0.492537597875671	0.379501394567566	0.52265356223114	0.395973447607117	0.513635653661804	0.39127354672821	0.461577628698425	0.246246539037781	0.379898831152039	0.425224689611511	0.0284182856808471	-0.230793847558899	-0.428927464746399	0.208318747411804	0.585270923559265	0.0763712760983276	0.00439017947967529	0.371984327367859	-0.434884651513977	0.479532890661316	0.981787357397156	0.398001175207214	0.472017579931335	0.465646744421082	0.187188963537293	0.251579415136414	0.438665728612976	0.560770744299011	-0.0677530134524537	-0.156477357812805	0.477864189794617	0.601205375219421	0.400118233800964	0.415000350744324	1.1472282317868	0.190694030370789	0.283239471166687	-0.00371093038360593	0.511914312841492	0.487798676855164	0.525594419775085	0.478263176977234	0.498447401586609	0.0269258787594604	0.42167812851532	0.27961108164032	0.56374862851532	0.42167812851532	0.652439478042664	0.43534362851532	0.410689087632507	-0.225505540117492
MAFG-cg23018755-17-79881529	0.432711687475281	0.436105192236023	0.0851860264645387	0.429523368261414	-0.358033389367981	0.383055776220398	0.417088954382019	0.247009889684753	0.387542724340515	0.429168977880554	0.526934824682312	-0.219548749658508	0.54913927316864	0.423234517675476	1.00457789389618	-0.387521011560364	0.206757517919617	0.455711179357605	0.683472563512879	0.40583441946991	0.442640969701843	0.615520386816101	0.471574550756531	0.51262332193573	0.483583009924011	-0.127108900537415	0.373345995397644	0.200527970800476	0.428733541479187	0.406136338171082	0.471473505834656	0.415287391210632	0.43321359726532	0.419451490331726	0.423926572301941	0.298936482641296	0.418710774755554	0.360196633215027	0.0224672292843628	-0.189729903955383	-0.434305521142883	0.15193069101532	0.542913867162781	-0.0129727802981567	0.015152123083191	0.390024270971374	-0.419316707910462	0.414179834264831	0.918852301000671	0.44290811881073	0.467686523534851	0.469142688024597	0.210784907140808	0.275080358739929	0.472448672216492	0.543054687902527	-0.194493069848938	-0.13531141420929	0.435010133398132	0.532144318822937	0.45786617740448	0.480396294347839	1.05877617539032	0.133771973974304	0.288718414770203	0.0287300132199098	0.503969256445007	0.451333620458679	0.520416363378601	0.49716312058075	0.446175345190124	0.0288848223629761	0.42167812851532	0.29311558164032	0.55024412851532	0.42167812851532	0.595306478042664	0.50149862851532	0.344534087632507	-0.192744394117493
MAGI1-cg02090033-3-65583617	0.509603985693054	0.424611490453796	0.100413324682312	0.509759666479187	-0.314486091150207	0.423863074438171	0.452049252599793	0.522238187902527	0.466909022558289	0.413660276098328	0.844149122900085	0.367289548559265	0.388015571386414	0.474076815893249	1.03286719211395	-0.25496771334259	0.11668481613739	0.490485477575378	0.406063861730652	0.460003717687683	0.454423267919617	0.412543685033875	0.444262848974304	0.371586620153503	0.383712308141785	0.709784397680359	0.419838293615418	0.89014126901825	0.368784839696961	0.408628636388855	0.480254804052429	0.416174689428406	0.459472895483093	0.4361627885495	0.455462870519714	0.22020378085907	0.441523072973328	0.4516579314328	0.758502527502136	-0.19329360573761	0.46612177707489	-0.0605280107669067	0.411100165380554	0.302984517919617	0.708785421300964	0.418411569189148	0.461838590307312	0.393856132482605	0.801868599218445	0.421809417028503	0.401841821752625	0.416097986242371	0.397067205358582	0.348096656957703	0.408550970434265	0.4336639861203	-0.110975771631165	0.578733884008484	0.447504431615906	0.55729261704071	0.603580475622253	0.423289592565613	0.850171473608093	-0.00788972780792235	0.346774712987976	0.0124953114376832	0.396656554662781	0.457075918676453	0.417164661596375	0.401952418798523	-0.274900356592102	0.44887412058075	0.42167812851532	0.23979808164032	0.60356162851532	0.42167812851532	0.128085323636414	0.33318247410907	0.523043933226257	0.512821422476257
MAPT;LOC100130148-cg10224600-17-43975063	0.47702309738739	0.413126602148132	0.077390436376648	-0.213113221826477	-0.187614979455872	1.09512418613251	0.431380364294128	0.208260299596863	0.456707134252624	0.482342387792664	0.292485234594421	0.566623660253601	0.427626683080749	0.417465927587585	0.261475303808289	0.140825398351746	0.578893927831726	-0.168405410730286	0.391088973424988	0.426324829382019	0.390029379613953	0.68522879672821	0.38894096066864	0.566355731847839	0.405935419836121	-0.0294994906253052	0.965919405309753	0.698443380712585	0.416583951391296	0.396389748083191	0.256290915746765	0.402154801122742	0.404006007177429	0.398933900243835	0.46168898221405	0.305814892553406	0.414641184667664	0.480772043127136	0.390882639196472	0.547264505956726	0.0631678887692261	0.285324100927429	0.67959227707489	0.658033629613953	0.8428635329953	0.444398680883484	0.469894702001648	0.363863244176941	0.0823287109127808	0.398115528722839	0.40069893344696	0.424295097936707	0.587424317052918	0.270112768652039	0.393743082128601	0.488268097814636	0.532174340063171	-0.10639400429718	0.455372543310242	0.473487728735046	0.400970587316589	0.415341704259949	1.00948958530243	0.525271383886414	0.648850824682312	0.672517423132019	0.391805666357117	0.464210030370789	0.45931377329071	0.468442530492859	0.436427755102234	0.648664232275085	0.42167812851532	0.41561958164032	0.42774012851532	0.42167812851532	0.930743707175476	0.353097857648132	0.42846531676532	0.41447194501532
MCF2L2-cg17323383-3-182896670	-0.468270103418274	0.318460401342468	0.817683235570984	0.440395577367859	-0.432815180261536	0.317902985326843	0.380864163488464	-0.00265590120880121	0.11887793344696	0.405739186986999	0.184371033788757	0.249476459447937	0.597820482275085	0.367211726781921	0.161886103002625	0.397568197546082	0.683366727026062	-0.44055861153595	0.288429772619324	0.300059628576355	0.422414178808289	0.311885595922546	0.328554759862976	0.273159531042175	0.770171219030457	0.311394308569031	1.05299120450409	0.698012179906921	0.280836750585632	0.302511547277527	0.437539714941101	1.20830260031708	0.431129806371765	1.12122669943817	0.359363781408386	0.948329691747742	0.307021983862	0.412348842321472	0.666112438390808	-0.338872694848938	0.433812687963562	-0.172334099878235	0.740450076269226	0.577951428808289	0.513357332189636	1.17843848007782	0.418380501195984	0.385794043371277	0.898685510107117	1.11291932791717	1.0766297326413	0.506092897131042	0.903150116247253	0.685876567846375	1.01426388132294	0.354463897008972	-0.473030860742493	0.655760794897156	0.384199342504578	0.483395527929382	0.928625386510925	0.301382503454285	1.07610438449677	0.556768183080749	0.786550623876648	-0.107857777673645	1.05515046555145	0.377243829565124	0.301727572485046	1.06629332968719	0.46205655429657	0.838463031469421	0.42167812851532	0.28518858164032	0.55817112851532	0.42167812851532	0.428355006628601	0.283353157101257	0.478425616218445	0.419318993468445
MCF2L2;B3GNT5-cg02238826-3-182971069	-0.359095915796204	0.424153588964539	0.873127423193054	0.454350764989929	0.343807007360535	0.419960172948914	0.354144351110535	0.120270286413269	0.375802121069031	-0.32586862539093	0.290644221410828	0.0963236470700075	0.464334669897156	0.316141914403992	0.352314290624695	0.359417385168152	0.635490914648132	-0.32401242391388	0.396589960241394	0.404495816198425	0.481049366430359	0.412309783544617	0.282912947485046	0.362907718664246	0.402745406652527	-0.130221503808899	0.968523392126159	0.685824367528992	0.447164938207703	0.406204734899597	0.442559902563172	1.27674678793915	0.457522993993836	0.426581887060242	0.439331969030457	0.776927879369812	1.29800417148407	0.458890029943542	0.474935626012878	-0.232635507226868	0.460628875585632	-0.0663429122561646	0.692721263891297	0.654876616430359	0.462635519811707	1.21262766769989	0.449402688818054	0.349286230993347	0.0882436977291871	0.430278515539246	0.936892920263366	0.867076084753113	0.956183303869324	0.984021755468445	0.411316068945007	0.418245084631042	-0.365001673120423	0.243988982519226	0.434695530126648	-0.299791284448548	0.414318574132996	0.406522691076355	1.06711957211884	0.53131837070282	0.329696811498718	-0.00482059005157459	0.401604653173523	0.440922017187195	0.414320760107117	0.425881517309265	0.47643374191864	0.786308219091492	0.42167812851532	0.59832508164032	0.24503462851532	0.42167812851532	0.214111761636414	0.40624291210907	0.494372371226257	0.439760984476257
MCF2L2;B3GNT5-cg03657573-3-182972326	-0.350124627954407	0.436749876806335	0.846684711034851	0.540231052831726	-0.315672704797669	0.43331546079071	0.460555638952332	0.285259574255066	0.467718408910828	0.182229662450867	0.301335509252625	0.343897934911804	0.407425957738953	0.494821202245789	0.278975578466492	0.499841673009949	0.684573202489929	-0.327355136072083	0.403138248083191	0.418175104040222	0.542612654272156	0.419247071386414	0.475854235326843	0.371784006506042	0.413433694494324	-0.116865215967102	0.420245679967957	0.820836655370789	0.5227162260495	0.417238022741394	0.510961190404968	0.436431075780945	0.556574281835632	0.699150174902039	0.487270256872253	0.250754167211609	0.451972459325867	0.477637317785339	0.765548913854675	-0.218812219385071	0.544828163427429	-0.0507626244143676	0.334716551733093	-0.0953370957278441	0.658978807653503	1.29225595554169	0.533120976659851	0.481224518835144	0.0968939855709839	0.431734803381042	0.414301208105164	0.61165037259491	1.00292859171112	0.310174043310242	0.416112356786804	0.419072372472839	-0.341230385278625	0.341715270361023	0.497263817968445	0.58476400339325	0.424644861974792	0.418985978918152	1.17945585996063	0.689416658544617	0.331561099340515	0.00785269779022224	0.41111594101532	0.483772305028992	0.419321047948914	0.413952805151062	0.033369029760437	0.651075506933289	0.42167812851532	0.55321058164032	0.29014912851532	0.42167812851532	0.144746398636414	0.34373154910907	0.516351008226257	0.502272347476257
MCF2L2;B3GNT5-cg17701886-3-182970833	-0.428459240625305	0.330413264135437	0.0918180983639527	0.413682440160828	0.504116682531433	0.445802848119812	0.429866026281433	0.174866961584167	0.412407796239929	-0.408234950220032	0.208077896581726	0.294379322240906	0.568519345068054	0.41999658957489	0.389161965795593	0.41687206033905	0.682750589819031	-0.281887748742981	0.343773635412292	0.326500491369324	0.397809041601257	0.328595458715515	0.363185622655945	0.328307393835144	0.591765081823425	0.387347171362	0.892700067297058	0.67219704269989	0.473415613378601	0.959725410070496	0.42155557773407	1.22282946311005	0.390571669164734	1.17489256223114	0.423280644201355	0.982875554540711	1.06956284665497	0.404795705114441	0.610164301183777	0.567544167944031	0.430854550756531	-0.147476237085266	0.947626939062195	0.629870291601257	0.634208194982605	1.17696834287079	0.386151363988953	0.420884906164246	0.0272053729000855	0.472131190710144	1.13084259543427	0.786696759924011	0.992645979040222	1.06397843063934	0.516735744115906	0.331548759801941	-0.379803997949524	0.383769657690124	0.384510205297546	-0.328848609277649	0.665236249303894	0.322157366247253	1.07958824728973	0.524130045873718	1.09188948666962	0.343429085119324	0.332799328344421	0.398763692358093	0.346032435278015	0.387006192480164	0.502107417089539	0.87997389426239	0.42167812851532	0.64971958164032	0.19364012851532	0.42167812851532	0.193475210636414	0.34630436110907	0.555568820226257	0.499699535476257
MCF2L2;B3GNT5-cg27034902-3-182971430	-0.348351447412415	0.455867057348328	0.872799891576843	0.450653233373718	-0.0169705242556763	0.449481641332703	0.419366819494324	0.122783754797058	0.35360458945282	-0.319139157007141	0.308854689794617	-0.140402884546204	0.426874138280945	0.425863382787781	0.298207759008484	0.403508853551941	0.626961383031922	-0.31647495553009	0.411133428625183	0.421692284582214	0.464222834814148	0.426206251928406	0.357890415868836	0.368389187048035	0.413280875036316	-0.13599903542511	0.666698860509949	0.740689835912781	0.00869640659149168	0.423411203283386	0.428478370946961	1.19985225632294	0.457550462377625	0.426520355444031	0.448448437414246	0.670965347753601	0.461375639867859	0.412403498327332	0.676979094396668	-0.207079038843079	0.454071343969421	-0.0348174438723755	0.345575732275085	0.325494084814148	0.524992988195496	1.20686013608368	0.448632157201843	0.402574699377136	0.0982331661129762	0.418479983923035	1.10154538864716	0.802323553136902	0.955676772253113	0.602611223852234	0.398354537328796	0.429025553014832	-0.347718204736633	0.247227450903015	0.430518998510437	-0.292097816064758	0.426682042516785	0.399965159460144	1.10971204050262	0.576953839086609	0.318595279882507	0.0199798783322145	0.403192121557312	0.435533485570984	0.411854228490906	0.426220985693054	0.290385210302429	0.645812687475281	0.42167812851532	0.57161058164032	0.27174912851532	0.42167812851532	0.198878963636414	0.37616311410907	0.490405573226257	0.469840782476257
MDGA1-cg00807871-6-37617124	0.450534782201843	0.363817286962586	0.879183121191101	0.449907462987976	0.478547705358582	0.332241870946961	0.419380049108582	0.784541984411316	0.412759819067078	0.475146072607117	0.289713919408874	0.488989345068054	0.593464367895203	0.396150612402039	0.785479988622742	0.437239083166199	0.739475612646179	0.410328274084167	0.929960658239441	0.324834514196472	0.412130064428406	0.375808481542664	0.374457645483093	0.622232416662292	0.392443104650574	0.491081194189148	0.311648090124206	0.620429065527039	0.48441863620575	0.348320432897644	0.420867600561218	0.332955485937195	0.419989691991882	0.321990585058289	0.429228667028503	0.987490577367859	1.15569886948212	0.408906727941589	0.827905324010925	0.542725190771179	0.397869573583679	0.385940785741882	0.864767961889343	0.596991314428406	-0.0115517821902466	1.18991736569794	0.409330386816101	0.424730928991394	0.688009395727234	0.322559213537292	0.315463618261414	0.43054178275116	0.95443400186737	0.174703453466492	1.06082876694305	0.384090782629089	0.422079024877625	0.678162680517273	0.399832228124695	0.5148874135495	0.327393272131042	0.363450389074402	0.272842270116882	0.697175068700867	0.292980509496765	0.739834107946472	0.57349435117157	0.400856715185242	0.338650458105164	0.323286215307312	0.330777439916687	0.383831917089539	0.42167812851532	0.41501708164032	0.42834262851532	0.42167812851532	0.912086780675476	0.248443931148132	0.43812539026532	0.40481187151532
MEIS1-cg09550083-2-66672337	-0.41328801601593	0.444452488744812	0.0444983229733276	0.269747664770203	-0.238957092859192	0.397942072729187	0.429795250890808	0.783691186193542	0.446531020849304	-0.159884725610657	1.0527991211911	0.110339546850281	0.417257569677429	0.452960814184265	1.03759719040497	0.0407152849484252	0.169444814428406	0.464394475866394	0.567419860021668	0.531748715978699	0.394081266210632	0.42141268332489	0.45729084726532	0.581271618444519	0.3399833064328	-0.145672604028625	0.325722291906433	0.566155267309265	0.358430837987976	0.368816634679871	0.425957802343445	0.371075687719421	-0.466123106225891	0.473440786840515	0.43909186881073	0.159897779150085	0.375097071264343	0.413851929723816	-0.0736374742068482	0.583610392553406	0.422724775365906	-0.087202012475891	0.69849416367157	0.330059516210632	0.80382741959198	0.418689567480164	0.144570588598328	0.477845130773621	0.0164475975094605	0.407689415319519	0.45239882004364	0.582463984533386	0.556251203649597	0.229143655248718	0.480746968725281	0.629667984411316	0.439265226659851	-0.1508851177005	0.403945429906921	0.508931615331726	0.463721473913269	0.677874590856628	0.369181471899109	0.0424822704830932	0.420360711278992	0.795815309728699	0.431129552953796	0.421667916967468	0.49472165988739	0.444533417089539	0.500132641698914	-0.0255408811282349	0.42167812851532	-0.00438291835968013	0.84774262851532	0.42167812851532	0.369979111128601	0.704193261601257	-0.0114822792815552	0.477694888968445
MEIS2-cg03396151-15-37387304	-0.380288037744446	0.375850467016296	0.226672301244812	0.383483643041687	0.488394885412293	0.414193051000671	0.450080229162293	0.650460164465027	-0.369836000879211	0.453363252660828	0.971850099462585	0.504517525121765	0.364627547948914	0.46500179245575	1.00552316867645	0.46334426321991	0.24760979269989	0.480279454137878	0.346970838293152	0.366123694250183	0.401588244482117	0.452507661596375	0.151510825536804	0.370210596716003	0.460457284704285	-0.182318625757141	0.424587270177918	0.46165124558075	0.44487181625946	0.367188612951355	0.419956780614929	0.409363665990906	0.435975872045593	0.482934765112	0.421283847082214	0.66475275742157	0.371853049535828	0.4029819079953	0.482658504064636	0.57698037082489	0.39541875363739	0.332102965795593	0.442108141943054	0.589159494482117	0.850848397863464	0.783690545751648	0.399977566869812	0.449486109045105	0.888391575780945	0.371753393591004	0.382413798315125	0.344079962804871	0.160982181921082	0.243987633520203	1.06629494699677	0.3868689626828	0.448172204931336	-0.148270139429016	0.375284408178406	0.52086459360321	0.784641452184753	0.684440569128113	0.850501450170593	0.503132248754578	0.259719689550476	0.802154288000183	0.353193531225281	0.428829895238953	0.415617638158875	0.396394395361023	0.257170619970398	0.0982580971432495	0.42167812851532	0.43229758164032	0.41106212851532	0.42167812851532	0.655192924136414	0.64986807460907	-0.595615466273743	0.196135821976257
MEIS2-cg15902390-15-37387438	-0.47265025039093	0.317336254369812	0.873810088598328	0.385261430395203	0.468011672765808	0.623442838354187	0.420514016515808	0.725746951818543	-0.486011213525696	0.463209040014343	0.995087886816101	0.510510312475281	0.277627335302429	0.457382579809265	0.995980956029968	0.436996050573425	0.379289580053406	0.469977241491394	0.275976625646667	0.282377481603699	0.389248031835632	0.31617744894989	0.17955061289032	0.321467384069519	0.2854210720578	-0.257479838403626	0.992983057531433	0.589854032934265	0.487089603612976	0.307523400304871	0.460242567968445	1.09206845334442	0.402024659399109	0.853180552465515	0.42217563443573	0.752175544775086	0.285898836889343	0.389870695348816	0.506625291418152	0.577938158178406	0.396575540990906	0.410454753149109	0.63399892929657	0.659842281835632	0.81396318521698	1.07380233310516	0.397893354223328	0.499424896398621	0.895329363134461	0.294956180944519	0.36350558566864	0.269313750158386	0.0674579692745973	0.155216420873718	1.09504373435028	0.308172750036316	0.450135992284851	-0.255002352075501	0.367967195531921	0.502796380956726	0.415337239538269	0.683796356481629	0.968346237524109	0.517092036108093	0.192245476903992	0.790450075353699	0.277520318578796	0.420467682592468	0.30485642551239	0.313994182714539	0.507054407323914	-0.0303821155032348	0.42167812851532	0.42284508164032	0.42051462851532	0.42167812851532	0.657870987128601	0.692360137601257	-0.653099403281555	0.189803012968445
MEIS2-cg23677243-15-37387525	-0.364918078149719	0.381626426611023	0.816988260839539	0.367215602636414	0.484795845007019	0.737184010595398	0.413638188757019	0.663501124059753	-0.365686041284485	0.408193212255554	0.985301059057312	0.465495484716492	0.35759850754364	0.379931752050476	0.963379128271179	0.357422222814636	0.492539752294617	0.455251413732605	0.369788797887878	0.36379465384491	0.424696204076843	0.506779621191101	0.129304785131531	0.41131955631073	0.361967244299011	-0.180235666162415	1.16769022977264	0.477305205175476	0.430784775854187	0.386220572546082	0.460971740209656	1.18764462558563	0.41397383164032	1.03820472470673	0.412923806676941	0.891710717016296	0.359718009130554	0.350718867590027	0.538655463659363	0.597300330419617	0.397255713232117	0.20592092539032	0.764143101537781	0.604070454076843	0.803896357458191	1.17231450534637	0.394227526464539	0.455337068639832	0.885874535375671	0.36371335318573	0.352953757909851	0.378269922399597	0.147844141515808	0.221446593114929	0.999637906591492	0.429555922277527	0.470757164526062	-0.14911417983429	0.348310367773132	0.500366553197937	0.46814641177948	0.745574528722839	0.93996340976532	0.424349208349304	0.256966649145203	0.76391624759491	0.337503490820007	0.417319854833679	0.386291597753601	0.415419354955749	0.474779579565124	0.055751056737976	0.42167812851532	0.40609658164032	0.43726312851532	0.42167812851532	0.653767450628601	0.752842601101257	-0.509197939781555	0.193906549468445
MEIS2-cg26708220-15-37387577	-0.453635260644836	0.318473244115906	0.876841078344421	0.384305420141296	0.477845662511902	0.676328828100281	0.424682006261902	0.704345941564636	-0.474693223779602	0.455643029760437	0.990000876562195	0.523874302221375	0.286055325048523	0.453067569555359	0.980546945776062	0.420076040319519	0.488374569799499	0.454815231237488	0.268185615392761	0.286001471349792	0.381833021581726	0.423492438695984	0.199258602636414	0.289476373815613	0.298124061803894	-0.257787848657532	0.968257047277527	0.485485022680359	0.45640859335907	0.306841390050964	0.434590557714539	1.20626044309052	0.393242649145203	1.13901754221161	0.418771624181824	0.671140534521179	0.294503826635437	0.38212868509491	0.517550281164246	0.567496147924499	0.390465530737	0.143241742895203	0.737731919042664	0.631388271581726	0.828822174963074	1.16518332285126	0.387141343969421	0.513183886144714	0.891640352880554	0.295484170690613	0.285816575414734	0.27274473990448	0.0858459590206908	0.146049410619812	1.06265572409637	0.30570173978241	0.440444982030945	-0.260513362329407	0.366652185278015	0.49745537070282	0.335823229284363	0.621057346227722	0.966524227270203	0.516922025854187	0.189659466650085	0.748097065099792	0.26959330832489	0.403584672338562	0.329556415258484	0.329960172460632	0.498701397070007	0.332983874242859	0.42167812851532	0.39226108164032	0.45109862851532	0.42167812851532	0.661284210128601	0.730598360601257	-0.644145180281555	0.186389789968445
MIR196A1-cg01452847-17-46711341	0.45404043735321	0.381197942113953	0.0581437763424683	0.444289118139343	-0.365066639490051	0.531929526098328	0.393254704259949	0.542779639562683	0.389639474218445	0.457689727758484	0.947025574560242	0.258360000219421	0.36318202304657	0.405627267553406	0.971181643774109	0.443422738317566	0.0795682677975464	0.390125929235535	0.941185313390808	0.416841169347839	0.460338719579773	0.437187136694031	0.385458300634461	0.34274907181366	0.367720759801941	0.659874849340515	0.364176745275574	0.696232720678406	0.319229291357117	0.545482088049011	0.455144255712586	0.368799141088562	0.48113434714325	0.395967240209656	0.439300322179871	0.751435232519226	0.419774524633484	0.440135383092957	0.218299979162292	-0.279391154077454	0.466581228735046	0.0322174408932495	0.29424261704071	0.623632969579773	-0.0330631270388794	0.406592020849304	0.455605041967468	0.431851584142761	0.933649050878601	0.55746086868866	0.374676273412781	0.372944437902527	0.234545657018738	0.233103108617859	1.01223442209442	0.516331437780457	-0.376181319971008	0.68205033566864	0.428023883276062	-0.265817931299133	0.39081492728241	0.651028044225769	0.38479992526825	0.464866723852234	0.424605164648132	0.740837763097839	0.496371006322937	0.417774370336609	0.355099113256531	0.397500870458679	0.427800095068054	0.757948572240906	0.42167812851532	0.40098208164032	0.44237762851532	0.42167812851532	0.356156605034851	0.573344755507507	0.491546214624695	0.0770469688746948
MIR196A1-cg23690166-17-46711017	0.444892012426453	0.354294517187195	0.42319535141571	0.440500693212585	-0.361605064416809	0.38181910117157	0.340724279333191	0.634515214635925	0.349890049291687	0.398124302831726	0.981321149633484	0.452323575292664	0.472999598119812	0.384020842626648	0.887350218847351	0.404966313390808	0.0380548428707884	0.419657504308777	0.991876888464051	0.393190744421082	0.451741294653015	0.496391711767273	0.376888875707703	0.695114646886902	0.356906334875183	0.586129424413757	0.347830320348816	0.744947295751648	0.363994866430359	0.344147663122253	0.487251830785828	0.347296716161804	0.461296922216492	0.342054815282898	0.422828897253113	0.977006807592468	0.385837099706726	0.445100958166199	0.420888554235535	-0.137038579004211	0.457915803808289	0.568144015966492	0.336695192113953	0.644775544653015	0.793354448034363	0.336658595922546	0.42209561704071	0.485216159216003	0.849929625951843	0.440176443761902	0.333269848486023	0.434571012975769	0.69417123209198	0.192955683691101	1.04704399716766	0.382970012853699	0.227380255102234	0.631252910741882	0.388536458349304	-0.372904356225891	0.367627502355652	1.08347561929901	0.211908500341492	0.484662298925476	0.245969739721375	0.716746338171081	0.363441581396179	0.394250945409851	0.422427688329773	0.354534445531921	0.439021670141296	0.0335031473141478	0.42167812851532	0.48989608164032	0.35346362851532	0.42167812851532	0.432859151995789	0.417910302468445	0.433177761585632	-0.280640057164368
MIR196A2-cg10662314-12-54384666	0.584769599584656	0.436641104345398	0.0957569385739137	0.522812280370789	0.633492522741394	0.428821688329773	0.577452866491394	0.779051801794128	0.55881463644989	0.596052889989929	0.618144736791687	0.550986162450867	0.417449185278015	0.532658429784851	0.284934806005554	0.561615900549011	0.0900614300289918	0.54913709146698	0.405733475622253	0.420142331579285	0.533541881811218	0.475168298925476	0.563298462865906	0.385832234045105	0.411484922033386	0.48609401157196	0.500009907507019	0.161852882909851	-0.125324546411438	0.411996250280457	0.590604417944031	0.564850303320007	0.545106509374695	0.408818402441101	0.542476484411316	0.556996394750671	0.410922686864929	0.550648545324402	0.0131401413937378	0.209694008153992	0.552446390966492	-0.0320603968753052	0.357905779272156	0.801622131811218	0.0271450351925659	0.39816018308075	0.537307204198914	0.523209746374207	0.0912082131100465	0.424612030920105	0.408606435644226	0.490863600133972	0.217750819250183	0.277433270849304	0.410710584325867	0.418935600011902	-0.0632811577395631	0.765706497900085	0.530875045507507	0.645153230932312	0.459648089513855	0.413191206457214	0.344479087499695	0.215756886083679	0.329590326879578	0.0444229253292847	0.410012168554382	0.557634532568054	0.417296275487976	0.407503032690125	0.150220257299499	0.0556747344723511	0.42167812851532	0.35419408164032	0.48916562851532	0.42167812851532	0.298902651995789	0.551866802468445	0.0508842615856324	0.606085239835632
MIR21-cg04276626-17-57918500	0.452233994115906	0.418020498876648	0.0843673331051636	-0.0717113250979615	-0.314630082727356	1.21757408286102	0.293209261022644	0.0914721963253783	0.45066503098114	0.258461284521179	0.309598131322937	0.0813245569821167	1.23967457980926	0.422436824316101	0.349957200536804	0.439731295080261	0.247866824560242	-0.35180551400177	0.450964870153504	1.23734672611053	-0.455772723657532	0.918654693456726	-0.0451781426028442	1.10501562857635	1.22246331656464	-0.13404259389679	0.952524302038269	0.646906277441101	-0.257607151880188	0.380115644811707	-0.354816187524719	1.15060369785126	0.0061309039059449	1.22710679697235	0.445642878942566	1.03018078928192	0.404648081396179	-0.398503060144348	0.0713515359249878	-0.232673597314758	-0.388610214502258	0.711618997655945	1.06410517380341	-0.133442473657532	0.179374429723816	0.397563577612	0.245615598730164	0.249816140905457	0.110925607641296	1.17943142545135	0.662147830175476	1.08063799466522	0.150550213781433	1.10461466538055	0.689399978857117	0.690053994543152	-0.390690763208313	-0.0684531075686648	0.418489440038757	0.491886625463562	0.451615484045105	1.13192960098846	0.436084482030945	0.689168280614929	1.01868472141083	0.678021319860535	1.09618956308563	0.417489927099304	1.15590367001923	1.19795342722137	0.53493165183075	0.00887412900360096	0.42167812851532	-0.0156429183596802	0.85900262851532	0.42167812851532	0.307389105034851	0.982927255507507	0.540313714624695	-0.195443536125305
MIR375-cg21615583-2-219866512	0.408421066991882	0.445177571752625	0.16666440598114	0.429185747778015	0.429387990148621	0.434914155737	0.375369333898621	0.596473269201355	0.351567103857117	0.447350357397156	0.304549204198914	0.428448629858093	0.729041652685242	0.382543897192078	0.285890273412781	0.369766367956238	0.423726897436218	0.400003558874207	0.50657094302948	0.421883798986511	0.487117349218445	0.424217766332703	0.423125930273132	0.380978701452332	0.420587389440613	0.453418478979187	0.432803374914246	0.361209350317078	0.477818920995789	0.421587717687683	0.480928885351257	0.435450770727234	0.527832976781921	0.424437869848328	0.376545951818543	0.334108862157898	0.421590154272156	0.412564012731628	0.453869608800964	0.422703475561218	0.431679858373718	0.0472160705319215	0.339801246679382	0.589177599218445	0.767360502599792	0.394232650487976	0.48213267160614	0.408977213781433	0.385051680517273	0.430742498327332	0.420084903051453	0.401419067541199	0.51486828665741	0.302211738256531	0.421678051733093	0.423022067419128	0.306228309667664	0.019153965307312	0.433393512914734	0.611872698339539	0.428830556921082	0.424102673864441	0.624922554906921	0.443260353490906	0.350641794286804	0.368125392736511	0.414921635961609	0.373417999975281	0.425810742895203	0.419059500097351	-0.016500275293274	0.0977802018795776	0.42167812851532	0.58561958164032	0.25774012851532	0.42167812851532	0.355946105034851	0.506171255507507	0.491756714624695	-0.0447132261253051
MIR589;FBXL18-cg09286367-7-5535692	0.428912280492859	0.408491785253601	-0.0282953805178833	0.407546961278992	-0.0657957963504029	0.522524369237976	0.290059547399597	0.899946482702332	0.416318317358093	0.109766570898132	1.06916241769989	0.38885184335907	1.17982786618622	0.150750110693054	0.242878486913757	-0.475782418542785	0.559887110937195	-0.346737227624817	0.536265156530457	0.417209012487488	-0.172918437280579	1.19739097983368	0.272697143774109	1.14961091495331	0.461178602941589	-0.215953307519836	1.02461358841522	0.854148563818054	-0.342505865503235	0.96121293118866	0.434698098852234	0.83551498422821	-0.395523809717102	1.1712420833493	0.411590165319519	0.456615075658874	0.512434367773132	0.358345226232605	0.0269388223019409	-0.081648310937805	-0.467685928125305	-0.189484715967102	0.424291460180359	0.0435128127194214	0.786016716100769	0.246982863988953	-0.431291114892883	0.47200842728241	0.828066894018249	0.438958711828308	0.397019116552429	0.891580281042175	0.932367500158386	0.604740951757507	0.68543526523407	0.595751280920105	-0.50960147683136	-0.266553821191711	0.37530772641571	0.478077911840515	0.308888770422058	1.15306088736542	0.718076768407898	0.732158566991882	0.235439007787781	-0.0139773937625121	0.469548849462585	0.256848213476257	0.419841956396179	0.612697713598328	0.506307938207703	0.517569415380554	0.42167812851532	-0.19101441835968	1.03437412851532	0.42167812851532	0.508114105034851	0.968081255507507	0.339588714624695	0.281942466874695
MIR9-3-cg14189049-15-89909748	0.434712581274109	0.388682086034851	0.788408920263367	0.448300262060242	0.486436504430847	0.400004670019226	0.417338848180847	0.106663783483582	0.421765618139343	0.399519871679382	0.66393771848114	0.47359314414032	0.410893166967468	0.241496411474304	0.964399787695007	0.380396882238464	0.336619411718445	0.441332073156433	0.420874457311707	0.424050313268738	0.384564863500671	0.380933280614929	0.381613444555359	0.854998215734558	0.460541903722839	0.0745649932614136	0.420423889196472	0.115166864599304	0.447341435278015	0.82708123196991	0.396680399633484	0.364079285009461	0.361145491064148	0.673990384130554	0.325642466100769	0.292625376440125	0.359026668554382	0.408931527013855	0.364675123083191	0.565537989843445	0.404103372655945	0.720214584814148	0.642099760961609	0.618141113500671	0.774769016882019	1.1118871647702	0.356830185888367	0.43745072806366	0.0295241947994996	0.386385012609558	0.403928417333679	0.534648581823425	0.596824800939636	1.08090725253876	0.90790956601532	0.385741581701355	0.46695382394989	0.336197479589539	0.40233702719696	0.490096212621765	0.647841071203308	1.07438618814667	0.856827069189148	0.456526867773132	0.517403308569031	0.783509907018738	0.392239150243835	0.418305514257507	0.367668257177429	0.526979014379578	0.444617238988953	0.00597571616180426	0.42167812851532	0.57232358164032	0.27103612851532	0.42167812851532	0.427162605034851	0.586468755507507	0.420540214624695	0.315757036874695
MLLT1-cg06633438-19-6272158	-0.388974057886047	0.410725446874695	0.16715528110321	0.394444622900085	-0.092896134729309	0.40885903085907	0.491538209020691	0.272459144323425	0.465995978979187	0.504094232519226	0.433273079320984	0.385602504980164	0.421726527807312	0.484323772314148	0.736006148534851	0.503620243078308	0.236510772558289	-0.298708566003723	0.44520181815155	0.391112674108582	0.444177224340515	0.508842641454773	0.475365805395203	0.694859576574402	0.395820264562683	0.364601354101257	1.25047925003632	1.00192222543915	0.548753796117859	0.373956592809753	0.498221760473328	0.397518645849304	0.475126851903992	0.389382744970398	0.481238826940613	0.205861737279968	0.458796029394226	0.302153887853699	0.595426483923035	0.305378350683289	0.492663733495789	-0.00432605434600836	0.368660121801453	-0.139288525659485	0.874266377721863	0.361611525610046	0.45862754672821	0.435339088903503	0.0412305556393432	0.399055373449402	0.498564778173523	0.416616942663269	0.18987816177948	0.245736613378601	0.412275926855164	0.440535942541199	0.517359184789734	0.417873840429382	0.443471388036804	0.546037573461609	0.382952432043152	0.448505548986511	0.264116430028992	0.200795228612976	0.289641669408875	0.569986267858581	0.466926511083679	0.468051875097351	0.423319618017273	0.382548375219421	0.449173599828796	0.466736077001648	0.42167812851532	0.40585358164032	0.43750612851532	0.42167812851532	0.184499270136414	0.35041342060907	0.624231879726257	0.495590475976257
MLLT11;CDC42SE1-cg13842305-1-151033007	-0.359301108911438	0.396176395849304	0.87456523007782	-0.335945428125305	0.4966718142453	0.422475979833679	0.3854921579953	0.120993093298035	0.437402927953796	0.462842181493835	1.00237602829559	-0.182129546045227	0.450011476781921	0.374902721288757	1.02320109750946	-0.142677807947083	0.414567721532898	0.467348382970886	0.42911776712616	0.466652623083191	-0.423176826684876	0.452404590429382	-0.334426245630188	0.480223525549011	0.429826213537293	-0.0620546969241334	0.928015199010925	0.167996174413757	0.476275745092468	0.412295541784363	-0.259853290552063	0.440569594823914	0.443080800878601	0.431634693945007	0.415570775915222	1.00267768625458	0.436246978368835	0.168459836828308	0.847023432897644	0.570372299657898	0.420049682470398	0.754729894628601	0.335483070776062	-0.0888335766848753	0.847881326696472	0.377760474584656	0.37429649570282	0.524286037878113	0.175711504613953	0.420999322424011	0.413539727148132	0.431200891637878	0.173509110754089	0.32096256235321	0.883713875829773	0.458990891515808	-0.336339866235657	0.304454789403992	0.404303337011413	-0.295462477563782	0.396076381017761	0.563899497961121	0.290249379003601	0.429142177587585	0.300203618383484	0.0199072168331909	0.622265460058289	-0.35358017592804	0.461951566991882	0.465966324194031	0.516425548803406	0.876683025976257	0.42167812851532	0.49860858164032	0.34475112851532	0.42167812851532	0.818650656136414	0.34816380660907	-0.302505734273743	0.497840089976257
MMP2-cg07582157-16-55514269	0.499959040746765	0.450949545507507	0.281153379736023	0.545083721532898	-0.297990036096496	0.448224129491882	0.479060307653503	0.113137242956238	0.386495077611999	0.358323331152039	0.297904177953796	0.444323603612976	0.422720626440124	0.50243187094696	0.286806247167664	0.528256341711121	0.735329871191101	-0.33102046737091	0.413295916784363	0.436031772741394	0.484360322973328	0.432837740087585	0.476049904028015	0.388890675207214	0.431057363195496	-0.0366205472659302	0.913777348669128	0.35042932407196	0.267927894750671	0.417047691442566	0.48002085910614	0.834370744482117	0.478969950536804	0.42192384360321	0.390897925573425	0.668324835912781	0.415874128027039	0.482247986486511	0.461237582555847	-0.168917550683899	0.517399832128601	0.130467044286804	0.719685220434265	-0.0857994270266722	0.913617476354675	0.383647624242859	0.488937645361023	0.578150187536316	0.314734654272156	0.426800472082214	0.410958876806335	0.412651041296082	0.840258260412292	0.280368712011414	0.421843025487976	0.418589041174011	0.510231283422546	-0.127242060937805	0.459081486669617	-0.268213327905579	0.411537530675964	0.423787647619324	0.300003528661804	0.237597327245789	0.344409768041687	0.0538643664913941	0.445615609716492	0.505216973730164	0.433487716650085	0.412632473852234	0.385398698461609	0.44919717563446	0.42167812851532	0.45907858164032	0.38428112851532	0.42167812851532	0.239878978042664	0.44807412851532	0.397958587632507	0.591942318882507
MMP2-cg09350341-16-55514378	0.450885351903992	0.402391856664734	0.90209069089325	0.459623032690124	-0.31849072493927	0.394620440649109	0.37527261881073	0.0810075541134643	0.382003388769226	0.459480642309265	0.265721489111023	0.420072914770203	0.459524937597351	0.418082182104187	0.97493855832489	0.488053652868347	0.679730182348328	-0.364317156213684	0.368559227941589	0.384830083898621	0.498059634130554	0.402364051244812	0.413659215185242	0.377993986364441	0.380045674352722	0.656372763891296	0.759597659826355	0.213577635229187	0.462098205907898	0.387597002599792	0.400492170263367	0.930948055639343	0.480325261694031	0.508258154760437	0.453878236730652	0.378500147070007	0.656722439184265	0.421242297643738	0.771428893713074	0.581571760473328	0.495169143285828	0.675536355444031	0.796325531591492	-0.127433115869446	0.841050787511902	0.359177935400085	0.44081795651825	0.429693498693542	0.424202965429382	0.388756783239441	0.560621187963562	0.396836352453308	0.960864571569519	0.24286802316864	0.383393336645203	0.384730352331238	0.496019594579773	-0.161088749780579	0.415786797826843	-0.162466016748352	0.385124841833191	0.38386295877655	0.249624839819031	0.505996638403015	0.718894079198914	0.533840677648621	0.410035920873718	0.42949628488739	0.384450027807312	0.38079178500946	0.464022009618835	0.607467486791687	0.42167812851532	0.37659708164032	0.46676262851532	0.42167812851532	0.245767544636414	0.39286669510907	0.499079154226257	0.453137201476257
MMP23A;MMP23B-cg06943420-1-1566699	-0.264179739526672	0.44904576523407	0.890918599462585	-0.33677105874054	0.429947183630066	0.432205349218445	0.474298527380066	0.3487674626828	0.473123297338562	0.531933550878601	1.12602939768036	0.491045823339539	0.424591846166687	0.276532090673523	0.371656466894226	0.475165561437683	0.621830090917664	0.201994752355652	0.475611136510925	0.420415992467957	-0.39770545730011	0.472009959814148	-0.233911876245422	0.653486894933777	0.487039582922058	-0.0344273275393678	0.414249568395691	0.149733543798523	-0.0483768855227661	0.434895911169128	0.489123078832703	0.487672964208679	0.215388170263367	0.419108063329773	0.501726145299988	0.320120055639343	0.414368347753601	0.479351206213074	0.0319118022824097	-0.215620330957336	0.546700051855164	-0.0559197359866334	0.363956440160828	0.66009579269989	0.829250696081238	0.390807843969421	0.441477865087586	0.0791404072628784	0.991065873998718	0.450957691808777	0.413763096532898	0.456334261022644	0.438783480138855	0.281767931737976	0.416671245214539	0.414569260900574	-0.361028496850891	-0.0930288412112426	0.497525706396179	-0.308521108179016	0.438814750402527	0.415447867345886	0.422897748388367	0.411793546972351	0.35569198776825	0.839671586217957	0.411275829443054	0.499014193456726	0.415524936376648	1.1919276935788	-0.141975081811829	0.488600395361023	0.42167812851532	0.25388658164032	0.58947312851532	0.42167812851532	0.625952927675476	0.317146078148132	0.41879253726532	0.42414472451532
MNX1-cg08017928-7-156801818	0.426939097997742	0.629106602758484	0.893417436987	0.319821778783875	0.37859202115448	0.421120186742859	0.40435436490448	0.198286300207214	0.402406134862976	0.468539388403015	0.759136235204773	0.459244660863953	0.750335683691101	0.350765928197937	0.26483530441864	0.465915398962097	0.344777928442078	0.448480589880066	0.406643974035339	0.425099829992371	0.476477380224304	0.413516797338562	0.342045961278992	0.374462732458191	0.721688420446472	0.221867509985046	1.2002614059201	0.714890381322937	0.229468952001648	0.409094748693543	0.396176916357117	0.457711801733093	-0.270780992212219	1.07627690085419	0.421968982824402	0.628160893163757	1.19452818527802	0.415328043737488	0.0452166398068238	0.545636506567078	0.00203288937957774	0.251982101537781	0.326072277685242	0.631768630224304	0.800377533605652	0.388257681493835	0.449984702612	0.440181244787292	0.218652711523132	0.432339529333191	0.583196934057312	0.462842098547058	0.964706317663269	0.32542376926239	0.411151082738953	0.403124098424988	0.491954340673523	-0.135719003686829	0.408319543920593	0.0586797293453979	0.441555587926941	0.4111767048703	0.605509585912781	0.587762384496765	0.488254825292664	0.767770423742371	0.406724666967468	0.42483803098114	0.401507773901062	0.492876531103211	0.300311755712585	0.062541232885437	0.42167812851532	0.47569308164032	0.36766662851532	0.42167812851532	1.00244775317548	0.409408903648132	0.42531436276532	0.41762289901532
MPZ-cg10896862-1-161275561	-0.327139961938782	0.42386454282196	0.847862377050476	0.443864718847351	0.520487961217957	0.436529126806335	0.381800304967957	0.702839240270691	0.407847074926453	0.461352328466492	0.37139617526825	0.0988676009274292	1.10007762375458	0.392936868261414	0.958373244482117	0.455666339025574	0.538401868505554	0.399812529943543	0.423779914098816	0.408910770055847	0.428336320287781	0.408225737402039	0.393567901342468	0.385706672521668	0.747584360509949	0.365899450048523	0.410220345983582	0.419009321386414	0.373912892065125	0.415390688757019	0.418030856420593	0.42026474179657	0.444150947851257	0.484269840917664	0.434226922887878	0.217935833227234	1.24201712534149	0.395292983800964	0.8029195798703	0.532556446630554	0.456266829443054	0.767848041601257	0.709370217748718	-0.0584014297122193	0.214486473669128	0.480418621557312	0.429088642675476	0.403355184850769	0.286563651586609	0.455920469396668	0.564066874120789	0.387288038610535	0.945434257726746	0.309412709325867	0.424908022802429	0.409648038488464	0.423142280737	0.373053936376648	0.40722348398407	0.265537669408874	0.441919527990418	0.416042644933777	0.295570525976257	0.522567324560242	0.78267076535614	0.0283283638058472	0.465985607030945	0.390263971044617	0.412723713964539	0.473078471166687	0.501682695776062	0.159149172948914	0.42167812851532	0.54322908164032	0.30013062851532	0.42167812851532	0.350533978042664	0.38307212851532	0.462960587632507	0.464692877882507
MRC2-cg17226280-17-60730063	0.460962420141296	0.337848924902039	0.548975759130554	0.454274100927429	-0.414416656701965	0.330292508886414	0.421444687048035	0.0146096223507691	0.415410457006531	0.46096871054657	0.181039557348328	0.469435983007507	0.593115005834656	0.440622250341492	0.197759626562195	0.432685721105652	0.678556250585632	-0.402579087976379	0.310211296178894	0.338836152135925	0.407336702367859	0.311855119482117	0.472430283422547	0.357916054601746	0.326012742590027	0.211906832128601	1.01247372806366	0.101550703466492	0.471430274145203	1.0062430708371	0.140913238500671	0.338645123876648	0.419488329931336	0.358484222997742	0.437604304967957	0.890815215307312	1.07393250742157	0.423149365881043	0.720845961950378	-0.0368161712893676	0.430980211523132	-0.0470405763186647	0.239733599828796	0.644258952367859	0.283363855749207	0.28972800363739	0.406763024755554	0.418324566930847	0.889774033666687	0.924543851476746	0.312045256200867	0.305397420690613	0.869709639806824	1.04910309140595	0.474734404882507	0.322161420568543	0.0706196628170776	0.666066318456726	0.400767866064148	0.497468051488953	1.2198129100705	0.308246027013855	1.08747390805634	0.0776657066403199	0.702000147436218	0.777994745885925	0.404408989111023	0.406240353124695	0.444031096044617	1.19151885324677	0.47724407785614	0.658716555028992	0.42167812851532	0.38944258164032	0.45391712851532	0.42167812851532	0.898112706175476	0.190679856648132	0.43725031576532	0.40568694601532
MST1R-cg01181817-3-49941376	0.444151128393249	0.437035633153992	0.513827467382507	0.438967809179382	-0.151932948450012	0.432533217138367	0.398246395299988	0.473466330602722	0.406173165258484	0.437318418798523	0.322210265600281	0.16667469125946	0.406409714086609	0.423420958593445	1.00460833481415	0.269017429357605	0.131035958837586	-0.286959379724426	0.405470004430847	0.419769860387878	0.484342410619812	0.41976682773407	0.4062659916745	0.387525762853699	0.42745145084198	0.631498540380554	0.415017436315613	0.147340411718445	-0.293204017602845	0.89491377908905	0.454649946752624	0.428160832128601	0.119930038183289	0.422345931249695	0.45826301321991	0.248763923559265	0.423734215673523	0.457694074132996	0.110507670202332	0.557869536962585	0.541013919775085	0.827519131933289	0.87676330808075	0.406028660619812	0.48979356400116	0.397188711889343	0.494029733007507	-0.0410667248171998	0.14255374191864	0.424933559728699	0.993679964452819	0.399637128942566	0.655140348058777	0.442763799657898	0.41922511313446	0.418916128820496	0.477556371069031	0.0897230267086792	0.494875574316101	0.204371759740906	0.423256618322449	0.425854735265808	0.284596616308289	0.186722414892273	0.785780855688171	0.604702454137878	0.414221697362976	0.441222061376648	0.42268780429657	0.416732561498718	-0.274656213891907	0.0714272632809448	0.42167812851532	0.42115108164032	0.42220862851532	0.42167812851532	0.256629528675476	0.458806679148132	0.43114613826532	0.41179112351532
MT1G-cg07791866-16-56701994	0.431239924657898	0.31417442941864	0.886774263647156	0.435308605444031	0.458812847814636	0.317289013403015	0.316221191564636	-0.00352987313262942	0.366389961523132	0.424625215063171	0.181809061864929	0.474123487524109	0.302750510351257	0.385464754858093	0.652639131078796	0.391606225622253	0.640381755102234	0.417472416540222	0.294351800695496	1.05127665665253	0.40031820688446	0.299742623998718	0.375428787939148	0.305369559118347	0.295305247106628	0.618561336645203	0.294321232580261	0.712720207983093	0.435061778661804	1.0055015753537	0.354003743017273	0.33041062839325	0.407902834447937	0.950155727514343	0.367454809484558	0.729889719823914	0.727138011938171	0.363763870397644	0.76759746646698	0.275631333227234	0.420323716039734	0.697896928197937	0.849126104345398	0.584365456884461	0.565022360265808	1.01009350815399	0.389307529272156	0.420402071447449	0.879445538183289	0.345878355993347	0.331646760717468	0.360856925207214	0.807025144323425	0.916237595922546	0.302855909399109	0.898791925085144	0.424262167333679	0.586546822973327	0.342534370580749	0.493682556005554	0.365107414587097	0.293215531530456	0.959619412572937	0.541813211156921	0.60662365195282	0.731063250402527	0.289044493627625	0.358740857641296	0.932634600561218	0.347057357763367	0.426975582372742	0.111716059545593	0.42167812851532	0.51136658164032	0.33199312851532	0.42167812851532	0.468728191675476	0.293818342148132	0.42196880126532	0.42096846051532
MT1G-cg16452857-16-56702033	0.43706912851532	0.429691633276062	0.811768467504578	0.481089809301453	0.543940051672058	0.409358217260437	0.375545395422058	0.106478330724792	0.332447165380554	0.412114418920593	0.284778265722351	0.372923691381531	0.407586714208679	0.362473958715515	0.575266334936218	0.336663429479675	0.661328958959656	0.397868620397644	0.387272004552917	1.00208186050995	0.442548410741882	0.39365582785614	0.28474999179657	0.361982762975769	0.40522445096405	0.669411540502625	0.385995436437683	0.667585411840515	0.434823982519226	0.767778779211121	0.250009946874695	0.406469832250671	0.449326038305359	1.03298893137177	0.41230601334198	0.431711923681335	1.13140421579559	0.380810074255066	0.774734670324402	0.424959537084656	0.486388919897156	0.784807132055359	0.69171330820282	0.512978660741882	0.50488456412323	1.12577871201141	0.442651733129578	0.324097275304871	0.943673742040711	0.407689559850769	0.38719296457489	0.377656129064636	0.957874348180847	0.997151799779968	0.402828113256531	0.418456128942566	0.454821371191101	0.636917026830749	0.376664574438171	0.548397759862976	0.402502618444519	0.407194735387878	1.00649561643036	0.400043415014343	0.475467855810242	0.760483454259949	0.398320697485046	0.400650061498718	0.54070580441864	0.398869561620789	0.367651786230164	0.065606263403015	0.42167812851532	0.56599758164032	0.27736212851532	0.42167812851532	0.388874528136414	0.42284767860907	0.491069137726257	0.423156217976257
MT1M-cg07229186-16-56666575	-0.462843665674133	0.327401839086609	0.790423673315124	0.351332015112	0.505599257482605	0.316833423070984	0.372722601232605	0.0059085365353394	0.382815371191101	0.42416962473114	0.188326471532898	0.487398897192078	0.998952920019226	0.355306164526062	0.220815540746765	0.390150635290222	0.673912164770203	0.425998826208191	0.455703210363464	1.0754440663205	0.434579616552429	0.305666033666687	0.402312197607117	0.315733968786316	0.301801656774597	0.370666746313171	1.06093664224823	0.0550036176510619	0.449190188329773	0.780283985021667	0.423240152685242	0.975524038061218	0.442788244115906	0.863850137182312	0.389529219152527	0.718550129491882	0.33780942160614	0.402142280065613	0.782294876134949	0.566704742895203	0.453811125707703	0.512673337865906	0.713887514013367	0.171933866552429	0.0908557699337769	0.63030091782196	0.417893938940125	0.457571481115417	0.566942947851257	0.313970765661316	0.768655170385437	0.285331334875183	0.845678553991394	0.599846005590515	0.312731319067078	0.306792334753113	0.414163577001648	0.585309232641296	0.411476780248718	0.523272965673523	0.308698824255066	0.713256941198425	0.172589822240906	0.55176462082489	0.824660061620788	0.200582660070496	0.315662903295593	0.402518267309265	0.311529010229187	0.524769767431335	0.45049299204071	0.362848469213562	0.42167812851532	0.63576508164032	0.20759462851532	0.42167812851532	0.793360087675476	0.248173238148132	0.42583269726532	0.41710456451532
MTHFR-cg17745097-1-11863365	-0.323606713037415	0.433103791723328	0.116077625951843	0.381476967748718	0.518398210119324	0.434541375707703	0.398957553869324	0.425512489172058	0.40495632382782	0.234010577367859	0.306470424169617	-0.00855715017120356	0.508512872655945	0.397347117162781	1.01305049338348	0.416280587926941	0.101696117406921	0.42219777884491	0.441425163000183	0.418264018957214	0.459785569189148	0.575033986303406	0.405690150243835	0.392873921423035	0.430051609411316	-0.12732330105011	0.425353594884949	0.549575570287781	0.439173140966492	0.473634937658386	0.428217105321961	0.421163990697937	0.191382196752625	0.421265089819031	0.455791171789246	0.673867082128601	0.405626374242859	0.378888232702332	0.0218318287716675	0.557822695531921	0.493902078344421	0.747062290502625	0.422587466650085	-0.098061180810852	0.838832722570496	0.387444870458679	-0.387521108423157	0.178106433752136	0.0952769004879762	0.426471718298035	0.438053123022156	0.393588287511902	0.260553506628113	1.01592095822723	0.440103271703796	0.427839287389832	0.501537529638367	-0.112740814721985	0.411048732885437	0.526724918310242	0.429676776891785	0.542160893835144	0.314468774877624	-0.0306744265383911	0.331574014257507	0.604913612707214	0.518897855932312	0.413075219945984	0.424003962865906	0.410313720068054	0.477856944677429	0.0587724218502808	0.42167812851532	0.41286508164032	0.43049462851532	0.42167812851532	0.216858685175476	0.892554835648132	0.40728029476532	0.43565696701532
MTUS2-cg18091046-13-30077344	0.463603600561218	0.359476105321961	0.906538939550476	0.120669281347351	0.117371523717957	0.374506689306336	0.357421867467957	0.703326802770691	0.127229637426453	0.254374890966492	0.73454873776825	-0.171858836572571	1.11024818625458	0.403832430761414	0.963636806982117	0.460519901525574	0.438678431005554	-0.342067907556458	0.933648476598816	0.446625332555847	0.429269882787781	0.420947299902039	0.431670463842468	1.03818223502167	0.331686923009949	0.563819012548523	1.16182290848358	0.288302883886414	-0.201771545434876	0.935157251257019	0.412473418920593	1.24527730429657	0.436706510351257	0.564115403417664	0.429128485387878	0.970006395727234	0.314553687841492	0.396339546300964	0.5414941423703	-0.268415990869446	0.388786391943054	-0.158772395898742	0.905389780248718	-0.142088867212219	-0.0149859638308716	0.424798184057312	0.407474205175476	0.137967747350769	0.918392214086609	0.424210031896668	0.321658436620789	0.585119601110535	0.890679820226746	1.06923327182587	0.499860585302429	0.468570600988464	0.463434843237	-0.122537501123352	0.40958804648407	0.217173231908874	0.335455090490417	0.343295207433777	1.04501808847626	0.540167887060242	0.31489632785614	0.587093926305847	0.870502169530945	0.391127533544617	0.348415276464539	0.373054033666687	0.345570258276062	0.269500735448914	0.42167812851532	0.37261358164032	0.47074612851532	0.42167812851532	0.129792978042664	0.38382512851532	0.462207587632507	0.538436491882507
MX2-cg15281283-21-42733894	0.405702914526062	0.408485419286804	0.08057425351532	-0.229415404687805	0.5027088376828	0.727807003271179	0.4862601814328	0.139068116735535	0.431103951391296	-0.266871795068665	0.299370051733093	0.486091477392273	1.08178950021942	0.410373744726257	0.273863120946961	0.452839215490418	0.663814744970398	0.438731406408386	0.39741579056366	0.716310646520691	0.0720631967526245	0.785888613866882	0.376013777807312	0.463708548986511	0.470269236974793	0.706516326513367	0.408608222448425	0.310199197851257	0.513169768529968	0.868808565221863	0.0949257328854372	1.16554961826141	0.0263278243161012	0.386971717382507	0.424307799352722	0.878700709692078	0.409926001806335	0.300642860265808	0.544056456335144	0.571532323095398	-0.343429294092102	0.167671918066101	0.312688094213562	0.387262446752625	0.759790350133972	0.621890498022156	0.38809551914032	0.487751061315613	0.283805528051453	0.400995345861511	0.396856750585632	0.807219915075378	0.213711134191589	1.09053658579071	0.394097899267273	1.03498291495331	0.411159157201843	-0.151773187158509	0.392729360448914	-0.303541454126282	0.419088404455261	1.12351152139862	0.949621402441101	0.487658201025086	0.349119641820984	0.833397240270691	0.988511483495788	0.46046884750946	0.416896590429382	0.444603347631531	0.497381572240906	0.816248049413757	0.42167812851532	0.51901208164032	0.32434762851532	0.42167812851532	0.953036871136413	0.37276002160907	0.284475480726257	0.473243874976257
MYADM-cg06665109-19-54369436	0.420228754003601	0.316524258764343	0.510558092992859	0.0861004347897338	-0.0215603228396606	0.310479842748718	0.424703020910339	0.244397956213074	0.420760790868835	0.471968044408875	0.203923891210632	0.537972316869812	0.315641339696961	0.450426584203796	0.4797589604245	0.418840054967957	0.775816584447937	0.446351245885925	0.362286630041199	0.30711648599823	0.404845036230164	0.305810453344421	0.452060617284851	0.25823438846405	0.664801076452332	-0.246846834009094	0.301392061925964	0.464342037328796	0.468123608007507	0.331745404699402	0.447893572362976	0.311156457738953	0.41893866379364	1.16825355686005	0.428394638830261	0.645033549169617	1.23160384128387	0.427281699743347	0.533796295812683	0.00966916257293687	0.246419545385437	0.39461375754364	0.243678933691101	0.697395286230164	0.516866189611511	0.279857337499695	0.422758358617859	0.427118900793152	0.805119367528992	0.34495718533905	0.351667590063171	0.278455754552917	0.518889973669128	0.15613842526825	0.484719738744812	0.301688754430847	0.463644996679382	0.676485652319031	0.406978199926453	0.516737385351257	0.5379382439328	0.31320536087616	0.24237524191864	0.575298040502624	0.979536481298523	0.34285507974823	0.285569322973328	0.429130686987	0.420885429906921	0.29128518710907	0.457507411718445	0.713530888891296	0.42167812851532	0.63835208164032	0.20500762851532	0.42167812851532	0.472157643128601	0.218576793601257	0.473983252718445	0.375516356968445
MYADM-cg09418984-19-54369447	0.432303709692078	0.31770821445282	0.291863048681335	0.17800539047821	-0.0369553671511841	0.308993798437195	0.431647976598816	0.29701991190155	0.426819746557312	0.483852000097351	0.214809846899109	0.554927272558289	0.349529295385437	0.473253539892273	0.279432916112976	0.406602010656433	0.801626540136414	0.422878201574402	0.394893585729675	0.302719441686707	0.40202599191864	0.302544409032898	0.470162572973328	0.283884344152527	0.583761032140808	-0.249402878320618	0.329348017614441	0.724979993017273	0.487099563695984	0.304020360387878	0.459986528051453	0.307697413427429	0.418284619482117	1.08088551254852	0.443887594518738	0.701078504858093	1.23299179697235	0.422928655431824	0.58048625150116	0.519275118261413	0.374930501073913	0.638809713232117	0.411545889379578	0.68796524191864	0.546968145299988	0.577648293188171	0.418480314306335	0.415117856481628	0.854613323217468	0.616676141027527	0.302468545751648	0.289020710241394	0.639174929357605	0.154851380956726	0.363655694433288	0.295183710119324	0.460390952367859	0.678623608007507	0.408043155614929	0.520083341039734	0.363283199621277	0.366517316564636	0.159816197607117	0.621313996191101	1.076268436987	0.650223035436706	0.285809278661804	0.427233642675476	0.312955385595398	0.294793142797546	0.485855367406921	0.798967844579773	0.42167812851532	0.60800358164032	0.23535612851532	0.42167812851532	0.749422978042664	0.31216512851532	0.533867587632507	0.292977948882507
MYADML-cg04131969-2-33951647	0.00693426376922612	0.421922768529968	0.077289602758484	0.0333529445553589	0.516972186925964	0.333117352514343	-0.467483469324036	0.0130704659786988	0.45204930063446	0.2555225541745	1.13222740097626	0.594867826635437	1.13028284946259	0.0266880939694215	0.278588470190125	-0.423697435266418	0.548773094213562	0.44844675565155	0.536121139806824	0.490455995763855	0.386816545995789	1.22891096311005	-0.0432128729495239	0.485660898229675	0.315093586217957	0.403709675756531	0.312498571691589	0.575968547094421	-0.311454882226868	0.373004914465027	0.0841860821286012	0.330473967504578	-0.0243288264407348	1.17232806662567	-0.468629851404114	0.226304058935242	1.1854593510495	0.439234209508972	0.371300805578308	-0.282496327661438	0.419973055151062	0.767691267309265	0.664472443456726	-0.0960162040042113	0.857766699377136	1.10849484726532	0.139169868383484	0.443763410558777	0.888780877294617	1.25053069510468	0.509261099828796	0.934684264318543	0.805993483434753	0.187264935033875	0.480363248510437	1.01639226419647	0.465608506445007	0.271227162084656	0.411975709692078	-0.398642104883118	0.327847753698425	0.325759870641785	0.185460751684265	0.0904395502682495	1.14722799106415	0.792976589513855	0.824973832738953	0.451390196752624	0.581188939672546	1.17383569687469	-0.29105607851593	0.557958398656921	0.42167812851532	0.47692608164032	0.36643362851532	0.42167812851532	0.715338478042663	0.51099662851532	0.335036087632507	-0.178030614117492
MYO15A-cg02458237-17-18061763	0.488255322729187	0.430550827489929	0.117283661718445	0.22561600351532	-0.314814754114075	0.429827411474304	0.430853589635925	0.58083152493866	0.443449359594421	-0.23755638686554	0.309731459936218	0.260238885595398	1.15162390842255	0.334863152929382	0.278965529150085	0.482686623693543	0.574582153173523	0.448509814611511	0.398523198766785	0.427427054723816	0.46652260495575	0.420627022070007	0.414241186010437	0.690849957189636	0.421337645177917	-0.00125226528350836	0.40898763065155	0.619084606054382	0.506063176733093	0.418738973424988	-0.364702858911438	0.427722026464539	0.486295232519226	0.414240125585632	0.401829207555847	1.0594401178952	1.25657241000946	0.477070268468933	0.715658864538269	0.632847731298523	0.487934114111023	0.787792326269226	0.328491502416687	-0.0886831450442503	0.0235487583370972	0.390255906225281	0.488238927343445	0.0353654695187378	0.575551936254578	0.560161754064636	1.24412315878876	0.418792323278503	0.180182542394714	0.287973993993835	0.611044307470398	0.423877323156433	0.513419565404968	0.417063221044617	0.443408768652039	-0.295269045923157	0.412113812658386	0.439630929601746	0.290856810644226	0.28392360922821	0.702056050024109	0.016616648473816	0.419928891698914	0.442371255712585	0.421271998632507	0.415188755834656	-0.264053019555969	0.462163457616882	0.42167812851532	0.16740008164032	0.67595962851532	0.42167812851532	0.370671151995789	0.480098302468445	0.621424761585632	-0.175934329164368
MYO15A-cg09161412-17-18057145	0.576626286596375	0.436282791357117	0.550740625585632	0.583565967382507	0.588665209753113	0.439152375341492	0.527975553503113	0.505175488805847	0.520497323461609	0.292899577001648	0.303138423803406	0.469242849462585	0.407429872289734	0.55240411679657	0.297781493017273	0.0898405875607299	0.43637111704071	0.190358778478699	0.401378162633972	0.418215018591003	0.520379568822937	0.413172985937195	0.564141149877625	0.368648921056824	0.596528609045105	-0.126283301416321	0.455096594518738	0.14854256992157	-0.0327718593997193	0.421320937292175	0.52985910495575	0.435011990331726	0.533502196386413	0.42911108945282	0.522034171423035	0.24216008176239	0.424875373876648	0.528056232336121	0.350094828405457	0.67091369516571	0.31181607797821	0.0133982901364135	0.332787466283875	0.122603818822937	0.0448267222042847	0.402739870092468	0.522499891210632	0.262039433385925	0.134765900121765	0.420021717931824	0.434384122655945	0.394735287145691	0.610268506261902	0.276870957861023	0.417111271337585	0.422476287023621	0.530243529272156	0.141683184911804	0.520251732519226	0.614562917944031	0.422399776525574	0.424367893468933	0.299429774511414	0.665538573095398	0.320863013891296	0.0180686123410034	0.407235855566101	0.506475219579773	0.422791962499695	0.552802719701843	0.566193944311218	0.17898342148407	0.42167812851532	0.46702608164032	0.37633362851532	0.42167812851532	0.261659788636414	0.36558493910907	0.619708398226257	0.480418957476257
MYO15A-cg10373003-17-18057079	0.430795613622742	0.406430118383484	0.851642952612	0.465021294408875	0.49297653677948	0.395935702367859	0.40670888052948	0.539662815832214	0.433298650487976	0.271960904028015	0.264705750829773	0.487707176488953	0.495939199316101	0.388219443822937	0.24335982004364	0.389204914587097	0.735477444067078	0.290520105505066	0.380917489660339	0.901047345617371	0.347179895849304	0.385457312963562	0.383911476903992	0.401045248083191	0.487868936071472	0.215320025610046	1.1670609215451	0.111036896947937	0.482504467626648	0.390452264318542	0.404468431982117	0.556684317358093	0.408766523412781	0.386100416479187	0.416048498449402	0.425942408788757	0.648028700903015	0.401737559362488	0.490880155431824	0.540695022192078	0.242276405004578	0.771329617162781	0.304011793310242	0.631863145849304	0.555233049230652	0.348764197118835	0.394729218237	0.295104760412292	0.551220227148132	0.384977044958191	0.429198449682312	0.464279614172058	1.00610983328827	0.23964728488739	0.456559598363953	0.397839614049988	0.456305856298523	0.264350511938171	0.393732059545593	0.526670244970398	0.385893103551941	0.3759182204953	0.250318101537781	0.543116900121765	0.539905340917664	0.0104849393673706	0.450131182592468	0.42677154660614	0.989906289526062	0.59286404672821	0.477165271337585	0.827085748510437	0.42167812851532	0.50817658164032	0.33518312851532	0.42167812851532	0.963728903675476	0.307446054148132	0.45868451326532	0.38425274851532
MYO15B-cg22287064-17-73584070	0.413360852514343	0.421997357275086	-0.000503808496398916	0.372378533300476	0.273690775671082	0.32710594125946	0.408107119421082	0.00941005472381595	0.390753889379578	0.439794142919617	0.756481989721374	0.447497415380554	0.335289438207703	0.406437682714539	0.189940058935242	0.406033153478699	0.642726682958679	0.288934344396668	0.318838728551941	0.317187584508972	0.437619134740906	0.316397551855164	0.435133715795593	1.03857248697479	1.12591717496307	0.601703264501648	0.427578160436707	0.570604135839539	0.32931170651825	0.477732503210144	0.178976670873718	1.21206555624969	0.449087762304382	0.316154655370789	0.395963737341003	0.274110647680359	0.329703939794617	0.428104798254089	0.550103394323425	0.105372261083679	0.460594643896179	-0.0330021439456176	0.726423032201843	0.626592384740906	-0.0790187118777468	1.18873743601044	0.442896457128601	0.423817999303894	0.942738466039734	0.319446283849793	0.331843688573914	0.56712485306366	0.601188072179871	1.07457152377899	0.314159837255554	0.595163852941589	0.451620095190125	0.668978750829773	0.420361298437195	0.521553483862	0.318951342443542	0.441733459386902	0.207342340429382	0.512138139013367	0.214227579809265	0.441379178258972	0.34950442148407	0.395310785497742	0.314044528417664	1.08947028561981	-0.254806489770813	0.904907987402038	0.42167812851532	0.59668858164032	0.24667112851532	0.42167812851532	0.433988605034851	0.311439755507507	0.413714214624695	0.465148165874695
MYT1L-cg22511877-2-1942942	-0.378645822778625	0.391545681982117	0.0330505162106324	-0.374518141992493	0.375303100378113	0.716262265966492	0.433009444128113	0.528148379430847	0.446685214086609	0.440282467626648	0.614318314428406	0.534034740087586	0.390355762914734	-0.34165099257843	0.325788383642273	0.43085047818573	0.48528800766571	-0.337195330896301	0.665946053258972	1.205939909216	-0.252738540552063	0.803907876562195	-0.0848969594973754	1.10315681168182	1.20029449967011	0.171824589208679	0.350970485143738	0.47989646054657	-0.333220968774719	0.354036827917175	-0.26098600441925	0.298823880956726	-0.522909912988586	1.15236898007782	-0.344375937951965	0.94676397238739	0.326632264501648	-0.454704877038879	0.688341719030457	-0.320180414209289	0.37831496860321	0.727758180761414	0.624962356908874	0.699933709447937	0.167373612829285	0.370201760717468	-0.500633218164367	0.0622903240109253	0.0417237907467652	1.17546260855682	1.15128701328094	1.13437417777069	0.0951813968869018	0.617994848486023	0.457633161962585	0.859954177648621	0.146884419897156	-0.0524869244631959	0.373467623144226	-0.427351191430969	1.21984166715057	1.19964678409393	0.597688665136413	0.411306463720398	1.1044629045163	0.803845502966003	0.782820746191101	-0.076938889795227	1.18167685312469	1.07484861032684	0.519583834936218	-0.0303146878909302	0.42167812851532	-0.15079891835968	0.99415862851532	0.42167812851532	0.636062605034851	0.845575755507507	0.211640214624695	0.154683091874695
NA-rs10796216-NA-0	-0.00740428457061759	0.764142220190125	0.93409305441864	-0.355376603784485	-0.418689361413879	0.8944618041745	-0.10947701766388	0.146944917638855	0.483645752294617	0.445946005834656	0.207465852636414	0.242114278295593	1.24337230112274	-0.399281454370422	1.11689892185028	0.470114016393738	0.901004545873718	-0.411609792688294	0.29939359146698	0.411875447424011	0.0778719976559449	0.333367414770203	-0.417939421289368	1.04130234988983	0.368328037878113	-0.213145872583313	0.317374023351746	0.748448998754578	0.0394185694332886	0.766048366125183	0.485721533788757	1.25003741916473	-0.0624513747805786	1.25820551828583	-0.454722399743958	1.0022225105954	0.318156802709656	0.446086661169128	0.343666257238464	-0.325779876001282	-0.481321493188782	0.790161718969421	1.17391289511688	-0.187342752344055	0.858058151037292	1.22753029892548	0.43395732004364	0.595532862218933	0.014638328954773	1.26043214676483	1.25389055148895	0.295956715978699	1.00973593509491	0.181847386694031	1.24863670017059	0.512410715856628	0.483051958105164	0.231739613744812	0.431036161352234	-0.342131653222962	0.746659205358582	1.15757332230194	0.637055203344421	0.0246430019284057	1.1498094427243	-0.0325979588259887	0.309164284399109	-0.0339933515872192	1.2507513913327	1.19994414853485	0.071307373144226	0.277388850317078	0.42167812851532	0.40272058164032	0.44063912851532	0.42167812851532	0.764011051136414	0.50794220160907	-0.138013339273742	0.338061694976257
NA-rs10936224-NA-0	0.0805196133786011	1.30099211813934	0.883660952367859	-0.138510705835266	-0.312199463464661	1.05567870212372	-0.151417119714661	0.982757815588074	0.0605326502438354	0.403244903783875	0.326185750585632	0.119811176244812	0.41652619907196	-0.0518865564212036	0.3030728197995	-0.281214085657044	0.078286443822937	-0.267604894739075	0.421289489416199	1.21938734537323	-0.204313104394837	0.781986312719421	0.479665476659851	0.74754424783905	0.962673935827331	-0.100005974634094	1.24292792130096	0.398990896703796	0.519318467382507	0.647120264074402	0.238330431737976	0.498071317113953	0.38855352316864	1.23928341623505	-0.323655501794739	0.266075408544617	1.24270370065887	-0.386129440881653	0.438963155187683	0.585796021947937	0.0550354047604371	0.82181861691864	0.313101793066101	-0.0708178543948365	0.845532048986511	1.20512419687469	0.465636217992859	-0.236877239831848	0.121603226903992	1.25954104471405	0.423718449438171	0.428364613927917	0.982090833044128	0.891429284643249	0.506339598119812	1.19134161380585	0.433311856054382	0.112889511694031	-0.407639940698547	-0.175160755273743	0.8457661033078	1.17979422025116	0.26238610129364	0.387964899877625	0.398226340673523	0.16287593912323	0.926574182348328	0.455974546361999	0.486768289281921	1.18625804648407	0.139922271093445	0.688295748266296	0.42167812851532	0.21924458164032	0.62411512851532	0.42167812851532	0.686401219128601	0.927461369601257	-0.574050171281555	0.161272780968445
NA-rs11034952-NA-0	-0.374238444482727	0.464542060278015	0.0814978945065307	0.0777342363034057	-0.337162521325989	0.41302164426239	-0.382945177575989	0.0951727577267456	0.492640592382507	-0.337236154077454	0.757484692724304	0.576419118383484	0.544078141210632	-0.336671614282532	0.253696761938171	0.538844856481628	0.985532385961609	0.522688047399597	1.31947643155487	1.3323592875119	-0.438296162256165	0.854296254858093	0.580901418798523	1.09143918997772	1.239185877966	-0.139496032495422	0.431561863439636	0.794343838842468	-0.225054590478821	0.868737206213074	-0.362419626123352	1.30651525925262	-0.428064534692688	1.22264635837372	-0.054131559656067	0.201348350683289	0.400198642797546	-0.0741014987429811	0.880709097326355	-0.216746035913391	-0.407035653100891	0.859294559057312	0.775521735204773	-0.115873912256164	0.941909991125183	1.30169313901337	-0.425807839868469	0.668913702306824	0.0765291690426635	0.877731986852722	1.22522639157684	0.379192556066589	0.1558247751828	0.258865226781921	0.537238540258484	0.394769555944519	-0.358557201806946	0.766137453832702	-0.434755998559875	0.153487186864929	0.398879045446472	0.395226162389832	1.13641504343231	-0.0734281579837036	1.2280992828122	0.876869881261902	0.387932124486999	0.491861488500671	0.585022231420593	0.452840988622742	0.632788213232117	0.0610186904049682	0.42167812851532	0.20489508164032	0.63846462851532	0.42167812851532	0.588686105034851	0.786029255507507	0.259016714624695	0.133956925874695
NA-rs11249206-NA-0	-0.480027216211243	0.3158632885495	0.924666122778015	0.48571546457489	-0.439700293054505	0.663966872533875	-0.494494949304505	0.93361498599823	0.461917820653992	0.396089074194031	0.613280920995789	-0.345951653345032	1.04870236948212	-0.449637386011047	1.09961299020966	-0.484664915246887	0.410205614233093	0.493042275671081	1.22385965982635	1.06694151578339	0.40492006601532	0.765808483129578	-0.118128352929993	0.472915418249207	1.09820810623749	-0.143348804223938	1.23295509171112	0.304239067113953	-0.425614362207337	0.383853434484558	0.469782602148132	0.296921487524109	0.402443693578796	0.290112586645203	-0.488674331384582	1.04149657895477	0.340553871069031	-0.515102270471497	0.844099325597839	0.548567192358093	-0.516484424829407	0.773097787328797	0.642911963476257	0.61092031601532	0.331266219396668	1.15780836728485	-0.174365611596985	0.576808930578308	-0.029024602685852	0.296844215124207	0.433891619848328	0.265982784338074	0.932723003454285	0.150687455053406	1.22761776852997	0.290591784216003	-0.484232973535461	-0.253634317895813	-0.218537770288391	0.513826415136414	1.17806727371796	1.23802839066132	0.157697271703796	0.754650070287781	0.361495511083679	0.832361109533386	0.756124352758484	-0.427205283227844	0.970084459692078	1.23285521689423	-0.407442558496399	0.885161918676453	0.42167812851532	0.0314495816403198	0.81191012851532	0.42167812851532	0.497287728128601	0.614585878601257	0.191408337718445	0.350386271968445
NA-rs1414097-NA-0	0.114315689794617	0.513540194555359	0.138706028783875	0.0705323705807495	-0.296413387048645	1.33515477853973	-0.0135670432986452	0.566816892004089	-0.330880273340149	0.58553498019989	0.757458827001648	-0.154061747339172	0.432630275487976	-0.288939480005188	0.295997896215515	-0.00300700924102787	0.999186520238953	-0.00249181832305911	1.32993756583221	1.33000842178925	-0.384980027978821	0.454484389135437	-0.300882446924133	0.411205324255066	0.454469012243347	-0.0936478982180786	1.31324599771698	1.07622797311981	-0.277713456201477	0.910627340490417	0.188156508153992	1.29690239352997	-0.385574400415344	0.443088492651062	-0.336136425378723	1.14422848496063	1.34236977707489	-0.353026364465637	0.0452672316036987	-0.205414901636047	-0.361436518823547	0.314781693334656	0.360417869482117	-0.0496767779788208	0.463882125402527	0.44697527329071	-0.381134705591125	0.244098836584167	0.135152303320007	0.452344121130066	0.506219525854187	0.650120690343933	0.200083909460144	1.16553636105927	1.33932167453583	1.17599969022186	-0.334695067529602	-0.0969044118899537	0.519886135717468	0.616450321142273	1.33732317972382	1.27143029666718	0.300834177709656	-0.0153120237063599	0.745890417089539	0.859055015539246	0.984671258764343	0.503761622778015	1.32995136569794	0.461996122900085	0.16495634750946	0.078175824682312	0.42167812851532	0.0320800816403199	0.81127962851532	0.42167812851532	0.400587605034851	0.970208755507507	0.447115214624695	-0.0639971951253052
NA-rs1416770-NA-0	0.394063103857117	0.863810608617859	0.00176444284637461	0.423076784643249	-0.507949972986145	0.640390192602234	-0.0335646292361452	0.861426306066589	-0.310059859277649	0.41936239426239	0.124829241064148	0.525763666723328	0.730874689550476	-0.501952065942688	1.03559031027801	-0.539219595178528	-0.120926065698547	0.422392595739441	1.15555397989471	1.17229783585175	-0.611113613916321	0.791179803197937	0.405631967138367	0.187585738317566	1.16273842630585	0.199786515844421	0.21673641177948	0.898622387182312	0.451102957861023	0.229872754552918	-0.444426077783508	1.16662880759247	0.346247013647156	1.16984190671356	0.379367988683777	0.977065899023132	1.17277119113739	0.363160049596863	-0.176583354333801	0.526036512426453	-0.577075104761048	0.704064107397156	0.648365283544617	0.663842636083679	-0.0665674605349731	1.14065968735321	-0.591047291528625	-0.435347749353333	-0.0801232826174927	0.235000535192566	1.08877893991669	1.14689710440643	0.919756323522644	1.03385177512177	0.695513088598328	1.17454310428436	-0.549055653467102	0.197667002172546	0.331698549779968	-0.478812264795227	1.17843659378632	0.708065710729675	0.174496591772156	-0.24183360964386	0.676978831152039	-0.180460570398254	0.721719672826843	-0.0728249631594849	0.716763779760437	0.219126536962585	0.47276176157196	0.817484238744812	0.42167812851532	0.34496558164032	0.49839412851532	0.42167812851532	0.639136105034851	0.847332255507507	0.208566714624695	-0.760768608125305
NA-rs1495031-NA-0	-0.00904950832550039	0.804027996435242	0.435721830663757	-0.412304827539368	-0.393434585168762	0.348008580419617	0.502488758581238	0.602011693883972	-0.443304471460266	-0.408022217920227	0.860189628881531	-0.301219945459289	1.27677107736786	0.0507283218746949	1.1483756980954	-0.0915912073611449	0.405446322118835	0.542486983556824	0.724898367712097	0.341832223669128	-0.500744226098938	1.28753119101532	-0.0115566450442504	0.687109126134949	1.28399581412323	0.222118903661804	0.738712799596863	0.496090774999695	0.571137345678406	0.7419031423703	0.518178310033875	0.340323195409851	-0.0528225985354613	0.737079294530945	-0.0039606234988403	1.09511828684052	0.334044578954773	-0.107235562585754	-0.0625359665164184	0.646643900243835	0.460542283056335	-0.133187504785461	0.531840671362	0.227284023901062	0.38886992728241	0.719498075170593	0.0650570962887576	-0.32474336153595	0.54842510519989	1.29762192300995	0.73360032773407	1.26326049222382	0.518503711340027	0.192063162939148	0.73818947641571	0.337482492101746	-0.0298452656497192	0.737558389989929	-0.0866540624026488	0.563598123022156	0.341156981603699	0.729911098547058	0.207091979589539	0.815103778173523	0.847365218969421	-0.0761981825808715	1.28782506064423	-0.060640575342102	0.73360816757782	0.325395924779968	0.0545291493893432	0.397233626562195	0.42167812851532	0.19960558164032	0.64375412851532	0.42167812851532	0.651433916628601	0.861123067101257	-0.287159473781555	0.196240083468445
NA-rs1510480-NA-0	0.426930518652039	1.20645702341278	0.878413857641296	-0.0807568005618285	-0.452584558191223	1.20906260739716	-0.239502214441223	0.897200720861511	0.414870555517273	-0.437855190942688	1.07928465585907	0.54399108151825	0.259192104345398	-0.0688926511477659	0.123488725072937	0.408546819616394	0.223053349096375	0.450666010534363	0.388860394689636	0.260499250646668	-0.154185199121399	0.675765217992859	-0.0459836180667113	0.218487153112488	1.18975084110077	0.656409930639343	1.1628068265744	0.191773801977234	0.404763372655945	1.18842016934784	0.405438337011414	1.16189122238739	-0.132942571557922	0.342981321508484	0.403500403478699	0.955737313818054	1.17109160593231	0.388928464391785	0.801522060461121	0.550973927221375	-0.250786689966125	0.720362522192078	1.11040769833954	0.682049050878601	0.802801954259949	1.14169910214813	0.380277123266296	0.531816665441589	0.877363132177429	0.676719949987488	1.10323835471161	0.426930519201355	0.952820738317566	0.119208189916687	0.40084550339325	0.936446519079285	-0.49370823867218	0.125426416967468	-0.57034103542511	-0.458679850000305	1.17143200858124	0.256927125524597	1.02160100656708	-0.208832194848938	0.227548245946961	-0.153713155603333	0.680425087621765	0.396845451635437	1.01996619455536	1.18309795175751	-0.434166823633118	0.828258653539734	0.42167812851532	0.0542890816403198	0.78907062851532	0.42167812851532	0.763697978042664	0.48442712851532	0.361605587632507	-0.187971544117492
NA-rs1520670-NA-0	-0.00493470205108637	0.805852802709656	0.855364636938171	0.458590978735046	-0.426037778894348	1.16055338669403	0.0471315648556517	0.846574500158386	0.00949233481414796	-0.340340411645813	0.186115435155945	0.523722860815125	0.783093883642273	0.409296128149109	0.155102504369812	-0.374401401086731	0.61540012839325	0.439943789831238	1.10898317398651	0.325462029943543	-0.492663419824524	0.782233997289734	0.412078161230164	0.783535932409363	0.636341620397644	-0.218945290063782	1.20079660587128	0.936163581274109	0.42955015195282	0.306478948644714	-0.0776528836917115	1.15823200168427	-0.510236792261047	1.18959810080536	0.383216182775574	0.978496093114929	1.16578038522919	-0.50285575631134	0.799606839757996	-0.27242729348175	-0.480828910669251	-0.102823698511047	0.699065477636414	0.667112830175476	0.461018733556824	1.13089588144501	0.0110259025631714	-0.346861555261536	0.00765991147430417	0.792732729284363	0.349911134008484	1.06457329849823	0.901762517614441	1.05100496921356	1.11663828269012	1.09382129837616	-0.427593459375305	0.0935631962643432	0.362813743871765	0.38937092929657	0.817497787878113	1.15256590482147	0.149127785863953	0.334815584447937	1.05423702524384	-0.0653043763064575	0.92049486691864	0.372032230932312	0.406898973852234	1.11548373105438	0.115774955663757	-0.057828567163391	0.42167812851532	0.35917658164032	0.48418312851532	0.42167812851532	0.235322834128601	0.900555984601257	-0.194428556281555	0.612351165968445
NA-rs1945975-NA-0	0.375441445776062	0.236098950536804	0.82244978476532	-0.543646873437805	0.4068823689328	0.916373534521179	-0.5790982873172	0.844605647985535	0.361010482641296	-0.477954263818664	1.03016358298309	0.499687008642273	0.395794031469421	-0.0972327240237425	0.94660765219696	0.349555746740417	0.790885276220398	0.395368937658386	1.13505732181366	1.07528717777069	0.299528728002625	0.808494145116882	0.386563309057312	1.10009208023651	1.13923976822479	0.604064857763367	1.14489075369843	0.302255729101257	-0.347954700220032	0.875430096471863	-0.058765735864563	0.220035149511414	0.316894355566101	0.310881248632507	0.347927330602722	0.0179232409420778	1.14094653305634	-0.601771608484192	0.742071987585144	0.498712854345398	-0.576386762842102	0.660335449316101	0.607458625463562	0.630573978002624	0.366054881383972	0.234857029272156	0.32619705039032	-0.290647407434387	0.819256059301453	1.15221587711151	1.14538328183563	0.187698446325378	0.897372665441589	0.0676631170407104	0.405902430517273	1.14756944620331	0.360202688451843	0.543151344091492	-0.0951301083010861	0.0543750771237181	0.770639935705261	1.06153805264862	1.0185629336911	0.0326277322750854	0.729821173070984	0.698016771520691	1.15028201474579	0.34272037875946	1.07585812167938	1.12878087888153	0.435255103490906	-0.101866419336243	0.42167812851532	0.65118308164032	0.19217662851532	0.42167812851532	0.581233105034851	0.739993255507507	0.266469714624695	0.201994891874695
NA-rs2521373-NA-0	-0.504006396142883	0.777446108617859	0.850777942846375	-0.207552715356751	0.436652527013855	0.818656692602234	-0.100795129236145	0.863436806066589	0.282674640722351	0.42249689426239	0.153350741064148	-0.374371833276672	0.640148189550476	-0.476775565942688	1.04549381027801	0.379497904821472	-0.0932615656985474	0.419258095739441	0.247528479894714	1.17603833585175	-0.00286511391632072	0.251986303197937	0.395017467138367	1.13064023831757	1.16728292630585	0.640839015844421	0.64696691177948	0.899022887182312	-0.458353542138977	1.16116625455292	-0.0676935777835082	0.270653307592468	-0.144720486352844	1.17715340671356	0.373886488683777	0.0552553990231323	1.16919369113739	-0.258560450403137	0.326510145666199	-0.386997987573547	-0.107671604761047	0.183806607397156	1.08982878354462	0.664738136083679	0.740115039465027	0.22124218735321	-0.564048791528626	-0.238270249353333	-0.0537147826174928	1.18413103519257	0.334182439916687	0.455749604406433	0.917843823522644	1.03330727512177	1.16002358859833	0.456661604284363	0.392345846532898	0.621782502172546	-0.553056950220032	0.424919235204773	1.17653009378632	1.17217921072968	1.04434409177216	0.69165289035614	0.156730331152038	-0.153778070398254	1.17917417282684	0.380629536840515	0.712813279760437	0.630199036962585	0.40673326157196	0.812147738744812	0.42167812851532	0.0584060816403199	0.78495362851532	0.42167812851532	-0.0392064478245239	1.08587270264813	0.43073316176532	0.41220410001532
NA-rs2857639-NA-0	0.464358614233093	1.23457611899384	0.00537095322235109	0.134118295019226	-0.377306462610168	0.360712702978211	0.401176881139831	0.830609816442566	-0.247206348901672	-0.421010095361633	0.200648751440124	0.480265177099304	1.18007019992645	-0.413477555566712	1.10105482065399	-0.402089084802551	-0.00742755532257083	0.490052106115417	1.13328649027069	0.459810346227722	0.160351896459656	0.890718313573914	0.445301477514343	0.283772248693543	0.530202936681824	-0.229418973779602	1.21626592215546	0.0784038975582885	0.475545468236999	1.18136026492889	0.433366432592468	0.392045317968445	0.409118524023132	0.418884417089539	0.390171499059753	0.194352409399109	0.341129701513367	-0.458620440027161	0.427994156042175	-0.268993977197571	0.418871405614929	0.748176617773132	0.796658793920593	-0.0714578535403442	0.844984049841004	0.291999197729187	-0.412924781152649	-0.345789238977356	0.00531522775848386	0.861591045568542	0.319911450292664	1.20629861478241	0.94988883389862	0.177901285497742	1.1687415989743	1.12710461466034	-0.456498143091126	0.604948512548523	-0.154510939844055	0.18361524558075	1.21573310416229	1.23469722110565	1.08628910214813	0.767097900732117	0.660693341528015	0.762711939977722	1.16352618320282	-0.482813452783508	1.15204729013641	0.423665047338562	0.506347271947937	-0.0406372508792114	0.42167812851532	-0.10707041835968	0.95043012851532	0.42167812851532	0.249160105034851	1.25421525550751	0.598542714624695	0.0858154708746948
NA-rs3818562-NA-0	-0.461546722192688	0.427724782568054	0.87898661679657	-0.107564041406555	0.50095020096405	0.321290366552429	-0.40052545528595	0.952475480016785	-0.0170476853274537	0.501666568212585	0.195149415014343	-0.324956159326477	0.481244863500671	-0.424726891992493	0.16971148422821	-0.416434421228333	0.421216108251648	0.509307769689636	1.24205215384491	0.309524009801941	-0.525310439966126	1.25401297714813	0.502321141088562	0.479472912267761	1.24705960025604	0.656013689794617	0.396694585729675	0.681608561132507	-0.287763868188782	1.21764792850311	-0.0371229038333128	1.25624998154266	0.433027187597351	0.422540080663757	-0.0766688373660278	0.208202072973328	0.333297365087585	-0.0419037764529419	0.855088819616394	0.617974686376648	-0.497080930810852	0.790012281347351	0.669037457494812	-0.196841189966125	-0.0790002865847778	0.345200861303406	-0.50762611757843	0.432829424596863	-0.0129131086672973	0.794246709142761	0.440671113866882	0.283435278356628	0.0649814974728394	0.16979294907196	0.309347262548523	0.311653278234558	0.478979520483093	0.701666176122742	0.429135723730164	0.533062909154968	1.26509676773651	0.469728884679871	0.176143765722351	0.0719545643063355	0.987514005102234	0.742666603551941	1.25795684677704	0.40412321079071	1.02641995371063	0.303283710912781	-0.260631064477844	0.902963412695007	0.42167812851532	0.64224508164032	0.20111462851532	0.42167812851532	0.212407529128601	0.794484679601257	-0.119960861281555	0.635266470968445
NA-rs3936238-NA-0	-0.348354546899719	0.504395957861023	0.108875792089539	0.618083133886414	0.591827376257019	0.439897541845398	-0.362750279992981	0.117969655309754	-0.272744510034485	0.617656743505554	0.316892590307312	0.729366015966492	0.55201903879364	0.0933602833004761	1.22926665952118	-0.357353245935364	0.469521283544617	0.620040944982605	0.576421329137878	1.36722218509491	-0.411503264673157	0.858742152441101	-0.260545683618469	1.14262308756073	0.424315775549011	-0.114071134912415	0.416438761022644	0.424102736425476	-0.288763692895813	1.36596410379608	-0.346297728540344	1.34649715683563	0.54778536289032	1.26289925595673	0.060163337926941	0.260583248266296	0.421740540380554	-0.0111326011599731	0.891556994909363	-0.187699138330383	-0.384733755517883	-0.0488065433596801	0.339543632787781	0.734289985326843	0.977511888708191	0.412379036596375	-0.393891942285461	-0.163229400110169	0.110354066625671	0.79797388443573	1.22577128915985	0.393138453649597	0.221850672765808	1.18878012436493	0.427692437841492	0.422990453527527	0.585465695776062	0.81350935141571	0.541962899023132	-0.291346915552063	1.37444394302948	0.422260059972839	1.23826094101532	-0.0499622604006958	0.323363180395203	0.954886778844909	0.417520022070007	0.501749386083679	0.420840129003601	0.41539188620575	-0.188100889184876	0.972690587987976	0.42167812851532	0.16506608164032	0.67829362851532	0.42167812851532	0.237273105034851	0.871290255507507	0.610429714624695	0.222475641874695
NA-rs4331560-NA-0	-0.345730290674133	0.536234214086609	0.188519048315125	0.128486390112	-0.308653367517395	1.38298679807098	-0.0257680237673951	0.120866911535339	0.505844746191101	-0.24455400026886	0.740948846532898	-0.210470727807922	0.605331295019226	0.117265539526062	1.08544591574677	-0.298532989709778	1.0213575397702	0.624723201208191	0.608868585363464	0.605712441320496	0.0146209915524292	0.426754408666687	0.0589875726071168	0.380590343786316	0.552471031774597	0.832706121313171	1.36684201724823	0.417982992651062	-0.159546436670227	0.425324360021668	0.127069527685242	1.30649441306122	0.0391476191159058	0.541043512182312	-0.354619405847473	0.228600504491882	1.34139679660614	0.0554786550656128	0.452356251134949	-0.212813882104797	-0.384496499292297	0.859870712865906	0.339671889013367	-0.0867417584475706	0.0361131449337769	1.29946029282196	-0.392549686059876	-0.241837143884583	0.136101322851257	0.888547140661316	0.429886545385437	0.399947709875183	0.179088928991394	1.23159038059052	1.35821369406708	1.08237670975311	-0.352184047998352	0.329650607641296	-0.000601844751281777	0.642055340673523	0.523314199255066	0.429402316198425	1.16066619724091	0.64107199582489	1.26622343662079	0.882878035070496	0.862146278295593	-0.378178357690735	1.36688638522919	0.511912142431335	-0.26695363295929	0.069800844213562	0.42167812851532	0.19852158164032	0.64483812851532	0.42167812851532	0.860332188175476	0.119286338648132	0.43521279776532	0.40772446401532
NA-rs472920-NA-0	0.427931374364929	1.21010087912567	0.870887713354187	-0.498500944848938	0.464672297521667	1.20656046311005	0.406526641271667	-0.0509954234255982	-0.00959358876983657	0.443815664770203	0.36627851157196	-0.0376610627688599	0.248619960058289	-0.470233795434875	0.226210580785828	-0.459378324670715	0.574120204809265	0.454294866247253	0.769137250402527	1.12996610635956	0.358045656591492	1.19653907370575	-0.494432762353821	0.760964008825378	1.18944769681366	0.660891786352234	0.751462682287292	-0.0160653423098756	0.468018228368835	0.26052602506073	0.424088192724304	0.268685078100281	0.0159012841549682	0.780952177221374	0.149744259191589	1.00139116953094	0.255867461645203	-0.00805867989532477	-0.134948083825989	-0.323533217065735	0.389822165746765	0.331502377904968	1.11036455405243	0.687863906591492	0.417931809972839	0.237721957861023	0.375047978979187	-0.19490647884552	0.47538298789032	0.275096805700378	1.1953712104245	0.770656374914245	0.947735594030456	0.642845045629578	1.19447135910614	1.19651537479218	0.40800861704071	0.640196272680359	-0.0832161797122191	0.466530005712585	0.794804864294128	1.19283498123749	1.07151286227997	0.0901476608639525	1.08678510165985	-0.153688299890442	0.242822943334656	0.385487307348328	1.07922705026825	0.244240807470398	0.462215032079773	-0.0607054907473756	0.42167812851532	0.19991158164032	0.64344812851532	0.42167812851532	0.106885123675476	1.26082427414813	0.25320073326532	0.58973652851532
NA-rs4742386-NA-0	-0.34915344545929	1.32469405930145	1.00759689352997	-0.00090776467315673	0.632863477697449	0.437781643285828	0.146481821447449	0.120307756750183	0.517199591405945	-0.326809155054016	0.761080691747742	-0.0831958825930785	1.34196014023407	0.257914384740906	1.22850076096161	0.038524855505066	0.0789593849850465	0.610231046423035	0.616408430578308	0.417997286535339	-0.401850163232727	0.427307253881531	-0.31471458217804	0.37311718900116	1.35392587698944	-0.106224033471985	0.420534862463074	1.09129383786591	-0.297220591455383	0.427179205236511	0.581566372900086	1.33472425827606	-0.359569535669251	0.414878357397156	0.567743439367371	1.16723334970673	1.34980364182098	-0.384603499719544	0.151202096349793	-0.219546036889954	-0.0505536540774535	-0.0506034419192505	0.83843773422821	0.032262086767273	0.508726990148621	0.434670138036804	0.0724621591549684	0.191103701330261	1.0291381680661	1.28808698587616	1.26976339060028	0.395482555090027	1.11664177420624	1.17088622580536	1.21857153928192	0.423125554967957	0.572557797216492	-0.10518954714386	0.203289000463562	0.597171185888367	0.43167304446991	0.414599161413269	0.72980504245575	0.186746841039734	0.812578281835632	0.102415880285339	0.412587123510437	-0.376947512475891	1.19698823044403	0.421867987646179	0.160285212255554	0.501224689428406	0.42167812851532	0.19857808164032	0.64478162851532	0.42167812851532	0.875889105034851	1.07842625550751	-0.0281862853753051	-0.523582130125305
NA-rs5931272-NA-0	0.540606763647156	0.825690268407898	0.116522102636414	0.565030444433289	0.582745686803894	1.32829385239227	0.037427030553894	0.0538929658566285	-0.25339319948761	-0.395054945947571	0.241909900854187	-0.274442673486633	0.758612349340515	-0.381125406152649	1.17850097006805	0.531972064611511	0.00581559409149179	-0.39370274447052	1.30079563968475	0.790138495641785	-0.480990954126282	0.798396462987976	0.558553626928406	1.27227539810761	0.351552086095886	0.779198175634461	0.767676071569519	0.0832450469723511	0.598416617651062	1.31426841434296	0.548010582006531	0.360840467382507	0.490213673437195	0.356455566503601	-0.427951351526184	0.157434558813171	1.31820685092743	-0.0226222906130981	-0.0466936945437622	0.674532172216492	0.0199995550289918	-0.116359232812805	0.267902943334656	-0.158011704126282	-0.0328618007449341	0.32717234714325	-0.00847963173858624	-0.0555150895632934	0.991234377172546	0.794609194982605	1.31407659970673	0.580884764196472	0.111692983312683	1.1753984349118	0.755473748388367	1.0755257640744	0.538490006322937	0.232202661962585	0.482107209570007	-0.363499605005188	1.32455325357636	0.768132370519715	1.18596425156219	-0.116986949853821	0.666894490942078	0.903234089391785	0.347079332616882	-0.449279303369446	0.351963439550476	0.776439196752625	-0.219678578638	-0.00110010146514894	0.42167812851532	0.15562558164032	0.68773412851532	0.42167812851532	0.638915605034851	0.845475755507507	0.208787214624695	0.179967609874695
NA-rs5987737-NA-0	0.53522199191864	1.32988849667938	1.0013823309079	-0.386998327295227	-0.360055084924621	0.664123080663757	0.528835258825378	1.00607719412811	-0.386975971216125	-0.371968717676086	1.18513412912567	-0.242315445215149	0.373612577611999	0.562126822118836	0.685414198339539	0.509692292882996	0.033163822362976	-0.368040516199036	1.29804986795624	1.31867772391327	0.160699274145203	1.31576169125946	-0.34784914480011	1.00609762637909	1.30818631436737	0.778950403905945	1.321083299841	0.107225275243835	-0.334462154077454	0.380141642614441	-0.372866189721985	0.393119695653992	-0.428312098291321	0.374448794775085	0.1841208767453	1.12352378708466	1.32154207919891	0.205389937658386	0.425696533727722	-0.258898599512024	0.061892783300476	0.365930995458679	1.23704417160614	0.415806524145203	0.90946442752655	0.366295575414734	-0.002407403467102	0.431056138708191	0.0729776054440307	0.816909423254089	1.23906982797821	1.28803099246796	1.05217021158417	0.232906663183289	1.31841597665985	0.563801992345886	-0.394758765405579	-0.17119810976593	0.465030437841492	-0.313704376733704	1.31912648184784	0.820045598791199	1.18792647983368	0.841663278417663	1.21043171921356	-0.0265846823367311	0.359903560888367	0.0295399249020385	0.84750266782196	0.368198425024109	-0.321294350366516	0.0238621268063354	0.42167812851532	0.17751258164032	0.66584712851532	0.42167812851532	0.636833605034851	1.78545775550751	0.210869214624695	0.184990389874695
NA-rs6626309-NA-0	0.427403709203796	1.23710821396454	0.0161170481930542	0.0286903899899292	0.504054632360535	1.24526779794891	0.0136829761105345	0.919877911413269	0.436560746069031	0.48993299960907	0.235566846410828	-0.264169727929992	0.834689294897156	0.463268539403992	1.12046091562469	0.420487010168152	0.876281539648132	-0.406547798913879	0.317536585241394	0.773600441198425	-0.305196008569641	1.22873740854462	-0.323080427514954	1.02707434366425	0.336618031652527	0.233568121191101	1.25675101712616	0.0638479925289916	0.508163563207703	1.2202743598996	0.432192527563171	1.21969941293915	0.420717618993835	0.324047512060242	-0.176228405969543	0.139346504369812	1.25154079648407	0.0150596549435425	-0.0822647489871215	0.573316117773132	-0.0708064994143676	0.781196712743836	0.686445888891296	-0.184821758569641	0.0184301448117065	0.32522729269989	-0.0415196861819457	-0.316905144006653	0.061665322729187	0.337136140539246	1.24455054526337	1.05605370975311	0.130736928869324	0.183863380468445	0.316458693945007	0.489657709631042	0.445236951879578	0.648464607519226	-0.455837844873352	0.457491340551453	0.345644199132996	1.24970331607636	0.209180197118835	-0.13911300429718	1.13126043649872	-0.0547299650515748	0.301827278173523	0.455221642187195	0.326024385107117	0.752193142309265	0.49787636691864	0.882871844091492	0.42167812851532	-0.0659229183596802	0.90928262851532	0.42167812851532	-0.0373242763245239	1.09137487414813	0.43725533326532	0.40568192851532
NA-rs6991394-NA-0	-0.350963734399719	1.24067577036102	0.954263604589539	0.524678946386414	-0.0813318112429809	0.860219354345398	0.487977532507019	0.0946664678097535	0.0366533024655151	-0.314610443994446	0.313021402807312	-0.229817171533508	0.79438185129364	0.526748095800476	1.15491547202118	0.472722566564636	0.0523500960446168	0.112944757482605	0.422818141637878	1.26596499759491	-0.449895452173157	0.827304964941101	-0.346355871118469	0.34638290006073	1.27792158804901	0.300446677587585	0.854814573522644	1.00550054892548	0.492383119604187	0.829320916296082	-0.398845916040344	0.413696969335632	-0.42316782460968	1.29247306845673	0.480386150426941	0.194268060766296	0.793656352880554	-0.398278788659973	0.451545807409363	0.608239674169617	-0.396964943017883	-0.0860897308596801	1.19739444528778	-0.114159202173157	0.454392701208191	0.736536849096375	0.0368878702145388	-0.247329587610168	0.0602918791256715	0.85721369693573	0.456487101659851	0.775815266149597	0.818202485265808	0.716227936864929	0.390507250341492	0.422083266027527	0.465337508276062	-0.17292483608429	0.00597871152313229	-0.295326103052063	0.40081875552948	0.389646872472839	0.26830975351532	0.658457552099304	0.310336992895203	0.42442059134491	1.28189783457001	-0.367431801416321	1.2590229415036	0.38672669870575	-0.271621076684875	0.918771400487976	0.42167812851532	0.32797408164032	0.51538562851532	0.42167812851532	0.962834478042663	0.75453462851532	0.0914980876325073	0.0654687608825072
NA-rs7746156-NA-0	-0.505061610742493	1.17315189401825	0.0253567282467652	-0.06285792995636	-0.471959687585754	0.726855478002624	0.0101496561642455	0.90312759146698	0.357661426122742	-0.0754743203372193	1.08599352646454	-0.370540047876281	0.446904974950867	-0.476673780542297	1.06979559567841	0.429500690221863	0.276873219701843	-0.380370118860168	0.485084265295105	1.20794412125214	-0.57273132851593	0.714755088598328	0.128068252538757	0.220211023717957	0.259820711706238	0.676481801244812	1.13607569717987	0.944023672582703	-0.453290756738586	1.21177603995331	0.0357722076168824	1.17618009299286	-0.558462700952454	0.394072192113953	0.412087274084168	1.02184218442352	1.20368647653778	0.404194334997253	0.308757931066589	0.569398797826843	0.401083180639343	0.741510392797546	1.12423456894501	0.58014992148407	0.332927824865417	1.1836869727536	-0.0984490061282348	-0.400017463952942	0.268711002782898	1.22388582059296	1.20096822531708	0.238679389806824	0.967568608923035	1.04209306052216	1.01054137399872	1.21737938968475	0.398729631933289	0.599979287572937	-0.564743164819641	-0.453091979394836	0.712142879186706	1.03412899613007	1.00508687717255	-0.208491324243469	0.682623116552429	-0.150567284997864	0.258964958227234	0.341762322240906	0.490282065160828	0.257291822362976	0.514361046972351	0.834619524145203	0.42167812851532	-0.0716884183596802	0.91504812851532	0.42167812851532	0.638410105034851	0.836880255507507	0.209292714624695	-0.336988139125305
NA-rs798149-NA-0	-0.530117350732727	0.575310154028015	0.883856988256531	-0.0207586699465942	0.467293572424011	1.21421873801239	0.417704916174011	-0.0640981485232542	0.423243686132507	-0.156606060327454	0.123709786474304	0.560157212133484	0.603715234960632	-0.119255520532532	0.469387855688171	-0.538816049768371	0.852577479711609	0.455623141149597	1.18134852530487	0.601444381261902	0.363615931493835	1.20308834860809	-0.504374487451477	0.196629283727722	1.195601971716	-0.299324938745422	1.19881395718964	0.930686932592468	-0.473507496728821	1.19608629996307	0.429945467626648	1.20515335300262	0.378768559057312	0.240631452123718	0.396998534093933	1.00948544443329	0.608457736547546	-0.569266404992981	0.226872191076355	-0.401520942163391	-0.157222559350891	0.728446652807312	1.11616582895477	0.688828181493836	-0.148006915124817	0.607364232763367	-0.183190746118469	-0.214009203943176	-0.0800387372073363	0.634993080602722	1.01339148532684	0.424590649816589	-0.0019671310671997	1.06399432053192	0.590823634008484	1.20245564969452	-0.534660108056946	0.0844215475827027	-0.587868904809876	-0.480336719385071	0.248238139196472	0.240610256139832	0.105402137182312	-0.228493064233704	0.522748376562195	0.787073975011902	1.201868218237	-0.162728417749329	0.568412325170593	0.234196082372742	0.501359306982117	-0.113134215845032	0.42167812851532	0.59689758164032	0.24646212851532	0.42167812851532	-0.0962972388245241	0.496106911648132	0.43552437076532	0.40741289101532
NA-rs845016-NA-0	-0.420039180200501	0.418074324560242	0.945115158788757	0.508847500585632	-0.350733257043762	1.24100690854462	-0.150771913293762	0.192958022008972	-0.428457143335266	-0.329751889795227	0.711358957006531	0.579239382665711	1.15625940549286	0.00948464999969489	0.273603026220398	0.470138120763855	0.433173650243835	0.0169233116818238	0.421547695837097	0.683560551794129	-0.458300897973938	0.88989351914032	-0.375217316919251	1.17914845425995	0.40526814224823	0.235710231786804	1.24974312772186	0.797517103124695	0.544069673803406	1.0246274704953	0.433113638158875	1.21373452353485	-0.468449270410461	0.353527622655945	-0.16792029537384	0.161805614965515	1.23758690707977	-0.446033234460754	0.858847361608582	-0.258315771631165	-0.463073388818665	0.768393823339539	0.268595999487	-0.164248647973938	0.38491925540741	0.319397403295593	0.444113424413757	0.59346596658905	0.60556243332489	0.772412251134949	1.20737465585907	0.336122820348816	0.965834039465027	1.09092749106415	1.24406480454071	0.347882820226746	-0.434083937524719	-0.171145281885071	0.426342265722351	0.422589451147156	1.2222513097287	0.437055426672058	0.249290307714539	-0.109076893701477	1.12297654709442	0.643005145544128	0.351595388769226	-0.451581247217102	1.12400149570282	0.428891252904968	0.0734374775143433	-0.0179500453128052	0.42167812851532	-0.25205741835968	1.09541712851532	0.42167812851532	0.246549105034851	0.896551255507507	0.601153714624695	-0.237783538125305
NA-rs877309-NA-0	0.0281237017575073	1.23945620651825	-0.00822395925323466	-0.27771861745636	-0.371593375085754	0.742822790502625	-0.477548031335754	0.00299790396698002	0.0473137386227416	-0.436656007837219	1.14425683896454	-0.125332735376282	1.11877128745087	0.0999825319577027	0.357714908178406	0.450324002721863	0.916088532201843	-0.295676806360168	0.294708577795105	0.309199433752136	0.0175469839840698	1.26640340109833	0.511288565038757	0.504711336217956	1.16697202420624	0.685784113744812	0.301436009679871	0.463232985082703	-0.406922444238586	1.26514835245331	0.493633520116882	0.402630405492859	0.440034611547546	0.453871504613953	-0.0618644134158325	0.111414496923523	0.306857789037781	0.457178647497253	0.864553243566589	0.583470110326843	-0.478857506860657	0.794514705297547	0.225531881445007	-0.20422876601593	0.392911137365417	1.2338292852536	0.123052306371765	0.491434848547058	0.022978315282898	0.318235133092957	1.26269853781708	1.23686570230682	0.0618049214230347	1.12190537302216	1.25618068649872	1.06063870218475	-0.470582055566711	0.715483600072937	0.103494147680359	-0.411724666894836	1.27621419168671	1.26265430863007	0.173860189672546	0.589210988256531	1.04219842905243	0.0408400275021363	0.823184270727234	-0.382551365259094	1.07342037766083	1.16910113486298	-0.385184640527649	0.914380836645203	0.42167812851532	0.43510408164032	0.40825562851532	0.42167812851532	1.00943215213641	0.76558030260907	-0.367724238273743	0.0804235939762573
NA-rs9292570-NA-0	0.336675323461609	0.336938828222351	0.893216662450867	0.0969140042477415	0.470661246618347	0.697013412206726	-0.528756409631653	0.390330525671082	-0.521384639673157	-0.0370013861331177	0.61653346066864	-0.38002611367218	1.19643590915497	0.462283153661804	0.115914529882507	-0.523536375574036	0.429356153905945	-0.0314261846560669	0.700109199499207	0.742268055456238	0.372693605688171	1.21393702280243	0.455795186742859	1.16174395792206	0.745513645910339	-0.282600264551086	0.249019631383972	0.938652606786805	0.130979177465515	0.26156197415741	-0.511295858179016	1.19994602719696	-0.566605766748352	0.721132126318054	0.0761902082882689	0.537030118627625	0.752227410741882	-0.553336730798645	0.318510865270691	0.562453732030945	0.400838114843445	0.277198327001648	0.174902503149109	0.209672855688171	0.814281759069519	1.1808149069577	-0.428040071924133	-0.41029052974884	0.414089936987	0.263899754797058	0.721199159521179	0.726709324010925	0.451646543127136	1.06423199472626	0.25874930820282	1.21333832388886	0.42674656613739	0.654401221777039	0.0344397693844603	0.483634954809265	0.261890813390808	0.758925930334167	1.07670581137665	0.311464609960632	0.157797050756531	0.784553649206238	1.20872489243134	-0.546454743554993	0.785928999364929	0.727381756567078	-0.439930018823547	0.843401458349304	0.42167812851532	0.43353058164032	0.40982912851532	0.42167812851532	0.993250478042664	0.74380862851532	0.102224087632507	0.0716405648825074
NA-rs9363764-NA-0	0.459669326635437	0.451879831396179	0.0257986656246948	0.0638070074215698	-0.386752750207825	0.840772415380554	0.211176593542175	0.92587452884491	0.421296363500671	0.15324561704071	0.223167463842468	0.188625889501648	0.334497912328796	0.0972991568356323	1.09229453305634	0.432113627599793	0.609255157079773	-0.351815181482239	0.505600202673035	1.22193005863007	0.0298956088619995	0.853472025976257	0.465091189916687	0.485873961095886	0.323511649084168	0.688600738622742	1.2227776345578	0.315906609960632	0.510218180639343	0.987702977331238	-0.444848855005188	1.22043903037079	0.0343462364254762	0.418105129491882	0.385971211462097	1.00208612180145	1.22393341391571	-0.185065727624817	0.476692868444519	-0.306461264795227	0.419207118017273	0.325896330175476	1.15360750632294	-0.101693141138	0.495016762243347	1.19773791013153	0.030921931249695	0.502520473424988	0.906966940160828	0.876219757970886	0.313083162695007	1.19430432718475	0.970843546300964	0.216656997900085	0.492309311376648	1.22060432706268	0.435056569311218	-0.187534775049133	-0.0736812274417115	0.124943957983093	0.894376816564636	0.331113933507996	0.239746814550476	-0.15216738686554	0.864350053930359	-0.0518543476199341	0.300473895605164	0.427931259618835	0.337606002538757	0.339803759740906	0.510340984350281	-0.0242945384768677	0.42167812851532	-0.24238841835968	1.08574812851532	0.42167812851532	0.145299071175476	1.27247922164813	0.62015768076532	0.22277958101532
NA-rs939290-NA-0	-0.0241165697268677	0.759486935033875	0.88225176926239	-0.405148888940735	0.463783353429871	0.91940551901825	-0.530871302820129	0.894538632482605	0.380811467138367	-0.490648279321594	0.402320567480164	-0.376945006860657	0.244484015966492	-0.0909707395266723	0.985679636694031	-0.522798268762512	-0.0983377392825316	-0.376998077844543	1.18127230631073	0.425680162267761	0.0892497124996948	1.19876912961395	-0.365028706445618	0.697322064733581	0.636327752721863	-0.289445157739563	1.1961997381955	0.574370713598328	-0.343830715722962	0.892980080968933	-0.0254807513674926	1.17932113400848	-0.0545086599368286	0.370608233129578	-0.138479684900207	0.974230225439148	1.19288651755341	-0.0283206239871217	-0.147397027917786	-0.384349161157532	-0.0176267783450317	0.721773433813171	0.658073609960632	0.244009962499695	0.806321865881042	1.14985401376923	0.37412803488739	-0.412863422937317	-0.0441969562014771	0.262753861608581	1.1912082663327	0.940604430822449	0.0151576499386596	1.05562710153778	0.253729415014343	1.20166843070038	0.416750672948914	0.117771328588562	-0.228114123804016	0.472829061620789	1.20865192020233	1.08943203714569	0.601555918188171	0.727393716772156	1.09002915756805	-0.155992243982239	0.864470999242859	-0.472854636743469	1.08447910617645	1.1887028633786	0.495325087987976	0.551854565160828	0.42167812851532	-0.0371839183596801	0.88054362851532	0.42167812851532	0.132562569675476	0.830162720148132	0.22217417926532	0.62076308251532
NA-rs951295-NA-0	0.525640966039734	0.564167470800476	0.214182305028992	0.421440646825867	-0.273802110803528	0.384094054784851	-0.242329767053528	0.998687168249207	0.0824040029049682	0.541505256445007	0.254142103246765	0.150304528905945	0.360863551733093	0.182260796239929	0.222745172460632	0.419728267004089	0.51938979648407	-0.194895542077942	0.360729842077332	0.846167698034363	0.442323248266296	0.858423665380554	-0.382266170679016	0.639584600500183	0.361903288488464	0.293878378027039	1.3022462739621	0.429308249364929	0.11426982004364	0.869813616735535	0.517622784399109	0.491660669775085	0.0291058758297731	0.370318768896179	0.00620185086639413	1.10313476120575	0.359610053320007	0.07370091177948	0.439383507848816	-0.27722662539093	0.44969475742157	0.831131969579773	1.21845514572723	0.409203498266296	0.469838401647644	0.819707549535828	0.476784570653992	-0.301918887170715	0.979341579565125	0.367049397375183	1.1345988020993	0.33800596658905	0.115495185705261	0.731233637304382	0.367837950780945	1.30079496646698	0.437974208715515	0.743067864355164	0.0108144119625854	0.0914165973873902	0.367876455968933	0.636410572912293	0.232952453954773	-0.0922057474612427	0.733546693334656	0.889664291784363	1.29420353500946	0.121887899023132	1.05541864194305	0.359093399145203	0.602000623754578	0.887868100927429	0.42167812851532	0.30426958164032	0.53909012851532	0.42167812851532	0.405432097128601	0.609339247601257	0.241501706718445	0.442241902968445
NAGS-cg09300856-17-42083686	0.390848427831726	0.360068932592468	0.703619766820984	0.423535108617859	0.479161350988464	0.364272516576843	0.332728694738464	0.747750630041199	0.36801546469696	0.388483718237	0.254380565038757	0.420559990697937	0.894932013525086	0.359829258031921	0.977117634252624	0.397484728796082	0.727774258276062	0.40658991971405	1.02926430386932	0.422551159826355	0.299729710058289	0.357358127172546	0.241966291112976	0.362222062292175	0.346819750280457	0.637452839819031	0.350801735754089	0.0909457111569214	0.462434281835632	0.383058078527527	0.402153246191101	0.362063131567078	0.399220337621765	0.376199230688171	0.363470312658386	0.953189222997742	0.364456515112	0.369343373571472	0.432594969640808	0.527993836401062	0.434684219213562	0.713827431371765	0.322876607519226	0.445072960058289	0.764346863439636	1.16728201132782	0.379904032445984	0.356700574621277	0.842207041357117	0.611590859167175	1.0980582638913	0.561217428381042	0.704510647497253	0.964354099096375	0.386818412572937	0.674304428258972	0.440777670507507	0.503378326147156	0.363767873754578	0.491181059179382	0.361812917760925	0.589409034704285	1.01126091574677	0.452046714330749	0.730070155126648	0.117254753576355	0.776584996801453	0.377504360815124	0.342651103735046	0.357163860937195	0.46039308554657	0.634769562719421	0.42167812851532	0.58152908164032	0.26183062851532	0.42167812851532	0.687861117175476	0.316428267648132	0.43143772676532	0.41149953501532
NAP1L4-cg27477067-11-2966810	0.23770567539032	0.448718180151062	0.116959014379578	0.575487356176453	-0.320946401452942	0.830701764135437	0.227300942297058	0.125514877599793	0.529825712255554	0.140597965795593	0.323822812597351	-0.189918761743469	0.889750261083679	-0.303065494409485	0.281923881811218	-0.300330023645325	0.0973165058346558	-0.240770832727356	0.461298551427917	1.24896940738495	0.392683957616882	0.44815237473114	0.51307653867157	0.405487309850769	1.24474699783905	0.788132087377625	0.420343983312683	0.167674958715515	-0.278377470605774	1.05893832608612	0.539649493749695	0.437065379125671	0.303810585180359	0.418729478246765	-0.03324743978302	1.10030547055634	1.31363276267059	0.216812621130066	0.0398392171994019	-0.215985916040344	0.335448466772156	0.830956678930359	1.14038085507782	-0.0878117923831175	0.85448711099823	0.408186258886414	-0.405934719995422	0.352109822179871	0.89194828891571	0.940813106725769	1.27814951144989	1.07165067593964	1.06342589505585	0.294719346654968	0.425775660131531	0.424478675817566	0.543090918066101	0.75692257370575	-0.424259878686828	0.614537306737976	0.990802165319519	1.26908528226288	1.17372316330536	-0.00579403811065676	0.942021402685242	0.0123670011349488	0.430465244360046	0.377076608373718	0.44586535129364	0.470120108495789	-0.267223666894836	0.0873308102780151	0.42167812851532	0.62340558164032	0.21995412851532	0.42167812851532	0.133045096136414	0.32866224660907	0.528806705726257	0.517341649976257
NCALD-cg00680551-8-103135595	0.353826405614929	0.397624910375671	0.865819744604187	-0.393902913598938	0.502830328771668	0.407384494360046	0.427262672521667	0.0473516078244018	0.419791442480164	0.443360696020203	0.72623354282196	0.47987696848114	0.369802991308289	0.464184235815125	0.695876612035828	0.432807706579285	0.514630236059265	0.373167897497253	0.409824281652527	0.365724137609558	-0.403854312158508	0.37127210495575	0.388901268896179	0.816115040075378	0.39678672806366	0.690369817602234	0.509483713537292	0.269015688940125	0.492907259618835	0.36974605631073	0.0801882239743043	1.21972610935028	-0.409535684595032	0.364765208471375	0.419309290441589	0.998558200780945	0.949119492895203	0.373685351354675	0.397012947424011	0.581849814184265	0.422950196996765	0.443836409154968	0.361519585302429	0.547652937841492	0.0125598412228394	0.363381989111023	0.421169010229187	0.43098255240448	0.0619930191403199	0.363918836950378	0.3631412416745	0.817385406164246	0.615771625280457	0.696240076879578	0.58911239035614	0.352391406042175	0.46060364829071	0.163310303930359	0.414448851537781	-0.310238963037415	0.366135895544128	0.371042012487488	0.798226893529968	0.600236692113953	0.464122132909851	0.798898731359558	0.423108974584656	0.431942338598328	0.36244408151825	0.637744838720398	0.522414063329773	0.115558540502624	0.42167812851532	0.59119908164032	0.25216062851532	0.42167812851532	0.575054382675476	0.237453533148132	0.42570399226532	0.41723326951532
NCOA7-cg22135324-6-126240239	0.428966182958679	0.442793687719421	0.0612045219479371	0.091768863744812	-0.349216893884583	0.404924271703796	0.422581449865418	0.0797753851681519	0.418899219823914	-0.379057526636047	0.26945732016571	0.21339874582489	0.410430768652039	0.162856013158875	0.415901389379578	0.440487483923035	0.451919013403015	0.357310674841003	0.809476058996277	0.759913914953308	0.364809465185242	0.3795078822995	0.344877046239929	0.918962817419128	0.50089950540741	-0.169799405054016	0.381085490881043	0.429796466283875	0.427324036962585	0.92005283365448	0.388058001318054	0.379613886694031	-0.267624907251282	0.384530985815125	-0.113877932214661	0.970005978124695	0.712858270238953	-0.428240871301575	0.486746724767761	0.552386591528015	0.415644974340515	-0.0999718135012816	0.775356362646179	0.615972715185242	0.430732618566589	0.485357766454773	0.231885787572937	0.43647932974823	0.39874779648407	0.690656614294128	0.37678501901825	0.454066183507996	0.379293402624207	1.09386185422333	0.40664116769989	0.791204183385925	0.468247425634461	0.481324081274109	0.370027628881531	0.522575814306335	0.390007672887878	0.432996789831238	1.05170267087372	-0.0871145305422975	0.291229910253601	0.758417508703308	0.541951751928406	0.421833115942078	0.409725858862	0.858127616064148	0.448481840673523	0.785959317846375	0.42167812851532	0.58975608164032	0.25360362851532	0.42167812851532	0.379526105034851	0.335439255507507	0.468176714624695	0.507237061874695
NEFH-cg10188823-22-29876206	0.0360222291012574	0.421962733862	0.0874005680905152	0.22101390988739	0.550986152257996	0.416070317846375	0.414945496007996	0.11062143131073	0.341899265966492	0.448109519506531	0.986535366308289	0.413323791967468	0.569214814794617	0.163467059301453	0.275081435522156	0.418224530065613	0.440883059545593	0.496764720983581	0.509629105138855	0.402511961095886	0.21595251132782	0.411879928442078	0.361356092382507	0.380483863561707	0.588005551549988	0.250566641088562	0.941128537023621	0.591528512426453	0.124264083105164	1.18442387979706	0.444531047460632	0.686190932836609	0.508435138891296	0.402385031957703	0.364724113927917	0.214999024267273	0.402754316381531	0.411271174841003	0.821539770910339	0.337961637670593	0.482820020483093	0.689531232641296	0.400262408788757	0.44702476132782	0.0119066647091674	0.521066812597351	0.443577833715515	0.440170375890808	0.993214842626648	0.524942660436707	1.21770006516083	0.386746229650574	0.670094448766785	0.737322900365906	0.439087213842468	0.422204229528503	0.508640471777039	0.675468127416687	0.443540675024109	0.569686860448913	0.420907719030457	0.401173835973816	0.881238717016296	0.418124515600281	0.378478956396179	0.724893554845886	0.421674798070984	0.231840162084656	0.400305905004578	1.08252266220673	-0.049127113183899	0.944848363988953	0.42167812851532	0.19251658164032	0.65084312851532	0.42167812851532	1.01003042863641	0.54552157910907	0.234009038226257	0.300482317476257
NID2-cg18905461-14-52534596	-0.348902352197571	0.434488152563171	0.699771986791687	0.254370328588562	-0.305545429040832	0.435796736547546	0.502173914709168	0.150984850011902	0.490614684667664	0.546252938207703	0.31542378500946	0.51713721066864	0.413581233495789	0.530243478002625	1.12840485422333	0.495686948766785	0.826785478246765	-0.327216860315246	1.13281052384003	0.413746379797058	0.522013930028992	0.42030534714325	-0.306369488916321	0.446358282262878	0.74469797025116	-0.128966940210266	0.578625955724792	0.738316931127625	0.594318501806335	0.41886829849823	0.535722466161804	0.422433351537781	0.540857557592468	1.25662145065887	0.493761532629089	0.317374442968445	0.767622735082703	-0.389782406457825	0.929949189611511	0.367122056371765	-0.389990560815735	0.531776651342468	0.376371827489929	-0.0745668199710083	0.347338083410339	0.388197231298523	0.534014252416687	0.43153479459198	0.56596126132782	0.422357079137878	0.876336483861999	0.402569648351746	0.189851867467957	0.547407319067078	0.43025563254364	0.420403648229675	0.29673389047821	-0.129290453882141	-0.414192906274719	-0.307284720849914	0.421664137731628	0.416845254674988	0.289281135717468	0.637845934301453	0.333736375097351	0.422786973547058	0.411228216772156	0.145955580785828	0.41972032370575	0.439230080907898	0.328339305517273	0.991301782690125	0.42167812851532	0.52348558164032	0.31987412851532	0.42167812851532	0.816722445675476	0.229510596148132	0.41551805526532	0.42741920651532
NKX6-1-cg02489958-4-85417416	0.424351991308289	0.393622496069031	0.870957330297546	0.460899672094421	0.305414914465027	0.399909080053406	0.422967258215027	0.305995193517761	0.440950028173523	0.482054281713562	0.42167812851532	0.3911485541745	0.375822577001648	0.401606821508484	0.268513197729187	0.449742292272644	0.328650821752625	0.471254483190613	0.705617867345886	0.365552723302918	0.404493273534851	0.385049690649109	0.310983854589539	0.346858625768738	0.841714313757019	-0.0977745967044066	0.414822299230652	0.428301274633484	0.0847048453121948	1.03182164200409	0.413424809667664	0.38487369504364	0.414403901098328	0.371399794164734	0.439681876134949	0.969002786474304	0.965355078588562	0.405312937048035	-0.0383234668826294	0.446958399877625	0.455859782690124	0.771114994848328	0.354932170995789	0.663354523534851	0.834129426916199	0.506057574804382	0.424544595922546	0.326746138097839	0.809119604833679	0.789180422643738	1.10911382736786	0.370085991857605	0.984866210973816	1.05330466257294	0.517107976049499	0.378058991735535	0.0662732339840699	0.522255889623718	0.42961243723114	-0.0163703773440552	0.399141481237488	0.815678598180847	0.255577479223328	0.538914277807312	0.54854371860321	0.397180317052918	0.355315560278015	0.240941924291687	0.443742667211609	0.421399424413757	0.137481649023132	0.892917126195984	0.42167812851532	0.43902108164032	0.40433862851532	0.42167812851532	0.256789172628601	0.700318323101257	0.107048782218445	0.590884827468445
NOSTRIN-cg16780603-2-169659047	-0.123953390283508	0.367312114477234	0.0730559487057496	-0.387557709497376	-0.14668946712677	0.476645698461609	0.43514387662323	0.524548811925964	0.376331646581726	0.0616699001217652	0.488489746923523	-0.246895827417297	1.18081219540985	0.466765439916687	0.29210981613739	0.456032910680847	0.779248440160828	-0.369600898401184	0.644319485754089	0.468437341711121	-0.498707108056946	0.566696309057312	0.413350472997742	1.11113424417694	1.13016793216522	-0.149682978296204	1.19643991763885	0.657905893041687	-0.327372536279602	0.391937260412292	-0.376271571924133	0.409414313451843	-0.409864480493469	1.14666741257294	0.281433494543152	1.05745440488251	0.521465696996765	-0.426154444543762	-0.00849084847442616	-0.242936981714172	-0.469940598901672	-0.0716443867434691	1.02017678940399	-0.0822658580569455	0.550149045324402	0.336232193212585	-0.46662378566925	-0.0556912434939575	0.0418122232418824	1.13541404105194	0.449389445776062	0.570986610265808	0.946426829382019	0.69244828098114	0.515832594457703	0.597579610143738	0.265618852392273	0.0786925080319215	0.280986055639343	-0.358021758935852	0.359369099645691	0.58104121658905	0.280901097631531	0.689873896215515	0.276222337011414	0.808010935461121	1.01780017868622	0.42772754269989	0.902748285619812	1.02009604282196	0.477200267431335	0.844147744604187	0.42167812851532	-0.0407014183596802	0.88406112851532	0.42167812851532	0.544276850675476	0.288355001148132	0.42345246026532	0.41948480151532
NOTCH4-cg06023661-6-32164801	-0.459016446802063	0.322438057958679	-0.00730210781280499	-0.43166076601593	0.449897476354675	0.316840641943054	0.368477820104675	0.65572375540741	0.381106590063171	0.460563843603211	1.07511269040497	0.482074116064148	1.0685991388913	-0.360273616601868	0.859746759618836	0.404453854162293	0.705887383642273	0.384333045080261	0.556029429235535	0.310247285192566	-0.218655164575501	0.368630252538757	0.0172624164791871	0.490855187658386	0.900155875646668	-0.0701780348147583	0.3475088611203	0.543030836523132	0.436868407201843	0.969053203893738	0.142006371557312	0.314165256933289	0.306158462987976	1.15180235605438	0.411312438024597	0.989360348363953	1.16580564047821	0.326780498937683	0.527716095007019	0.534991961767273	0.429799344579773	0.250203556737976	0.295001732885437	0.6603610854245	0.708041988805847	0.282835136694031	0.355040157812195	0.225498699987488	0.819362166723328	0.319733984533386	0.389474389257507	0.446855553747253	0.664384772863464	0.833349224462586	0.982072537939148	0.385100553625183	0.436481795873718	0.511147451513367	0.334512999120789	0.0940221845455932	0.305999043127136	1.0883851600705	0.180866041112976	0.60347383969696	0.207048280492859	0.776936878942566	0.604060122167664	0.366853486181335	0.432062229101257	0.358789986303406	0.462013210912781	0.874874688085632	0.42167812851532	0.15024358164032	0.69311612851532	0.42167812851532	0.892562361675476	0.260164512148132	0.43508697126532	0.40785029051532
NPR3-cg11485595-5-32713464	0.396899024511414	0.628577529272156	0.633890363500671	0.450164705297546	-0.124024052331848	0.372998113256531	0.406218291418152	0.0462622267208863	0.427769061376648	0.311322314916687	0.578813161718445	-0.195168412622375	0.356073610204773	0.425840854711609	0.221621230932312	0.457988325475769	0.59672185495575	-0.393135483606262	0.714126900549011	0.702713756506043	0.423282306737976	0.362398723852234	0.410297887792664	0.744042658971863	0.354647346960144	-0.0872225635012819	0.648794332433777	0.652474307836609	0.21992887851532	0.358304675207214	0.461261842870789	1.24221472824677	0.430504934301453	0.790919827367859	0.417618909338074	0.698347819677429	1.24162711179169	0.42509397025116	0.715185566320496	-0.296092566919251	0.454442815893249	0.112603028051453	0.516905204198914	0.673793556737976	-0.0302075398806762	1.18145060800751	0.208797629125671	-0.269663828699036	0.781533638036804	0.385208455846863	0.354285860570984	0.54509802506073	0.166397244176941	0.657800695776062	0.356310009252625	0.35974702493866	0.248578267187195	0.303012922826843	0.431185470434265	0.53297065585907	0.373242514440613	0.760321631383972	0.221899512426453	0.234770311010437	0.294504751806336	-0.0338666497439575	0.63193759348114	0.455802957494812	0.658180700414734	0.350515457616882	0.511507682226257	0.281227159399109	0.42167812851532	0.35967458164032	0.48368512851532	0.42167812851532	0.136741478042664	0.33471962851532	0.511313087632507	0.536729873882507
NPW-cg03372779-16-2069785	0.249667306737976	0.411360811498718	0.924328645727234	-0.331925012475891	0.0629022298947144	0.428753395483093	0.388575573644714	0.469710508947449	0.42300934360321	-0.24412740285675	0.277320443945007	0.477925869604187	1.16504689243134	0.414382136938171	0.867279513158875	0.517530607702332	0.471089137182312	-0.3439552013797	0.753056182775574	0.396057038732605	0.214508588964539	0.402805006078796	0.387986170019226	0.402524941198425	1.14664962918671	0.394869718725281	1.07289561466034	0.174479590063171	0.413590160741882	0.393486957433777	0.0484151250973512	0.541901010473328	0.513180216528015	0.993995109594421	0.437625191564636	0.876182101903992	0.493796394018249	0.417839252477722	0.189474848547058	0.587985715307312	0.516450098119812	0.568068310278015	0.444417486425476	0.667970838964539	0.00194474234588621	0.36429789023407	0.466231911352234	0.390236453527527	0.0818609202633667	0.406047738073425	0.410270142797546	0.944947307287292	0.628994526403504	0.868138978002625	0.400292291479187	0.392210307165222	0.477742549413757	0.103425205053406	0.445801752660828	0.440493938085632	0.399714796667175	0.400837913610535	0.266643794653015	0.00450059323699958	0.954034034032898	0.814661632482605	0.903811875707703	0.431275239721374	0.418195982641296	1.15549173984344	0.44799096445282	0.198297441625671	0.42167812851532	0.59465908164032	0.24870062851532	0.42167812851532	0.404588251136414	0.41515140160907	0.518306860726257	0.430852494976257
NR2E1-cg04407470-6-108489977	0.452861387182312	0.468060891943054	0.14846672617157	0.478441067968445	0.54784131033905	0.414207475927429	0.40435565408905	0.625440589391785	0.404178424047546	0.493158677587585	0.278383524389343	0.539777950048523	0.389946972875671	0.445457217382507	0.78611159360321	0.439383688146667	0.532463217626648	0.427210879064636	0.38358826321991	0.394710119176941	0.518357669408875	0.398986086523132	0.421509250463562	0.354700021642761	0.391702709631042	0.705786799169617	0.662934695104675	0.124764670507507	0.514363241186218	0.394303037878113	0.480746205541687	0.400780090917664	0.531907296972351	0.498168190038757	0.413416272008972	0.744232182348328	0.394831474462585	0.458418332922058	0.365986928991394	0.600621795751648	0.520880178564148	-0.039862609277649	0.319104566869812	0.700616919408874	0.862179822790222	0.375873970678406	0.47292899179657	0.448431533971863	0.783686000707703	0.403878818517761	0.391788223241882	0.371577387731628	0.224510606847839	0.28945605844696	0.392934371923523	0.397709387609558	0.495522629858093	0.703796285497742	0.450171833105164	0.322390018529968	0.402768877111511	0.393942994054871	0.420204875097351	0.463786673681335	0.371323114477234	0.457504712926941	0.419927956152039	0.41099632016571	0.395251063085632	0.628887820287781	0.470749044897156	0.0460785220700072	0.42167812851532	0.61857908164032	0.22478062851532	0.42167812851532	0.182671754636414	0.34716990510907	0.512715364226257	0.498833991476257
NR2E1-cg06103642-6-108496716	0.462674208105164	0.899107712865906	0.579408547094421	0.486242888891296	0.421789131261902	0.429097296850281	0.403443475011902	0.318632410314636	0.415446244970398	-0.117928501489563	0.307688345312195	0.500902770971374	0.417405793798523	0.381324038305359	0.279885414526062	0.454673509069519	0.194944038549499	0.415382699987488	0.440623084142761	0.412615940099792	0.519641490331726	0.422150907445984	0.402515071386414	0.373528842565613	0.416335530553894	0.434683620092468	0.415552516027527	0.619987491430359	0.47162106210907	0.425671858800964	0.403762026464539	0.424478911840515	0.525980117895203	0.422094010961609	0.399733092931824	0.304539003271179	0.419062295385437	0.44687715384491	0.229162749914246	-0.143952383325501	0.532787999487	-0.0462237883547973	0.336757387792664	0.0648897403317261	0.872146643713074	0.392912791601257	0.517741812719421	0.409799354894714	0.609071821630554	0.433961639440613	0.760149044164734	0.40250720865448	0.200831427770691	0.770514879369812	0.426820192846374	0.41903220853241	0.514115450780945	0.442838106420593	0.470829654028015	0.20255383945282	0.423807698034363	0.419186814977722	0.771454696020203	0.367510494604187	0.635452935400085	0.554607533849792	0.40721777707489	0.464650141088562	0.424329884008484	0.642275641210632	0.460341865820007	0.0772873429928589	0.42167812851532	0.58901958164032	0.25434012851532	0.42167812851532	0.374128605034851	0.580615755507507	0.473574214624695	0.342412255874695
NR2F2-cg05108467-15-96869132	0.175509584203796	0.423759088964539	0.867447923193054	-0.300837735010071	0.473041507360535	0.420354672948914	-0.377998148889465	0.00925978641326897	0.415196621069031	0.43502387460907	0.206250721410828	0.487477147070007	1.14569716989716	-0.0435525855960083	0.209592790624695	0.417098885168152	0.766773414648132	-0.395495923913879	0.317520460241394	0.847552316198425	0.180639866430359	0.352843283544617	-0.419295552514954	1.01244121866425	1.16967890665253	0.635931996191101	1.16318389212616	0.296779867528992	0.237408438207703	0.310301234899597	-0.423483597436829	1.18578328793915	-0.437736506006165	1.17893038706024	0.284410469030457	0.966663379369812	1.18358267148407	-0.458578470056457	0.803438126012878	-0.273508007226868	0.380320375585632	-0.129353412256164	0.996074763891296	0.664020116430359	0.793675019811707	1.15029516769989	0.111199188818054	0.500033730993347	0.00183619772918692	0.858994015539245	0.840333420263367	0.400336584753113	0.879053803869324	0.255428255468445	1.10298956894501	0.359589584631042	0.429703826879578	-0.211124517480774	0.354034030126648	-0.381114784448547	0.911774074132996	0.391872191076355	1.04257407211884	0.56625887070282	0.853011311498718	0.500774909948425	0.827220153173523	0.377346517187195	0.541251260107117	0.486866017309265	-0.16297675808136	0.828835719091492	0.42167812851532	0.48558208164032	0.35777762851532	0.42167812851532	0.185845491136414	0.32298264160907	0.543074100726257	0.523021254976257
NR6A1-cg14046477-9-127531952	0.455741067358093	0.412494572118835	0.918263406347351	0.229473748144226	0.537096990514832	1.15156715610321	0.332757334264832	0.797237269567566	0.491265104223328	0.518488357763367	0.228185204565124	0.0721176302243043	1.08029765305145	0.527948897558288	1.06797127377899	0.497747368322449	0.498754897802429	0.453891559240417	0.376848943395691	0.368850799352722	0.309812349584656	0.365512766698914	-0.387036069360657	0.679676701818542	0.368262389806824	-0.180739520654602	1.20319537528046	0.0830113506832885	0.532603921362	0.720919718053894	-0.412500114282532	0.386912771093445	-0.465916022851868	1.24810587021454	0.388461952184753	0.238571862524109	0.387138154638367	-0.353412986902161	0.859146609167175	0.533976475927429	0.477746858739929	0.817647070898132	0.398328247045593	-0.127145400415344	-0.0372534970339967	0.329569650854187	-0.473399328027649	0.588716214147644	0.0258646808834838	0.366110498693543	1.24014690341766	0.37811306790741	0.647192287023621	1.12423873862274	1.0653760520993	0.387303067785339	0.429383310033875	-0.128068034326477	0.449387513280945	0.444998698705749	0.356654557287292	0.378873674230652	0.244332555273132	-0.0988256461428834	0.291293794653015	0.737062393102722	0.68154963632782	0.456815000341492	1.05082274326141	0.493286500463562	0.268953725072937	0.572762202245789	0.42167812851532	0.64532258164032	0.19803712851532	0.42167812851532	0.847100522675476	0.205559673148132	0.40913913226532	0.43379812951532
NRP2-cg01323148-2-206551212	0.142712591405945	0.431914096166687	0.0992119303952028	0.499824272192078	0.547447514562683	0.453936680151062	0.439005858312683	0.834240793615417	0.443422628271179	0.415893881811218	0.549725728612976	0.126617154272156	0.464878177099304	0.38924542160614	0.283883797826843	0.4508978923703	0.644797421850281	0.545079083288269	0.425279467443543	0.611652323400574	0.445517873632507	0.425335290746765	-0.146497545312805	0.527212225866394	0.419456913854675	-0.128243996606751	0.423374899328308	0.47881787473114	0.492936445409851	0.408879242101746	0.46776540976532	0.419226295141296	0.483941501195984	0.40442239426239	0.400581476232605	0.642612386571961	0.407834678686218	0.359075537145691	0.825356133215027	-0.222001000024719	0.489051382787781	0.00432959494598401	0.386056771093445	0.710413123632507	0.0880350270138551	0.366403174902039	0.476802196020203	0.365175738195496	0.864183204931335	0.407548022741394	0.404702427465515	0.390713591955261	0.237113811071472	0.361810262670593	0.699455576147156	0.449221591833191	-0.315274165918274	0.526380489721375	0.433309037328796	0.0791542227536011	0.400589081335144	0.396367198278503	0.363185079320984	0.612362877904968	0.672353318700867	0.270792917150574	0.404091160375671	0.419219524389343	0.414555267309265	0.438448024511414	-0.275294750879211	0.53360172629364	0.42167812851532	0.15983158164032	0.68352812851532	0.42167812851532	0.185237748636414	0.37119489910907	0.537757358226257	0.474808997476257
NRXN1-cg22573528-2-51254170	-0.464662964502258	0.435515540258484	0.710773374487	-0.383791283716126	-0.44870904134552	1.17274812424286	0.39392430240448	0.213870237707214	0.408719072362976	-0.446110674096985	1.04563617270477	0.0042705983639526	1.1683626211911	-0.352927134302063	1.04680624191864	0.408167336462097	0.674919865942078	-0.149034472619934	0.561449911535339	0.570560767492371	-0.391280682275696	1.16868173483856	0.422570898778992	0.992485669958191	0.479013357946472	0.640514447485046	0.369070343420105	0.629905318822937	0.458125889501648	0.262877686193542	-0.355929146142883	0.322761739233093	-0.573630054712219	0.420500838354187	-0.462861079675598	0.538337830663757	0.255091122778015	-0.506459018762512	0.393276577306824	-0.326672555932922	-0.547835173120423	-0.178408960962219	0.671470215185242	-0.0947894322756957	0.717819471105652	1.01416761899384	-0.551502359888001	0.423592182287292	0.0276316490231324	1.16774946683319	1.09688587155731	1.05875303604706	0.123223255163269	1.00896570676239	0.508292020238953	0.752715035924988	0.370797278173523	-0.287064066186829	0.100535481420593	-0.464848333154602	0.930689525426941	1.1728506423703	0.661273523412781	0.697688321996765	1.07052476279266	0.634871361242371	1.05558160446747	0.27592596848114	1.14512271140106	1.14963346860321	0.413233693212585	-0.045224829614563	0.42167812851532	-0.0371554183596801	0.88051512851532	0.42167812851532	0.469574105034851	0.695413255507507	0.378128714624695	-0.196847407125305
NRXN2-cg10940462-11-64479015	0.412228826391296	0.919050331152039	0.0490161653805542	0.472414507177429	0.476122749548035	0.373534915136414	0.423177093298035	0.474728028600769	0.404988863256531	0.42179311679657	0.354698963598328	0.440650389257507	0.431526412084656	0.419442656591492	0.805498032812195	0.385805127355652	0.608601656835632	0.431867318273621	0.342442702428894	0.666520558385925	0.385413108617859	0.321974525732117	0.399169689672546	0.766612460851746	0.317215148840027	0.656387238378601	0.71775913431366	0.0421981097164916	0.417540680395203	0.848121477087097	0.446706644750671	0.403281530126648	0.400611736181335	0.996797629247742	0.408486711217956	0.195705621557312	0.31535091367157	0.410639772131042	0.459885368200378	0.524362234960632	0.409700617773132	-0.0154611700686646	0.304729006078796	0.654016358617859	0.805918261999206	0.71531340988739	0.401693431005554	0.405501973180847	0.825158439916687	0.358133257726746	0.362208662450867	0.598325826940613	0.797152046056824	0.206200497655945	0.317180811132507	0.311671826818542	0.428584069067078	0.623184724706726	0.398109272314148	0.503867457738953	0.351173316320496	0.346804433263855	0.948634314306335	0.51140911289032	0.757539553686218	0.706820152135925	0.324003395361023	0.397537759374695	0.376094502294617	0.677387259496765	0.43720948410614	0.786067961278992	0.42167812851532	0.42871958164032	0.41464012851532	0.42167812851532	1.02837397804266	0.35452812851532	0.491504587632507	0.345146130882507
NTRK1;INSRR-cg11793699-1-156814901	0.446927851903992	0.320945356664734	0.00291319089324965	0.460449532690124	0.49814377506073	0.426113940649109	0.42776911881073	0.778564054113464	0.418051888769226	0.458294142309265	0.991622989111023	0.418997414770203	0.353717437597351	0.446140682104187	0.39685105832489	-0.169510847131653	0.104910682348328	0.423126343786316	0.347265727941589	0.324761583898621	0.409861134130554	0.577986551244812	0.439907715185242	0.295948486364441	0.316405174352722	0.433718263891296	0.502380159826355	0.075282135229187	0.370427705907898	0.320282502599793	0.460311670263367	0.458043555639343	0.422809761694031	0.313244654760437	0.393770736730652	0.605808647070007	0.303085939184265	0.422317797643738	0.661366393713074	-0.330481739526672	0.432234643285828	0.756752855444031	0.672083031591492	0.176790384130554	-0.0762087124880981	1.18067043540009	0.41168445651825	0.324065998693542	0.914702465429382	0.341622283239441	0.309759687963562	0.590021852453308	0.185573071569519	0.21526052316864	0.555676836645203	0.442945852331238	0.445621094579773	0.690915750219421	0.407002297826843	0.515676483251648	0.312331341833191	0.31625645877655	0.181129339819031	0.526998138403015	0.719552579198914	0.737148177648621	0.302807420873718	0.40097678488739	0.351321527807312	0.84248728500946	0.474533509618835	-0.044374013208313	0.42167812851532	0.41629008164032	0.42706962851532	0.42167812851532	0.755773478042663	0.32186662851532	0.524166087632507	-0.395771688117493
OBSCN-cg19306380-1-228463260	0.164980593114929	0.433356097875671	0.100957932104187	0.232844273901062	-0.303638483728333	0.431232681860046	0.448892860021667	0.356204795324402	0.426030629980164	0.199751883520203	0.29870573032196	0.40554515598114	0.505752178808289	0.477473423315125	0.279158799535828	0.413985894079285	0.258989423559265	0.420770084997253	0.409679469152527	0.415783325109558	0.456742875341492	0.48732229245575	0.430919456396179	0.377888227575378	0.41618591556366	-0.0304739948977661	1.25766190103729	0.427814876440125	-0.290927552881165	0.42011224381073	0.492709411474304	0.492998296850281	0.456104502904968	0.424064395971375	0.416125477941589	1.01229738828094	0.425451680395203	0.427965538854675	0.369431134924011	0.615904001684265	0.00327138449676517	-0.0216764033450317	0.330371772802429	0.0524811253414917	0.0444570287228394	0.440982176611023	0.494826197729187	0.21739073990448	0.21892220664032	0.435191024450378	0.425303429174499	0.441411593664246	0.420775812780457	0.854216264379578	0.47598757785614	0.420030593542175	-0.32098316420929	-0.132520508569641	0.505537039037781	0.463222224462585	0.428673083044128	0.424252199987488	0.452700081029968	0.168903879613953	0.378791320409851	0.405447918859558	0.406005162084656	0.429875526098328	1.01387226901825	1.1530730262204	0.206768250829773	0.661125728002625	0.42167812851532	0.25898458164032	0.58437512851532	0.42167812851532	0.339284144136414	0.35371629460907	0.492634753726257	0.492287601976257
OBSCN-cg26303165-1-228401758	0.507044592016296	0.419861096777039	0.0855839310055543	0.534834272802429	-0.336552484826965	0.416617680761414	0.414386858923035	0.675933794225769	0.520758628881531	-0.32993511757843	0.651381729223328	0.429475154882507	0.584362177709656	0.473249422216492	0.268776798437195	-0.377574107019348	0.522358422460632	0.468679083898621	1.05339246805389	0.420914324010925	0.495353874242859	0.426216291357117	0.348521455297546	0.386322226476746	0.408283914465027	-0.0469289959963989	0.47477789993866	0.770031875341492	-0.0137155539797974	0.448165242712097	0.533701410375671	0.409554295751648	0.510604501806336	0.476003394872742	0.406621476842957	0.220893387182312	1.30417867929657	0.477098537756042	0.426627133825378	-0.236392999414368	0.192629383398132	-0.0504054044436645	0.385427771703796	0.377614124242859	0.0302860276242066	0.48142917551239	0.509883196630554	0.353137738805847	0.955682205541687	0.409636023351746	0.399820428075867	0.396332592565613	0.427460811681824	0.328211263280945	0.412653576757507	0.407663592443542	0.543944834692078	0.250097490331726	0.472343037939148	0.615065223363953	0.567470081945496	0.406092198888855	1.09924307993134	0.00357487851531979	0.307433319311218	0.785961917760925	0.423276160986023	0.143982524999695	0.510980267919617	1.22597502512177	-0.24166275026886	0.865081726903992	0.42167812851532	0.18056058164032	0.66279912851532	0.42167812851532	0.222236270675476	0.870763421148132	0.60989088026532	0.23304638151532
ODZ4-cg12162138-11-78673073	0.545764403295593	0.435182908056335	0.929720742284851	0.00612008408172615	-0.240023673547668	0.42815349204071	0.514182670202332	0.724147605505066	0.391656440160828	0.364798693700867	0.743734540502625	-0.0212810338381957	0.409446988988953	0.497221233495789	0.715488609716492	0.0276367042599487	0.385709233739929	0.352242895177917	0.411878279333191	0.461486135290222	0.523741685522156	0.422113102636414	0.521979266576843	0.375274037756042	0.425074725744324	0.177697815282898	0.417889711217957	0.143510686620789	0.430167257299499	0.502726053991394	-0.317674778345032	1.33550910703094	0.522640313085632	0.419170206152039	0.513534288122253	0.258088198461609	1.34512949057587	0.487881349035339	0.577834945104675	-0.177419188135071	0.176296194677429	0.848381406835633	0.810188582983093	-0.0896360644778441	0.384373838903503	0.416562986791687	0.157356007909851	0.163162550085144	0.105676016820984	0.431734834631043	0.457281239355164	0.40201640384491	0.859769622961121	0.278940074560242	0.563092388036804	0.440247403722839	0.498644645971374	0.660162301611023	0.514724849218445	0.17630803464325	0.933651893224793	0.416148010168152	0.293072891210632	-0.0226563102053832	0.995825130590515	0.124319729040222	0.40995197226532	0.490321336278992	0.423242079198914	0.457600836401062	-0.030625938989563	0.0643605381832886	0.42167812851532	0.54310758164032	0.30025212851532	0.42167812851532	0.255898872136414	0.41517202260907	0.533420481726257	0.430831873976257
OLFM3-cg24393673-1-102312610	-0.0341825506838988	1.02933395407684	0.435420788305359	0.269303130102234	-0.34087162752716	0.434501538061218	0.428521716222839	0.392059651525574	0.0474504861813355	-0.339042260278625	1.13418858652313	-0.215402987817688	0.50886603500946	0.322871279516296	1.029427655737	-0.368018249719543	0.151812279760437	0.503770941198425	0.485760325353699	0.41437218131073	0.454680731542664	0.766005148656921	0.487328312597351	0.46231108377655	1.25543777176483	0.616887861303406	0.395654757238464	0.246688732641296	0.432696303320007	0.407579100011902	-0.0518697323245237	0.410934153051453	-0.41313364089386	0.390929252172546	-0.138773665857239	0.983703244482117	0.396976536596375	0.474121395055847	0.845991991125183	0.533119857885437	-0.407946759302063	-0.0689885471438599	0.381002629003601	0.444330981542664	0.561210884924011	0.374187032812195	-0.343219946069641	-0.0162564038943481	0.0775830628414918	1.19971288065155	0.390113285375671	0.705352449865418	0.226017668981628	1.17552412058075	0.383267434057312	1.12056044974335	0.508775691991882	0.661137347631531	0.457795895238953	0.0778630806637574	0.4326369392453	0.86414405618866	0.85180293723114	0.0574107358151246	0.379312176611023	0.0220677750607301	1.20479901828583	-0.3657066177005	0.414678125219421	1.26612588242157	0.516649107030945	0.908532584203797	0.42167812851532	0.35627608164032	0.48708362851532	0.42167812851532	0.161918993636414	0.35413014410907	0.521622603226257	0.491873752476257
ONECUT1-cg00074145-15-53075505	0.531139501684265	0.620154006445007	0.213896840673523	-0.364985817529602	0.590949424841003	0.430995590429382	0.527449768591003	0.107133703893738	0.539480538549499	0.447255792089538	0.992574638891296	0.570368064550476	0.464561087377624	0.55585033188446	0.366451708105164	0.532414802648621	0.669515332128601	0.512392993566589	0.423118377721863	0.409086233678894	0.485892783910828	0.856167201025085	0.542619364965515	0.412216136144714	0.426849824132996	0.64457291367157	0.469928809606628	0.20379678500946	-0.228623644311829	0.384331152380066	0.30966832004364	0.394180205419617	-0.324100588525696	1.23269730454071	0.509165386510925	0.227814296850281	0.371136588964539	0.521301447424011	0.483639043493347	-0.244301089746399	0.262657293066101	0.853246505224304	0.567722681371765	-0.0242519660891723	0.249363937292175	0.357635085180359	0.500348106298523	0.580762648473816	0.404391115209656	0.390844933019714	0.433456337743835	0.393381502233582	0.243428721349792	0.366897172948914	0.413542486425476	0.464610502111511	-0.292047255639954	0.354406399999695	0.487915947607117	0.0717671330319214	0.388265991613464	0.595712108556824	0.403322989599304	0.577203788183289	1.11374222897919	0.420704827428894	0.377263070653992	0.525866434667663	0.414816177587585	0.391561934789734	-0.301204840600891	0.17391863657196	0.42167812851532	0.50554308164032	0.33781662851532	0.42167812851532	0.213741524136414	0.43309667460907	0.698965133726257	0.412907221976257
ONECUT1-cg13877670-15-53083532	0.484597495336609	0.686911000097351	0.216985834325867	0.341623176122742	-0.0910895815066528	0.423560584081726	0.429177762243347	0.103275697546082	0.464624532201843	0.480335785741882	0.78560963254364	0.42717605820282	0.405552081029968	0.447146325536804	0.281222701757507	0.471558796300964	0.433885325780945	0.447659987218933	0.399454371374207	0.590139227331238	0.418828777563171	0.418339194677429	0.440987358617859	0.396461129797058	0.456241817785339	0.374443907323914	0.406792803258972	0.140185778661804	0.177178349340515	0.73456114603241	0.265025313695984	0.42114219907196	0.219209405126648	1.13479029819305	0.459980380163269	0.738581290502624	0.457403582616882	0.430069441076355	0.0637650371456908	0.597874903905945	0.505885286718445	0.359509498876648	0.333877675024109	0.169354027563171	0.766857930944519	0.437015078832703	0.464381099950867	0.45211964212616	0.147042108861999	0.413707926672058	0.411348331396179	0.415298495885925	0.475891715002136	0.309319166601257	0.41135448007782	0.419258495763855	0.47842073801239	0.0580403936520384	0.44209994125946	0.330996126684265	0.588183985265808	0.411719102209168	0.301157983251648	0.578951781835632	0.686202222631531	0.483583821081238	0.414692064306335	0.442982428320007	0.417864171239929	0.407942928442078	0.494327153051453	0.148745630224304	0.42167812851532	0.44066008164032	0.40269962851532	0.42167812851532	0.381706105034851	0.522903255507507	0.465996714624695	-0.0908126131253051
ONECUT1-cg20056542-15-53083518	0.481268866308289	0.450010371069031	0.157722205297546	0.437145547094421	0.351289789465027	0.383826955053406	0.450808133215027	0.0559960685177613	0.449199903173523	0.462239156713562	0.98673700351532	0.4578764291745	0.370528452001648	0.414424696508484	0.298058072729187	0.478791167272644	0.184052696752625	0.473013358190613	0.347618742345886	0.476683598302918	0.443137148534851	0.376358565649109	0.448087729589539	0.355315500768738	0.480094188757019	0.185234278295593	0.372544174230652	0.203363149633484	0.317426720312195	0.402887517004089	0.486889684667664	0.41629457004364	0.447159776098328	0.514205669164734	0.416108751134949	0.951904661474304	0.374132953588562	0.459328812048035	0.0327564081173707	0.430489274877625	0.451728657690124	0.761042869848328	0.290435045995789	0.0986433985348511	0.843064301916199	0.868741449804382	0.458090470922547	0.382820013097839	0.0791604798336793	0.364126297643738	0.392036702367859	0.370566866857605	0.839106085973816	0.346150537572937	0.3734188510495	0.359598866735535	0.49188510898407	-0.0172712353762818	0.42522531223114	0.547657497655945	0.390552356237488	0.451107473180847	0.245990354223328	0.513836152807312	0.61574459360321	0.550906192052917	0.354652435278015	0.456533799291687	0.385134542211609	0.373964299413757	0.455829524023132	0.821658001195984	0.42167812851532	0.51214358164032	0.33121612851532	0.42167812851532	0.426308105034851	0.432441255507507	0.421394714624695	-0.201740220125305
ONECUT2-cg25547580-18-55103734	0.471431661352234	0.637545166112976	0.868791000341492	0.385142342138367	0.520122584508972	0.419586750097351	0.464019928258972	0.550741863561707	0.419933698217468	0.471916951757507	0.944493798559265	0.400329224218445	0.420355247045593	0.420725491552429	0.906489867773132	0.441315962316589	0.0573134917965699	0.460112153234558	0.580021537389832	0.405755393346863	0.520858943578796	0.422021360693054	0.412714524633484	0.387310295812683	0.717016983800964	0.397893073339539	0.649743969274597	0.645407944677429	0.44933651535614	0.406186312048035	0.517034479711609	0.405864365087585	0.540812571142273	0.446535464208679	0.388592546178894	0.237166456518249	0.396081748632507	0.47260360709198	0.0121072031613159	0.0052930699215698	0.50428945273407	0.855546664892273	0.842912841039734	0.668009193578796	0.203273096960144	0.376613244848328	0.497548265966492	-0.258642191858215	0.505382274877625	0.592578092687683	1.0259904974118	0.38950066190155	0.178533881017761	0.266148332616882	0.416596646093445	0.42155866177948	0.484336904028015	0.699644559667663	0.469246107275085	0.25758529269989	0.410882151281433	0.406417268224792	0.276511149267273	0.264653947851257	0.437634388647156	0.123822987096863	0.39631923032196	0.459538594335632	0.405723337255554	0.394955094457703	-0.288583680932922	0.461711796239929	0.42167812851532	0.35905158164032	0.48430812851532	0.42167812851532	0.291672605034851	0.590250755507507	0.556030214624695	-0.167764483125305
OSR2-cg02409878-8-99960498	-0.0773341349124144	0.408833369848328	0.0701842040768432	0.489890545873718	0.500223788244324	0.400632953832703	0.394559131994324	0.815841067297058	0.44208690195282	0.457664155492859	0.788689002294617	0.489980427953796	0.385931450780945	0.449312695287781	0.273746071508484	0.419403166051941	0.635905695531921	0.21054235696991	0.375473741125183	0.388103597082214	0.425591147314148	0.400811564428406	0.422162728368835	0.334913499548035	0.398006187536316	-0.13386872292511	0.392888173009949	0.818129148412781	0.442787719091492	0.383409515783386	0.462530683446961	0.383763568822937	0.436382774877625	0.440075667944031	0.436047749914246	0.247876660253601	0.390292952367859	0.425642810827332	0.780247406896667	-0.121735726343078	0.432669656469421	-0.0947291313723754	0.920324044775085	0.695385397314148	0.0135943006954956	0.845312448583679	0.438454469701843	0.459236011877136	0.540124478612976	0.398958296423035	0.383589701147156	0.349182865636902	0.242951084753113	0.661557536352234	0.480575849828796	0.387912865514832	0.0540341077633666	-0.134564236596985	0.411175311010437	0.526727496435242	0.440440355016785	0.389677471960144	0.810038353002625	0.502367151586609	0.316211592382507	0.535608190832214	0.907898434057312	0.437857798070984	0.394259540990906	0.378304298193054	-0.170491477197571	0.903413999975281	0.42167812851532	0.34057108164032	0.50278862851532	0.42167812851532	0.632730466675476	0.314631617148132	0.46846507626532	0.37447218551532
OSR2-cg22524061-8-99959430	0.39880432797821	0.290498832738953	-0.0496473330325318	0.423444008764343	0.445576251134949	0.258278416723328	0.366244594884949	0.774974530187683	0.400955364843445	0.425583618383484	0.645152465185242	0.514262890844421	0.33186791367157	0.401286158178406	1.02409753439911	0.388707628942566	0.795984158422546	0.436382819860535	0.829573204015808	0.267193059972839	0.349278610204773	0.642689027319031	0.41553219125946	0.31604096243866	0.745609650426941	0.247035739965515	0.669489635900574	0.421372611303406	0.420059181982117	1.17313897867401	0.406678146337586	0.246356031713562	-0.368724762231751	1.17978813083466	0.381063212804871	0.103800123144226	0.231735415258484	0.367930273717957	0.771545869787292	0.529550736547546	0.376325119360046	0.709852331518249	0.98511950766571	0.650020860204773	0.789048763586121	1.1425819114743	0.0113549325924683	0.480503474767761	-0.0836780584963988	1.15987375931366	1.15476816403778	0.336997328527527	0.0397265476437377	0.677762999242859	1.13014431271942	0.283847328405457	0.390864570653992	-0.30753577370636	0.350892773901062	0.457690959325867	1.18232081790741	0.419368934850769	1.05027581589325	0.622531614477234	0.319973055273132	0.760825653722839	0.244420896947937	0.366946260961609	0.727702003881531	0.240077761083679	0.432625985693054	0.762971462865906	0.42167812851532	0.58431008164032	0.25904962851532	0.42167812851532	-0.0637896318245239	0.529354518648132	0.43346197776532	0.40947528401532
OSR2-cg26570179-8-99960500	-0.0600452730960083	0.440663231664734	0.0986660658932496	0.480302407690124	0.56386665006073	0.424365815649109	0.38718199381073	0.724436929113464	0.436514763769226	0.446580017309265	0.744134864111023	0.483296289770203	0.405867312597351	0.356522557104187	0.27566793332489	0.420380027868347	0.579643557348328	0.234712218786316	0.403892602941589	0.410389458898621	0.504217009130554	0.412064426244812	0.425932590185242	0.367666361364441	0.408601049352722	-0.124500861108704	0.404347034826355	0.782844010229187	0.421423580907898	0.412720377599792	0.418076545263367	0.414081430639343	0.508745636694031	0.580480529760437	0.409823611730652	0.223395522070007	0.407960814184265	0.462767672643738	0.825247268713074	0.263113135473328	0.527724518285828	-0.0592682695559691	0.834206906591492	0.666257259130554	0.0273011625119019	1.10481531040009	0.47913033151825	0.457027873693542	0.573219340429382	0.425316158239441	0.407741562963562	0.395107727453308	0.219230946569519	0.68282139816864	0.431617711645203	0.413173727331238	0.411373969579773	-0.129072374780579	0.461075172826843	0.589419358251648	0.416157216833191	0.41093433377655	0.816724214819031	0.452911013403015	0.326075454198914	0.525241052648621	0.936309295873718	0.43625765988739	0.415313402807312	0.40220216000946	-0.0822386153811646	0.884969861791687	0.42167812851532	0.36125258164032	0.48210712851532	0.42167812851532	0.649500634175476	0.349941784648132	0.44328824376532	0.39964901801532
OTX1-cg04654530-2-63282702	0.454853867284851	0.406128372045593	0.137400206274109	0.400250548070984	0.286718790441589	0.391973956029968	0.432864134191589	0.755634069494324	0.378566904150085	0.439798157690124	0.952223004491882	0.068951430151062	0.42456845297821	0.403394697485046	0.979690073705749	0.477832168249207	0.0770766977291871	-0.262356640832825	0.396068743322449	1.01920459927948	0.486373149511414	0.439056566625671	0.411051730566101	0.8375745017453	1.08213418973358	0.252457279272156	0.389775175207214	0.467280150610046	-0.157209278711243	0.398558517980652	0.442914685644226	1.1796285710202	0.49727577707489	0.392426670141296	0.387233752111511	0.188859662450867	0.405454954565124	0.411716813024597	0.798378409093933	0.578232275854187	0.492013658666687	-0.0837941291751096	0.544310046972351	-0.00923660048858643	0.848942302892761	0.404478450780945	0.436167471899109	0.398784014074402	0.955829480810242	0.4051292986203	0.389640703344421	0.456944867834167	0.585060086950378	0.702113538549499	0.390406852026062	0.422895867712097	0.357827109960632	0.689089765600281	0.456886313207703	0.524367498632507	0.44958935721405	0.43721847415741	1.03978235519989	0.160180153783875	0.378027594579773	0.19289819302948	0.382099436254578	0.42009780026825	0.464102543188171	0.39984230039032	-0.245276475000305	0.886585002172546	0.42167812851532	0.23722108164032	0.60613862851532	0.42167812851532	0.253323978042664	0.42740212851532	0.418630587632507	0.505356188882507
OTX1-cg07974511-2-63283013	0.551240028051453	0.435255532812195	0.0994573670407105	0.543047708837585	0.246966951208191	0.42145611679657	0.517667294958191	0.868814230260925	0.509024064916687	0.554211318456726	1.07677716525848	-0.182518409082336	0.481001613744812	0.521630858251648	1.04586023447235	0.529409329015808	0.0636048584957886	-0.327634480066223	0.40630290408905	0.415364760046082	0.530231310278015	0.527227727392273	0.527990891332703	0.373578662511902	0.406707350500183	0.167622440038757	0.420895335973816	0.273402311376648	-0.170425117944641	0.415729678747253	0.558584846410828	0.415853731786804	0.544688937841492	0.429910830907898	0.521363912878113	0.209906823217468	0.408704115331726	0.520812973791199	0.161042569860535	-0.227903563379211	0.555514819433289	-0.0388939684085083	0.567523207738953	-0.0646194397219849	0.925460463659363	0.407155611547546	0.52128063266571	0.524913174841003	1.03024964157684	0.417030459386902	0.409477864111023	0.388804028600769	0.16589924771698	0.286905699316101	0.410308012792664	0.412141028478699	0.550198270727234	0.798282926366882	0.525075473974304	0.539663659399109	0.423594517980652	0.439047634924011	1.18295251596649	0.0797613145504761	0.380860755346374	-0.00200964620391841	0.409446597021179	0.518950961034851	0.430979703954773	0.410319461156921	-0.220929314233704	0.993818162939148	0.42167812851532	0.26612208164032	0.57723762851532	0.42167812851532	0.148175478042664	0.35020562851532	0.495827087632507	0.552525056882507
OTX1-cg10122865-2-63284132	0.463188435033875	0.357555939794617	0.847921774023132	0.478985115820007	-0.405352641809387	0.335641523778992	0.433577701940613	0.680649637243347	0.434170471899109	0.475863725439148	1.00346157224091	0.190148997900085	0.515627020727234	0.46091626523407	0.176136641454773	0.46248273599823	0.0160252654782106	0.218895926916199	0.382905311071472	0.323497167028503	0.431760717260437	0.341270134374695	0.465062298315125	0.717271069494324	0.309968757482605	0.479232847021179	0.321218742956238	0.56712471835907	0.276868289037781	0.332563085729675	0.42683325339325	0.864190138769226	0.441055344823914	0.32772023789032	0.449172319860535	0.97008223019989	0.324464522314148	0.447706380773621	0.126531976842957	-0.313780156396789	0.45300222641571	-0.121786561426086	0.233269614721375	-0.159130032739563	0.848314870641785	0.299812018529968	0.430404039648132	0.265588581823425	0.924103048559265	0.328141866369324	0.334391271093445	0.312470435583191	0.130139654699402	0.232040106298523	0.316358419775085	0.323801435461121	-0.0674593222903441	0.688518333349304	0.426761880956726	0.487155066381531	0.337336924963074	0.494115041906433	1.08788992294891	0.154817721532898	0.771521162328796	-0.0863812392214964	0.629601004003601	0.443476368017273	0.416512110937195	0.448628868139343	0.394339092748718	0.84910856992157	0.42167812851532	0.33133108164032	0.51202862851532	0.42167812851532	0.875441819675476	0.328066970148132	0.36995742926532	0.47297983251532
OTX1-cg21472506-2-63283967	0.558731506933289	0.438936011694031	0.101907845922547	0.557446187719421	-0.312781569909973	0.420171595678406	0.514819773840027	0.521352709142761	0.501091543798523	0.580224797338562	1.05674664414032	0.1317340697995	0.398071092626648	0.535134337133484	0.285532713354187	0.540848807897644	0.0717543373776246	0.0581199988156129	0.475206382970886	0.418897238927917	0.525953789159851	0.408046206274109	0.557895370214539	0.392276141393738	0.404889829382019	0.538682918920593	0.406347814855652	0.740007790258484	0.594617360937195	0.423484157629089	0.411040325292664	0.42106821066864	0.533808416723328	0.423799309789734	0.540488391759949	0.817787302099304	0.423809594213562	0.539436452673035	0.0396110487423707	-0.232083084497375	0.547807298315124	-0.0602324895266723	0.328679686620789	-0.0935649608401489	0.938049942541199	0.471655090429382	0.524455111547546	0.139787653722839	0.956486120458679	0.409429938268738	0.410318342992859	0.381586507482605	0.170435726598816	0.285665178197937	0.4112374916745	0.412748507360535	0.12414474960907	0.746487405248718	0.51239695285614	0.287607138280945	0.429370996862488	0.402443113805847	1.16830699484833	0.434962793432312	0.42132123422821	-0.00593416732208241	0.404605075903015	0.535568439916687	0.430040182836609	0.410612940038757	-0.277087835351868	0.994799641820984	0.42167812851532	0.0853105816403198	0.75804912851532	0.42167812851532	0.949651277175476	0.252454427648132	0.35627288676532	0.48666437501532
OTX1-cg23229261-2-63284066	0.477020415746765	0.443976920507507	0.926556754736023	0.470927096532898	-0.313304661096496	0.426142504491882	0.402113682653503	0.653729617956238	0.413278452612	0.404895706152039	0.978090552953797	0.0804419786129761	0.417388001440125	0.39927524594696	0.274634622167664	0.507285716711121	0.0785912461911011	0.259567907629089	0.407755291784363	0.420903147741394	0.484870697973328	0.423002115087585	0.444229279028015	0.387864050207214	0.446752738195496	-0.00416117226593021	0.409753723669128	0.580052699071961	-0.0498607302493286	0.428846066442566	0.36365823410614	0.441606119482117	0.500690325536804	0.41694421860321	0.427377300573425	0.257426210912781	0.429221503027039	0.481738361486511	0.161227957555847	-0.222687175683899	0.506637207128601	-0.0436775807131957	0.332547595434265	-0.0715930520266724	0.869173851354675	0.383850999242859	0.469438020361023	0.210231562536316	0.964075029272156	0.422919847082214	0.422413251806335	0.404347416296082	0.167109635412293	0.294243087011414	0.416846400487976	0.417537416174011	0.520434658422546	0.724554314062195	0.447547861669617	0.540916047094421	0.431230905675964	0.442451022619324	1.0093259036618	0.315400702245789	0.915623143041687	0.00128474149139407	0.407812984716492	0.461986348730164	0.468179091650085	0.427021848852234	-0.146104926538391	0.957854550634461	0.42167812851532	0.20466558164032	0.63869412851532	0.42167812851532	0.227172978042664	0.41583312851532	0.430199587632507	0.526211324882507
OTX1-cg25622366-2-63281139	0.452983881811218	0.43726838657196	0.707942220800476	0.455537562597351	-0.266549195032043	0.429255970556335	0.428433148717957	0.758597084020691	0.380792918676453	0.487138172216492	0.98104401901825	0.278684444677429	0.407691467504578	0.411654712011414	0.278224088232117	0.241558182775574	0.0716287122555542	0.347487373693542	0.403046757848816	0.415862613805847	0.524639164037781	0.416296581152039	0.434943745092468	0.373047516271667	0.525588204259949	0.486816293798523	0.417794189733582	0.703927165136414	-0.130033264184875	0.420466532507019	0.460806700170593	0.42262658554657	0.549664791601257	0.420463684667664	0.420421766637878	0.221646676977234	0.415650969091492	0.412335827550964	0.4499674236203	0.607030290380554	0.536929673193054	-0.0411951146487428	0.330834061498718	0.0271324140377808	0.854831317419128	0.449435465307312	0.479025486425476	0.439363028600769	0.964667495336609	0.423843313146668	0.414513717870789	0.387154882360535	0.221261101476746	0.569276553075867	0.415715866552429	0.415403882238464	0.472412124487	0.717805780126648	0.46211932773407	0.348857513158874	0.429120371740417	0.413608488683777	0.930917369726257	0.450248168310242	0.42875160910614	0.00244420755584718	0.409030450780945	0.417021814794617	0.862771557714539	0.421302314916687	-0.0093344604739381	0.530571016698914	0.42167812851532	0.36841158164032	0.47494812851532	0.42167812851532	0.279466478042664	0.48792462851532	0.358108087632507	0.569473627882507
OTX1-cg27364741-2-63281069	0.494647100805359	0.428123605566101	0.276630439794617	0.492803781591492	0.0461400239620972	0.410389189550476	0.437353367712097	0.736034303014832	0.417283137670593	0.492850391210632	0.97270423801239	0.34289166367157	0.395725686498718	0.434087931005554	0.305255307226257	-0.0942195982302857	0.0642219312496949	0.267228592687683	0.558735976842957	0.420828832799988	0.501788383031921	0.409436800146179	0.426493964086609	1.03868473526581	0.435877423254089	0.734315512792663	1.15617140872772	0.437345384130554	0.480100954809265	0.42371475150116	0.483501919164734	0.42142480454071	0.509216010595398	0.517128903661804	0.416364985632019	0.213899895971375	1.32040918808563	0.472731046545105	0.120691642614441	-0.0778994906253052	0.508824892187195	0.717006104345398	0.326822280492859	-0.0594943669680786	0.853657536413269	1.20459968430145	0.467234705419617	0.22885424759491	0.90414571433075	0.411723532140808	0.406038936864929	0.383353101354675	0.409199320470886	0.683370772070007	0.41760608554657	0.399590101232605	0.21749734348114	0.522098999120788	0.47804154672821	0.557279732153015	0.430648590734558	0.409248707677918	1.0649235887204	0.0533323873043824	0.364409828100281	0.0388704265499878	0.400070669775085	0.441396033788757	0.417741776708679	0.412142533910828	-0.153692241479797	0.308316235693054	0.42167812851532	0.16823808164032	0.67512162851532	0.42167812851532	0.304448651995789	0.546320802468445	0.261606261585632	0.682537693835632
OXT-cg06404175-20-3052692	0.491144887792664	0.424285392553406	0.125559226781922	0.141534568578796	0.554229810949402	0.411284976537781	0.421670154699402	0.390560090002136	0.456231924657898	0.434562178197937	0.296172024999695	0.525824450658875	0.390512473486023	0.469590717992859	0.269817094213562	0.274203188757019	0.649458718237	0.486725379674988	0.426685763830261	0.405251619787293	0.472880170019226	0.414069587133484	0.453811751073914	0.392409522253113	0.397604210241394	0.699679299779968	0.401596195715027	0.137873171117859	0.18635674179657	0.707314538488464	0.447692706152039	0.401682591528015	0.478795797582703	0.629161690649109	0.451844772619324	0.831520682958679	0.402099975072937	0.46570083353241	0.318175429601746	0.225792296361999	0.522074679174499	0.690553891332703	1.00376406748016	0.487515420019226	0.175770323400574	0.398854471288757	0.492021492406922	0.395443034582214	0.988059501318054	0.405377319128113	0.407419723852234	0.39058688834198	0.882990107458191	0.268620559057312	0.400384872533875	0.40592788821991	0.516778130468445	0.751188786108093	0.474973333715515	0.42077551914032	0.409361377721863	0.396082494665222	0.451224375707703	0.592375174291687	0.929705615087586	-0.0136977864627074	0.39464345676239	0.454016820776062	0.399847563695984	0.395215320898132	-0.170905454492493	0.895887022680359	0.42167812851532	0.62588008164032	0.21747962851532	0.42167812851532	0.835544935675476	0.275448086148132	0.45351354526532	0.38942371651532
P2RY2-cg04388983-11-72929844	0.431056192602234	0.397343697362976	0.748422531591492	-0.378989126611633	-0.284779884241028	0.396034281347351	0.439952459508972	0.583356394811707	0.400422229467468	-0.358532516992493	0.274620329809265	0.178586755468445	0.452401778295593	0.441331022802429	0.245764399023132	0.400427493566589	0.56721702304657	-0.214257315515442	0.443683068639832	0.380333924596863	0.457461474828796	0.378509891943054	0.435939055883484	0.954211827062683	0.816756515050964	0.420598604589539	1.1792165005246	0.412670475927429	0.45772704660614	0.710889843298035	0.481685010961609	0.376818896337585	0.469770102392273	0.372950995458679	0.444396077428894	0.17970198776825	1.25297227988251	0.44679313834198	0.811332734411316	-0.26919339882843	-0.42780301601593	-0.0786218038577269	0.763786372289734	-0.134408275171203	-0.0153283717898559	0.374880776098328	0.461036797216492	-0.286166660608215	0.0637928061276246	0.427831623937683	1.1666510286618	0.43571219315155	0.323238412267761	0.269004863866882	0.383865177343445	0.46333619302948	-0.282454564721985	0.718395090917664	0.422041638525085	0.57275482394989	0.389683682531433	0.390303799474793	0.252328680517273	0.519983479101257	0.928667919897156	0.299977518346863	0.49763176157196	-0.407640874414368	0.375115868505554	1.1766776257077	0.435232850317078	0.930462327489929	0.42167812851532	0.29989408164032	0.54346562851532	0.42167812851532	0.347355983675476	0.551305134148132	0.47625959326532	0.36667766851532
PARP14-cg01948202-3-122400474	-0.378094497217102	0.73924400754364	0.903433841772156	-0.00577081643096922	0.566183425939636	0.420782591528015	-0.394818230310364	0.117565704992371	0.448312539648132	0.468099793188171	0.265944639989929	0.252465065649109	1.20582908847626	-0.355601667016907	1.0669437092038	0.422459803747253	0.432878333227234	0.507019994665222	0.828594378820496	1.00155823477753	-0.44794521499054	0.894055202123718	-0.340766633935852	0.747293137243347	1.08696782523163	0.471383914770203	0.377627810705261	0.117832786108093	-0.0983826432131959	0.426685153478699	0.429829321142273	0.39383420651825	-0.422530587427063	0.453173305639343	-0.394287612390442	0.203641297948914	0.391576590063171	-0.425135551477356	0.72642604459198	0.618395911352234	0.318737294164734	0.0360525063229371	0.336824682470398	0.463361035009461	0.743561938390808	0.367515086278992	-0.435711892602844	0.492385649572449	0.111080116308289	0.951758934118347	0.396590338842468	0.894708503332214	0.158037722448425	1.18027117404755	0.381171487524109	0.395987503210144	0.383709745458679	0.528381401098328	0.47103994870575	0.332943134130554	0.975262992712097	1.10336810965546	0.835481990697937	0.190807789281921	1.06077823007782	0.773862828527527	0.936810071752625	0.391437435766296	0.383100178686218	0.384259935888367	0.267899160497742	0.921396637670593	0.42167812851532	0.60385658164032	0.23950312851532	0.42167812851532	0.556663605034851	0.890840755507507	0.291039214624695	0.0937046348746948
PAX2-cg05195067-10-102509038	0.486608422460632	0.419913927221374	0.48431276144989	0.0328191032467652	0.554549345617371	0.41989351120575	0.437035689367371	0.093739624670105	0.420213459325867	-0.205909287134094	0.344420559667664	0.169846985326843	0.422525008153992	0.292643252660828	0.260431628881531	0.485080723424988	0.0610712529049683	0.451235914342957	0.38103229849823	0.463922154455261	0.393299704687195	0.401003121801453	0.480919285741882	0.381210056921082	0.413664744909363	0.281512834447937	0.392779730382996	0.429803705785828	0.499067276464538	0.892239073156433	-0.0370937591799925	0.416720126195984	0.477481332250671	0.592349225317078	0.464374307287292	0.507803217626648	1.25604850974091	0.452484368200378	-0.00304503573028558	0.231346831029968	-0.400612786157532	0.443928426000671	0.385810602148132	0.249434954687195	0.837787858068543	1.24656000595673	0.45081002707489	0.375853569250183	0.079157035986023	0.470887853796082	0.546132258520203	0.510753423009949	0.56723064212616	0.696114093725281	0.410268407201843	0.422051422887878	-0.363231334863586	0.389923320776062	0.455948868383484	-0.0186939461917114	0.495925912389832	0.404804029333191	0.634922910375671	0.543409708959656	0.317462149755554	-0.0158772517947387	0.601595991430359	0.435467355444031	0.434882098363953	1.1073488555661	0.378934080175476	0.920876557348328	0.42167812851532	0.46455208164032	0.37880762851532	0.42167812851532	0.918634724675476	0.332724875148132	0.38126133426532	0.46167592751532
PAX3;CCDC140-cg06916239-2-223162881	0.487689309423523	0.372097814184265	0.789300648412781	0.463933990209656	0.511187232580261	0.36378839816864	0.465342576330261	0.731385511632996	0.0962813462887573	0.484910599828796	0.973729446630554	0.0944418722897339	0.361154895116882	0.410279139623718	1.00657551584442	0.471014610387879	0.000246139867858874	0.441498801305847	0.352745185461121	0.422157041418152	0.446989591650086	0.354528008764343	0.420833172704773	0.322522943883972	0.360408631872253	0.680062721410828	0.580613617345886	0.503956592748718	-0.357679836572571	0.830162960119324	0.341789127782898	0.366522013158875	0.462827219213562	1.09407011227997	0.276987194250183	0.979067104589539	1.1560343967038	0.449838255163269	0.029290851232605	0.544771717992859	0.240372100805359	-0.0584296870364379	0.653332489111023	-0.159594158349914	0.425400745031433	0.323986892919617	0.358122914037781	0.122237456213074	0.954103922948914	0.372059740758972	0.395365145483093	0.345158309972839	0.26331152908905	1.07255198068817	0.372446294164734	0.359677309850769	0.476183552099304	0.648994207738953	0.450803755346374	0.0992079407711792	0.502693799352722	0.347035916296082	1.12371779733856	0.449520595922546	0.853126036718445	0.312295635168152	0.35043787839325	0.102763242406921	0.365410985326843	1.12423874252899	-0.274993032861633	0.835607444311218	0.42167812851532	0.47762808164032	0.36573162851532	0.42167812851532	0.237814478042664	0.45282562851532	0.393207087632507	0.666535321882507
PAX3;CCDC140-cg10416206-2-223162797	0.449574299535828	0.43605980429657	0.948417638525086	0.33375098032196	0.428331222692566	0.434099388280945	0.472078566442566	0.3806785017453	0.418680336401062	0.457582589941101	1.01393243674286	0.489716862402039	0.407998885229187	0.425793129736023	0.997007505956726	-0.359192399499817	0.0760161299801635	0.522317791418152	0.380090175573425	0.402679031530457	0.25270258176239	0.409660998876648	0.470794162817078	0.869567933996277	0.414174621984558	0.739552711523132	0.718053607458191	0.164611582861023	-0.310324846460266	0.407389950231628	0.0776031178952027	0.414540003271179	-0.254446790674133	1.24398810239227	0.278401184362488	1.03159509470184	0.398889386816101	0.444565245275574	0.0816358413449096	0.331277708105164	0.499218090917664	-0.0547586969241334	0.728423479223328	0.30095283176239	0.764831735143738	0.365599883031921	0.182718904150086	0.518564446325378	0.955218913061218	0.424128730871277	0.398448135595398	0.399740300085144	0.615857519201355	0.349013970800476	0.781810284277038	0.415363299963074	0.502782542211609	0.762963197851257	0.451248745458679	0.244901930883484	0.390733789465027	0.641698906408386	0.317873787450867	-0.046334413965149	0.48042702683075	0.240600625280457	0.834983868505554	0.486907232519226	0.420954975439148	1.2104117326413	-0.294803042749329	0.933031434423523	0.42167812851532	0.10662458164032	0.73673512851532	0.42167812851532	0.314536151995789	0.536233302468445	-0.0520772384143677	0.668722037835632
PAX3;CCDC140-cg16529477-2-223164854	0.487020307226257	0.424471811987	0.109045646215515	0.37772598801239	0.0699952303829956	0.366635395971375	0.478045574132995	0.58559750943573	-0.0877836559085083	-0.0280624023684692	1.03512144443329	0.360697870092468	0.414776892919617	0.479250137426453	0.865575513647156	0.437592608190613	0.0463841376705934	-0.0822532008914184	0.390437183263855	0.407744039220886	0.44668058945282	0.529911006567078	0.469843170507507	0.345542941686707	0.553196629674988	0.571398719213562	0.367078615148621	0.143902590551453	0.419639161230164	0.924605957922058	0.366771125585632	0.704846010961609	0.468788217016297	0.350348110082703	0.459417192052917	0.395009102392273	0.364354394506531	0.456581252966003	0.135320849035339	0.635110715795593	0.482199098608093	0.808002310766296	0.445477486913757	0.67957583945282	0.0326427428341676	0.327894890722351	0.410630911840515	0.339432454015808	0.688402920751648	0.391083738561707	0.804812143285828	0.422745307775574	0.544671526891785	0.360137978490906	0.406031291967468	0.372446307653503	0.0178135499020386	0.700279205541687	0.456995753149109	-0.0881090614260865	0.703764797155456	0.441843914098816	1.0629457951413	0.441190593725281	0.295378034521179	-0.0531393670291138	0.821432876195984	0.467682240209656	0.385469983129578	0.354603740331726	-0.039531035058899	0.497235442113953	0.42167812851532	0.39883508164032	0.44452462851532	0.42167812851532	0.0546794780426635	0.45378862851532	0.392244087632507	0.478151791882507
PAX3;CCDC140-cg18077971-2-223164867	0.53404535117157	0.410189855932312	0.0884996901608278	0.312642031957703	0.269569274328308	0.401290439916687	0.503181618078308	0.579005553381042	-0.326152611963196	0.00277964157684335	1.0878914883786	0.521082914037781	0.426693936864929	0.530860181371765	0.614479557592468	-0.287044347864075	0.057422181615906	-0.299662156946106	0.400235227209168	0.393402083166199	0.483470633398132	0.43993505051239	0.50685121445282	0.358095985632019	0.7110196736203	0.575304763158875	0.392390659093933	0.130513634496765	0.526837205175476	0.995320001867371	0.416218169530945	0.529952054906921	0.485054260961609	0.385366154028015	0.46706823599823	0.275543146337585	0.388743438451843	0.484016296911316	0.00827189298065195	0.648127759740906	0.515480142553406	0.832148354711609	0.62365253085907	0.748405883398132	-0.00719721322051986	0.352722934667664	0.435209955785828	0.310035497961121	0.50326496469696	0.394071782507019	0.45662018723114	0.398656351720886	0.741225570837097	0.287261022436218	0.406725335912781	0.383993351598816	-0.245032406152649	0.677290249487	0.490106797094421	-0.314052017480774	0.885432841100769	0.400026958044128	1.12409083908661	0.620710637670593	0.315917078466492	-0.0328243230838011	0.508881920141296	0.490012284154968	0.40540502707489	0.381992784277039	-0.267206991113586	0.773063486059265	0.42167812851532	0.41607508164032	0.42728462851532	0.42167812851532	0.103143978042664	0.34670912851532	0.499323587632507	0.546337403882507
PAX6-cg09224689-11-31825166	-0.117915961694641	0.443043543066101	0.111753377294617	0.546137719091492	0.0297549614620971	0.432982127050476	0.278905305212097	0.359873240514832	0.456341075170593	-0.273187671289368	0.65891017551239	0.17391960117157	0.417790623998718	0.482726868505554	0.272940244726257	0.394969339269714	0.0799268687496948	0.445522530187683	0.409887914342957	0.965156770299988	0.455034320531921	0.430316737646179	0.496759901586609	0.376656672765808	0.411032360754089	-0.0144575497073365	1.28326934622772	0.191240321630554	-0.288288107690735	0.42989768900116	0.341669856664734	0.46272274204071	0.487581948095398	0.852316841161804	0.490247923132019	0.249653833471375	0.425267125585632	0.466854984045105	0.0338175801144409	-0.209818553125305	0.484145829687195	0.028111041845398	0.344107217992859	0.729829570531921	0.898490473913269	0.397765621801453	0.473814642919617	0.0872371850949096	0.113998651830749	0.427400469640808	1.04772187436493	0.419293038854675	0.271195257970886	0.359901709570007	0.43651402304657	0.438900038732605	0.50876528098114	0.189484936620789	0.47827948422821	0.490747669653015	0.749441528234558	0.575963645177918	1.0792005262204	0.0469613248043823	0.871899765600281	0.208022364049988	0.413970607275085	-0.202424028711243	0.424815714208679	0.464666471410828	-0.273701303979797	0.0780481731930541	0.42167812851532	0.44420308164032	0.39915662851532	0.42167812851532	0.340619605034851	0.554093755507507	0.507083214624695	-0.0773552951253051
PAX6-cg09656389-11-31839790	0.453462419164734	0.983244923925476	0.0484607581539918	0.492547099950867	0.530066342321472	0.836127507909851	0.394025686071472	0.717790621374207	0.385114456029968	0.441602709570007	1.02144155637177	0.395404982030945	0.473933004858093	0.405626249364929	0.271934625585632	-0.0232892798709106	0.12881024960907	0.407695911047058	0.456985295202332	0.414671151159363	0.463418701391296	0.438946118505554	0.397476282445984	0.402454053625183	0.394228741613464	0.685077831152039	0.520964727087097	0.487764702489929	-0.16870872683136	0.356555069860535	0.455300237524109	0.360375122900085	0.483798328954773	0.398435222021179	0.456102303991394	0.39472321433075	0.365207506445007	0.45070536490448	0.128334960973816	-0.27938817226593	0.48615721054657	0.749275422704773	0.436056598852234	0.139116951391296	0.837933854772644	0.409657002660828	0.454555023778992	0.417728565954285	0.558352032690124	0.383412850500183	0.362519255224304	0.40264941971405	0.600876638830261	0.243176090429382	0.388706403905945	0.43994541959198	0.428643661840515	0.681313317480164	0.440019865087585	0.42469005051239	0.754636909093933	0.383782026037293	0.314013907079773	0.460282705663757	0.903655146459656	0.0780087449093629	0.37196798813446	0.433955352148132	0.414965095068054	0.504758852270203	-0.270582923120422	0.415093554052429	0.42167812851532	0.31451258164032	0.52884712851532	0.42167812851532	0.215188970675476	0.690364121148132	0.41541758026532	0.42751968151532
PAX6-cg11128216-11-31825833	0.451046435033875	0.392886939794617	0.0737477740231325	0.458765115820007	0.508339358190613	0.398885523778992	0.410304701940613	0.389597637243347	0.415171471899109	0.459446725439148	0.815948572240906	0.342454997900086	1.04896502072723	0.44533626523407	0.243575641454773	0.43288373599823	0.43967426547821	0.443520926916199	0.392887311071472	1.0561791670285	0.425570717260437	0.434059134374695	0.446342298315125	0.380167069494324	0.359157757482605	0.435450847021179	0.690077742956238	0.44675571835907	-0.314847710962219	0.404757085729675	0.22610525339325	0.557031138769226	0.443900344823914	0.37168423789032	0.434170319860535	0.20962923019989	0.401945522314148	0.444331380773621	0.00665497684295663	-0.26900715639679	0.45508822641571	0.212237438573914	0.873713614721375	0.334999967260437	0.856319870641785	0.395969018529968	0.208868039648132	0.394990581823425	0.341120048559265	0.878609866369324	0.381881271093445	0.518883435583191	0.673319654699402	0.843715106298523	0.896216419775085	0.408799435461121	-0.395083322290344	0.186818333349304	0.416391880956726	0.488302066381531	0.938068924963074	0.558753041906433	1.08067392294891	-0.037187278467102	0.563318162328796	0.000426760778503454	0.388890004003601	0.069537368017273	0.426882110937195	0.413789868139343	-0.296453907251282	0.84962156992157	0.42167812851532	0.0796775816403199	0.76368212851532	0.42167812851532	0.131382978042664	0.44177712851532	0.404255587632507	0.447302930882507
PAX6-cg11827910-11-31825756	0.445573018529968	0.83643252329071	-0.0129796424807739	0.455193699316101	0.493953941686707	0.308119107275085	0.398716285436706	0.488938220739441	0.411507055395203	0.419296308935242	0.677395155736999	0.0443235813961792	0.356652604223328	0.433412848730164	0.673524224950867	0.397910319494324	0.208315848974304	0.448006510412293	0.295773894567566	0.426184750524597	0.403817300756531	0.311781717870789	0.441172881811218	0.266286652990417	0.292205340978699	0.609893430517273	1.18193232645233	0.549099301855164	0.410796872533874	0.299458669225769	0.435318836889343	1.17073172226532	0.421963928320007	1.05110782138641	0.431014903356628	0.652828813695984	0.290905105810242	0.412442964269714	0.34439256033905	-0.332998572900696	0.427858809911804	-0.0118559779299927	0.823356198217468	0.186182550756531	0.840520454137878	1.17004160202606	0.413728623144226	0.377234165319519	0.468949632055359	0.326452449865417	0.493997854589539	0.388200019079285	0.113579238195496	0.440818689794617	0.289427003271179	0.362060018957214	-0.47845173879425	0.544145916845398	0.41297146445282	0.509292649877624	0.303613508459168	0.788243625402527	1.09612750644501	0.463689305028992	1.01045374582489	0.157113344274597	0.291259587499695	0.416932951513367	0.312268694433289	0.538944451635437	0.439810676244812	0.879467153417663	0.42167812851532	0.17709308164032	0.66626662851532	0.42167812851532	0.118400169636414	0.40921632010907	0.450535779226257	0.436787576476257
PAX6-cg12086936-11-31832879	-0.150935698755188	0.361781806005554	0.83974464023407	0.476111982030945	-0.397963775598449	0.349986389989929	0.41422956815155	0.714082503454285	0.441612338110046	0.464962591650085	0.894762438451843	0.168208864111023	0.332356886938171	0.415376131445007	1.03877050766571	0.442014602209167	0.00132613168914802	-0.407358206872864	0.76503817728241	0.334233033239441	0.447987583471375	0.345202000585632	-0.410338835473938	0.296647935705261	0.737183623693543	-0.0468462867678832	0.333166609167175	0.0665015845700074	0.433741155248718	0.345736951940613	0.478178119604187	0.345666004980164	0.460177211034851	0.335392104101257	0.404881186071472	0.529932096410828	0.336392388525085	0.443350246984558	-0.0325711569461059	0.595563709814148	0.244973092626648	0.790076304784851	0.871258480932312	-0.105609166528625	0.0120527368527222	0.887652884740906	0.44779490585907	0.441594448034363	0.0263419147702027	0.628278732580261	1.08373313730438	0.710756301794129	0.752484520910339	0.88450097250946	0.421815285986023	0.335292301672058	0.443814543920593	0.651524199560242	0.446427747167664	0.539383932592468	0.340273791174011	0.330527908117371	0.205497789159851	0.473239587743836	0.438320028539734	-0.0587463730105591	0.351653870214539	0.42074223422821	0.379879977148132	0.454621734350281	-0.352342041040344	0.473808436132507	0.42167812851532	0.47960208164032	0.36375762851532	0.42167812851532	0.153398978042664	0.35643512851532	0.489597587632507	0.490098839882507
PAX6-cg16865446-11-31822302	0.506227904272156	0.436100409032898	0.0824982432614135	0.514155585058288	-0.297289172571106	0.429849993017273	0.470173171178894	0.241457106481628	0.47041894113739	-0.307171805322571	0.516573041479187	0.353163467138367	0.426705489965515	0.490528734472351	0.270427110693054	-0.298700794763489	0.0513077347164916	0.50645639615448	0.425414780309753	0.607590636266785	0.446997186498718	0.414278603612976	0.506743767553406	0.577257538732605	0.413040226720886	0.32372531625946	1.24767721219452	0.610110187597351	0.436707758276062	0.539832554967956	0.391510722631531	1.28260260800751	0.460206814062195	0.391523707128601	0.479072789098816	0.254362699438171	0.400301991552429	0.452046850011902	0.0611814460812378	0.634276312841491	0.462548695653992	-0.0561150921878052	0.309171083959656	0.232855436498718	0.883962339880066	0.359658487768249	0.417486508886414	0.145791051061706	0.919596517797546	0.405993335607605	0.395628740331726	0.392485904821472	0.233240123937683	0.357991575536804	0.385742889013367	0.394690904699402	0.199546146947937	0.557045802587585	0.466794350195007	0.533132535619812	0.690174394201355	0.844981511144714	1.12240839218719	0.187693190771179	0.972530631567078	0.0577362300167847	0.453001473241882	0.203954837255554	0.409234580175476	0.411265337377624	0.272857561986999	0.666243039159851	0.42167812851532	0.0113780816403199	0.83198162851532	0.42167812851532	0.028691888675476	0.587921039148132	0.42177449826532	0.42116276351532
PAX6-cg20014398-11-31825792	0.465098915136414	0.484046419897156	0.0220282541256714	0.476262595922546	0.504557838293152	0.354299003881531	0.368030182043152	0.226021117345886	0.427781952001648	0.405213205541687	0.554974052343445	0.260455478002624	0.333702500829773	0.450501745336609	0.674956121557312	0.373879216100769	0.32332274558075	0.459747407018738	0.355886791174011	0.977675647131042	0.411845197362976	0.374105614477234	0.443144778417664	0.292647549596863	0.320085237585144	0.690324327123718	0.896535223058777	0.594142198461609	-0.0131042308596802	0.326276565832214	0.317922733495789	1.21332361887177	0.424592824926453	0.474715717992859	0.441426799963074	0.186070710302429	0.889222002416687	0.42488086087616	0.0152344569454956	-0.30928467629425	0.42647270651825	-0.0832940813235473	0.419991094823914	0.577937447362976	0.849709350744324	1.20191049863251	0.412481519750671	0.425210061925964	0.486970528661804	0.350325346471863	1.02789575119598	0.33129191568573	0.422202134801941	0.758792586401062	0.323512899877625	0.36476291556366	-0.457592842187805	-0.0184251865481568	0.416320361059265	0.52006854648407	0.748798405065613	0.452478522008972	1.08566540305145	0.124188201635437	0.892389642431336	-0.0226997591189575	0.56597848410614	0.112722848119812	0.328695591039734	0.371629348241882	-0.00606142714874275	0.774368050024109	0.42167812851532	0.0305795816403199	0.81278012851532	0.42167812851532	0.093724390175476	0.486943540648132	0.38703999976532	0.45589726201532
PAX6-cg21764190-11-31835534	0.570145414770203	0.441339919530945	0.128194753759461	0.578064095556335	0.566577337926941	0.43617750351532	0.529462681676941	0.117827616979675	0.517126451635437	-0.244523294824524	0.318512551977234	0.433170977636414	0.412652000463562	0.521894244970398	0.409517621191101	0.206770715734558	0.0830902452145386	0.541682906652527	0.4097622908078	0.422122146764832	0.544904696996765	0.428196114111023	0.526649278051453	0.426227049230652	0.429721737218933	-0.112750173242493	0.463342722692566	0.153286698095398	0.526907268774109	0.428880065466003	0.526860233129578	0.430951118505554	0.561890324560242	0.420725217626648	0.559539299596863	0.258947209936218	0.420984502050476	0.550484360509949	0.0327719565792846	-0.215063176660461	0.570535206152039	0.358253418310242	0.392086594457703	-0.0235830530032349	0.932645850378113	0.392675998266296	0.554873019384461	-0.232472438440247	0.0989430282955933	0.471039846105652	0.422890250829773	0.396125415319519	0.20630663443573	0.300388086034851	0.420571399511414	0.422995415197449	-0.351993342554016	0.783207313085632	0.534057860693054	0.640479046117859	0.583121904699402	0.440515021642761	0.291057902685242	-0.0365462987307739	0.420197142065125	0.0131227405148316	0.431922983739929	0.161460347753601	0.433523090673523	0.416866847875671	-0.253894927514954	0.157129549657898	0.42167812851532	0.21581058164032	0.62754912851532	0.42167812851532	0.294920858636414	0.49188900910907	0.618852468226257	0.354114887476257
PAX6-cg25949958-11-31833007	0.230520970434265	0.445297475195007	0.873424309423523	0.553372651220398	-0.303457106408996	0.434219059179382	0.490040237341003	0.765986172643738	0.494980007299499	0.433468260839539	0.601500107641296	0.238039533300476	0.434461556127624	0.49124180063446	0.314695176855164	0.420306271398621	0.0910958008786011	-0.325389537683411	0.419732846471863	0.420420702428894	0.526107252660828	0.416634669775085	-0.316342166284485	0.375994604894714	0.421818292882996	-0.12823061757843	0.419881278356628	0.144531253759461	0.566388824438171	0.430517621130066	0.56275978879364	0.424876674169617	0.538604880224304	0.42398177329071	0.492555855260925	0.239318765600281	0.438341057714539	0.512402916174011	0.0234275122433472	0.636632379003601	0.240250761816101	0.677374973974304	0.985884150121765	-0.0724984973391724	0.0503544060421753	0.389620553930359	0.515690575048523	0.473230117223816	0.0987355839596559	0.423911401769714	0.423281806493835	0.408938970983582	0.239192190099793	0.351624641698914	0.426755955175476	0.424237970861511	-0.332623786889954	0.205817868749695	0.516616416357117	0.548622601781921	0.419516460363464	0.429339577306824	0.292865458349304	0.469457256933289	0.329606697729187	0.00639429617889414	0.421135539403992	0.496844903417664	0.430893646337585	0.411050403539734	-0.272918371850891	0.0780301053219604	0.42167812851532	0.63277958164032	0.21058012851532	0.42167812851532	0.146829478042664	0.33943662851532	0.506596087632507	0.526941200882507
PAX9-cg00970313-14-37125914	0.441220109716492	1.23912761447723	0.36992244870575	0.236181790502624	0.40937703287323	0.409301198461609	0.39379037662323	0.0941383119259644	0.409163146581726	0.479823400121765	0.940369246923523	0.431351672582703	0.552777695409851	0.415960939916687	0.24841531613739	-0.357469589319153	0.337781940160828	0.462099601598816	0.368326985754089	0.459199841711121	0.437334391943054	0.483855809057312	0.424783972997742	0.340593744176941	1.18349143216522	0.668876521703796	0.403733417638855	0.555452393041687	0.489784963720398	1.01782576041229	-0.356751071924133	1.05460481345184	0.509190019506531	0.377421912572937	0.387055994543152	0.587093904882507	0.609403196996765	0.346878055456238	0.287222651525574	0.575938518285828	0.239108901098328	0.795255113256531	0.294867289403992	0.632601641943054	0.188595545324402	0.351687693212585	0.44434471433075	0.381828256506042	0.490577723241882	0.383067541051941	0.416723945776062	0.358372110265808	0.790429329382019	0.34318178098114	0.383730094457703	0.387161110143738	0.508267352392273	0.201975008031921	0.439786555639343	-0.331213258935852	0.894343599645691	0.70433071658905	0.972153597631531	0.453244396215515	0.542334837011414	0.0224324354611207	0.806892678686218	0.41629404269989	0.378989785619812	0.68562054282196	0.305499767431335	0.646462244604187	0.42167812851532	0.57807308164032	0.26528662851532	0.42167812851532	0.687865397675476	0.344565548148132	0.36873900726532	0.47419825451532
PAX9-cg04415798-14-37128586	0.450984373632507	0.34452987839325	0.537664712621765	-0.11160494558136	0.518756296789246	0.339094462377625	0.401464640539246	0.33712557584198	0.411258410497742	0.474366664037781	1.00193051083954	0.476023936498718	0.316882959325867	0.430360203832703	0.995809580053406	0.345871674596863	0.340624204076843	0.462943865514832	0.317153249670105	0.425679105627136	0.41679965585907	0.386373072973328	0.436367236913757	0.358932008092957	0.323323696081238	0.683565785619812	0.933805681554871	0.0468596569577027	0.0773992276364137	0.628893024328308	0.414491191991882	1.24361407736786	0.454000283422546	0.331284176488953	0.447762258459168	0.361728168798523	1.27594446091278	0.410049319372253	0.356620915441589	-0.243092217798157	0.467032165014343	0.746876377172546	0.698030553320007	-0.19151209414093	0.472047809240418	0.941582957128601	0.440274978246765	0.174339520422058	0.732711987157898	0.348952804967957	0.311935209692078	0.313961374181824	0.853142593298035	0.175149044897156	0.352006358373718	0.401651374059753	0.451630616308289	0.029842271947937	0.434097819555359	-0.400523995019836	0.775853863561706	0.418748980505066	0.637916861547546	0.569816660131531	0.811659100927429	0.0936486993771363	0.730195942602234	-0.0622856933840942	0.913608049535828	1.13330180673798	0.350749031347351	0.912664508520203	0.42167812851532	0.46802758164032	0.37533212851532	0.42167812851532	0.833087949175476	0.295985099648132	0.39845555876532	0.44448170301532
PCDHB19P-cg19727801-5-140619446	-0.0711303998049926	0.35697110495575	0.559362939184265	0.25700628098114	0.405984523351746	0.365117688940125	0.418398867101746	0.45127180240448	0.427149637060242	0.446723890600281	0.521035737402039	0.351600163061218	0.860649185888367	0.478920430395203	0.705570806615906	0.451107901159363	0.746083430639343	0.441327092077332	0.395127476232605	0.876453332189636	-0.15677111757843	0.417605299535828	0.445278463476257	0.403792234655457	0.720719922643738	0.647486012182312	0.963303908117371	0.649257883520203	0.453815454198914	1.21103825089081	0.171103418554382	0.460123303930359	-0.173086490014954	0.379982403051453	0.422917485021667	0.841125395361023	0.323529687475281	0.327578545934753	-0.0486898579959105	0.590606008764343	-0.437198608423157	0.520051603735046	0.393090779882507	0.67753213242157	0.498817035802918	0.841763183691101	0.325691204809265	-0.0634502530154418	0.850254213720398	0.390763031530457	0.345367436254578	0.714319600744324	0.111337819860535	0.763141271459656	0.362908584936218	0.411555600622253	-0.412091157129212	0.307240498510437	0.391730046117859	-0.370851768457337	0.876770090124207	0.450544207067566	0.522832088110046	0.637846886694031	0.258406327489929	0.735877925939636	0.401582169164734	0.424392533178406	0.381005276098328	0.331572033300476	-0.189367742090149	-0.0101662649172973	0.42167812851532	0.39293108164032	0.45042862851532	0.42167812851532	0.463539540175476	0.236886690648132	0.45484214976532	0.38809511201532
PCDHB9-cg01274907-5-140568075	-0.442356495019836	0.373990009740906	0.492445843969421	0.460784185766296	0.499621428136902	0.807535593725281	0.420576771886902	0.851351707189636	0.442174541845398	0.451447795385437	1.05883864218719	-0.238415932153625	0.974171090673523	0.476884335180359	0.806854711401062	0.420892805944519	0.4142483354245	0.335500996862488	0.358941381017761	0.412718236974792	0.027195787206726	0.551907204320984	0.455765368261414	0.822035139440613	1.15397882742889	0.639406916967468	0.800405812902527	0.848082788305359	0.17570835898407	1.13822015567596	-0.170387676660461	0.337852208715515	-0.372035585229797	0.330078307836609	0.426640389806824	0.130459300146179	0.316026592260437	0.40904945071991	0.202458046789246	0.3350569135495	-0.459630703638001	0.752512508520203	0.383442684667664	0.619318037206726	0.468262940588074	0.312087088476257	0.401211109594421	0.353476651769714	0.582364118505554	0.426846936315613	0.778358341039734	0.36269350552948	0.299816724645691	1.05778517624481	0.463439489721375	0.43015250540741	0.305651747655945	0.623553403295593	0.389622950903015	-0.39960786367218	0.390805994909363	0.454906111852722	0.385100992895203	0.700885791479187	0.274788232275085	0.457463830724793	0.40841507394989	0.426321437963562	0.364139180883484	0.338289938085632	-0.304343837304993	0.737952639867859	0.42167812851532	0.15787508164032	0.68548462851532	0.42167812851532	0.101815910636414	0.37004506110907	0.502172520226257	0.475958835476257
PCDHGA4;PCDHGA11;PCDHGA9;PCDHGA1;PCDHGB1;PCDHGB6;PCDHGA12;PCDHGB3;PCDHGB7;PCDHGA6;PCDHGA8;PCDHGA10;PCDHGA5;PCDHGB4;PCDHGA3;PCDHGA2;PCDHGA7;PCDHGB2;PCDHGB5-cg07489502-5-140811642	0.136264556982117	0.534087061742859	0.678143895971374	0.45338923776825	0.481946480138855	0.328168645727234	0.389331823888855	0.668431759191589	0.441879593847351	0.44815484738739	0.878080694189148	0.521293119848328	0.336267142675476	0.445901387182312	0.497334763403015	0.436331857946472	0.0807083874264527	0.455371048864441	0.357440433019714	1.08155928897675	0.376490839208679	0.399203256322937	0.418711420263367	0.568754191442566	0.532192879430847	0.334500968969421	0.28833986490448	0.627034840307312	0.442761410986023	1.08599020767792	-0.0560906246585081	0.610842260717468	0.0778754667721558	0.338640359838562	0.350481441808777	0.450357352148132	0.59752364426239	0.385673502721863	-0.0967069012088014	0.583037965551453	-0.0277396516360474	0.744115560522156	0.249373736669617	0.622443089208679	0.0908199925900269	0.88329814047821	0.353284161596375	0.407928703771667	0.656809170507507	0.388781988317566	0.309729393041687	0.284343557531433	0.0970427766476441	0.401440228246765	0.289460541723328	0.332549557409363	0.422119799657898	0.614356455297546	0.360711002904968	0.463679188329773	0.364653046911316	0.296680163854675	1.02224404489716	0.55453984348114	0.978321284277039	0.786580882726746	0.414263125951843	0.403302489965515	0.625581232885437	0.407524990087585	-0.38973678530304	0.507371691869812	0.42167812851532	0.40950808164032	0.43385162851532	0.42167812851532	0.171138887136414	0.33585803760907	0.568880496726257	0.510145858976257
PCDHGA4;PCDHGA6;PCDHGA1;PCDHGA5;PCDHGB1;PCDHGB4;PCDHGA3;PCDHGA2;PCDHGA8;PCDHGA7;PCDHGB2;PCDHGB3-cg00758915-5-140773539	-0.36134575429718	0.515012750463562	0.0971535846920778	0.490352926488953	0.508186168859558	0.428288334447937	0.427552512609558	0.817311447912292	0.451962282568054	0.459896536108093	0.921088382909851	0.591217808569031	0.891826831396179	0.229425075903015	0.250436452123718	0.212504546667175	0.675189076147156	0.376578737585144	0.885452121740418	0.422222977697449	-0.238875472070618	0.47042394504364	0.43765710898407	0.881507880163269	0.37524056815155	-0.0900533423098756	0.390333553625183	0.867741529028015	0.301152099706726	1.25038589639862	-0.380662935937805	0.906849949438171	-0.377870844507141	0.372151048559265	0.40181713052948	0.202218040868835	0.381232332983093	-0.0637128085574341	0.108031787511902	0.406590654272156	-0.414419962915344	0.455806249242859	0.40261242539032	0.717577777929382	0.42156868131073	1.22364982919891	0.230160850317078	0.150249392492371	0.78964085922821	1.19470967703827	0.37843908176239	0.848155246252136	0.141353465368347	0.266394916967468	0.384397230444031	0.870431246130066	0.464440488378601	-0.0601438559817505	0.265266691625671	0.134988877050476	0.704097735632019	1.19505385257538	1.10620773361786	0.705010532201843	0.608277972997742	0.829625571447449	0.390445814672546	0.449572178686218	0.96853192160614	0.383193678808289	0.0980219034176635	0.0416123805905151	0.42167812851532	0.24614308164032	0.59721662851532	0.42167812851532	0.389879880628601	0.313061031101257	0.465897490218445	0.457794119468445
PCDHGA4;PCDHGA6;PCDHGA9;PCDHGA1;PCDHGA8;PCDHGA5;PCDHGB1;PCDHGB6;PCDHGB4;PCDHGA3;PCDHGA2;PCDHGA7;PCDHGB2;PCDHGB5;PCDHGB3-cg07613945-5-140787430	-0.0436352910403442	0.452949213720398	0.548511047948913	0.0952133897457886	0.396648632116394	0.552597797704773	0.353666975866394	0.688062911169128	0.37808774582489	0.429676999364929	0.988479846166687	-0.158168728174133	0.681620294653015	0.420322539159851	0.788908915380554	-0.0875999900759887	0.754292539403992	0.43547320084198	0.332040584997253	1.01112944095428	-0.228287008813782	0.368816408300476	0.414059572240906	0.646404343420105	0.304004031408386	0.63765112094696	0.278001016882019	0.534772992284851	0.475608562963562	0.280492359655457	-0.468170472680969	0.322583412695007	-0.442662381250305	0.342070511816101	0.279287593786316	0.399294504125671	0.910435796239929	0.362025654699402	0.195790250768738	0.533862117528992	-0.0657554996585083	0.732556712499695	0.317306888647156	0.645114241186218	-0.0304578554324341	0.752664292455749	0.346525313573914	-0.311636144250793	0.421910322485046	0.846321140295105	0.281027545019226	0.486540709508972	0.918717928625183	0.571452380224304	0.308575693700867	0.435800709386902	0.420122951635437	0.599237607275085	0.349728154882507	-0.432677659692688	0.294026198888855	1.02246031583221	0.465029196874695	0.648242995458679	0.715773436254578	0.754416034704285	0.324512277929382	0.387517641943054	0.774107384862976	0.369882142065125	0.4864163666745	0.536639843847351	0.42167812851532	0.44803308164032	0.39532662851532	0.42167812851532	0.869794257675476	0.275219408148132	0.40681986726532	0.43611739451532
PCDHGA4;PCDHGC3;PCDHGA12;PCDHGA11;PCDHGA9;PCDHGA1;PCDHGB1;PCDHGC4;PCDHGB6;PCDHGB3;PCDHGB7;PCDHGA6;PCDHGA8;PCDHGA10;PCDHGA5;PCDHGB4;PCDHGA3;PCDHGA2;PCDHGA7;PCDHGB2;PCDHGB5-cg23445461-5-140864733	-0.42746607839386	0.398177426366882	0.928417260595398	0.469876602392273	0.505857844762878	0.350022010351257	0.404704188512878	0.597080123815613	0.401893958471374	0.514284212011414	0.489183058813171	0.526718484472351	0.331754507299499	0.163643751806335	0.208160128027039	0.466715222570496	0.751790752050476	0.483083413488464	0.328427797643738	0.342190653600769	0.451487203832703	0.36092362094696	0.38866978488739	0.299650556066589	0.334197244054871	-0.190310666406555	0.636030229528503	0.552708204931335	0.524194775610046	0.334040572301941	0.503766739965515	0.341335625341492	0.461995831396179	0.616557724462585	0.4377108064328	0.575007716772156	0.372907008886414	-0.269223132654114	0.825299463415222	0.0285643301754759	0.395143712987976	0.420488925146179	0.72040710129364	0.701771453832702	-0.0433466427859498	0.352523505102234	0.442173526220398	0.420018068395691	0.475658535131531	0.358485352941589	0.86684775766571	0.333075922155457	0.728589141271667	0.196504592870789	0.552879906347351	0.433992922033386	0.133384164281921	0.56572981992157	0.434719367528992	-0.115435447046204	0.342073411535339	0.332776528478699	0.414901409521179	0.540937208105164	0.546323648901062	0.831845247350769	0.334206490575867	0.478275854589539	0.40072059750946	0.339837354711609	-0.244633420679016	0.778327056493835	0.42167812851532	0.47250558164032	0.37085412851532	0.42167812851532	0.600849963175476	0.244436113648132	0.39059957276532	0.45233768901532
PCGF3-cg10864200-4-720809	0.232915957006531	0.381390461767273	0.234009295995789	0.443796637792664	0.435120880163269	0.444477045751648	0.409917223913269	0.865041159216003	0.439355993871765	0.420186247411804	1.01296309421356	0.540851519872742	0.37130254269989	0.417220787206726	0.899877163427429	-0.455641742029113	0.751883787450867	0.466746448888855	0.998447833044128	0.69493368900116	0.357651239233093	0.754828656347351	0.394191820287781	0.44038759146698	0.318581279455261	0.508639368993835	0.317769264928894	0.933636240331726	0.483234811010437	0.508031607702331	0.381543775365906	0.339644660741882	0.36713286679657	0.401266759862976	0.363715841833191	0.901646752172546	0.315373044286804	0.346733902746277	0.772660498815613	0.556455365575867	0.386258748388367	0.57186496054657	0.848876136694031	0.552469489233093	0.0832693926144409	0.348888540502624	-0.439417438379211	0.510352103796082	0.158867570531921	0.37802238834198	0.397427793066101	0.363032957555847	0.0840511766720581	0.813022628271179	0.410827941747742	0.415462957433777	0.429470199682312	0.27409785532196	0.111494402929382	0.468940588354187	0.35037344693573	1.10336956387909	1.02135344492157	0.710195243505554	0.282686684301453	0.80101028275116	0.422635525976257	0.373887889989929	0.513247632909851	0.396832390111999	0.496469614721375	0.785352091894226	0.42167812851532	0.22230108164032	0.62105862851532	0.42167812851532	0.174625092175476	1.06342024264813	0.43234170176532	0.41059556001532
PCSK2-cg24306585-20-17209550	0.545352591772156	0.446848096532898	0.102242930761414	0.449167272558289	0.591894514928894	0.430990680517273	0.479492858678894	0.129455793981628	0.50720762863739	0.213687882177429	0.311484728979187	0.602762154638367	0.397317177465515	0.527084421972351	0.266350798193054	0.539328892736511	0.724549422216492	0.50234408365448	0.398549467809753	0.488002323766785	0.469799873998718	0.418555291112976	0.529675455053406	0.370491226232605	0.406534914220886	-0.11714999624054	0.409997899694519	0.164113875097351	0.274760445776062	0.408913242467957	0.543813410131531	0.897812295507507	0.498120501562195	1.1739883946286	0.536548476598816	1.09631238693817	0.401000679052429	0.523390537511902	0.600548133581238	0.253005000341492	-0.366075616846008	-0.0576064046878052	0.341002771459656	0.793750123998718	0.0437290273800659	0.389622175268249	0.420471196386414	0.506935738561707	0.296476205297546	0.418870023107605	0.794315427831726	0.388190592321472	0.842917811437683	0.282604263036804	0.589954576513367	0.412846592199402	0.565928834447937	0.202534490087585	0.507346037695007	-0.287135776880188	0.425625081701355	0.422779198644714	0.274050079687195	0.577173878271179	0.409397319067078	0.0361869175167847	0.398114160741882	0.482349524755554	0.414826267675476	0.555872024877625	0.561135249487	0.196202726659851	0.42167812851532	0.52740608164032	0.31595362851532	0.42167812851532	0.316259651995789	0.534509802468445	0.732790261585632	-0.126425692164368
PCSK9-cg19249107-1-55505954	0.453975556982117	0.333840061742859	0.889074895971374	0.439534237768249	0.512728480138855	0.329549645727234	0.443252823888855	0.0129797591915894	0.425370593847351	0.44221584738739	0.194177694189148	0.500165119848328	0.336652142675476	0.415195387182312	0.824578763403015	0.418053857946472	0.0247823874264527	-0.308584951135559	0.302612433019714	0.324172288976746	0.426460839208679	0.362620256322937	0.423083420263367	0.401462191442566	0.332294879430847	0.656035968969421	0.31147186490448	0.0937698403073119	0.467582410986023	1.22004820767792	0.481792375341492	1.20570926071747	0.436849466772156	1.14342335983856	0.445872441808777	0.868033352148132	1.26155364426239	0.427584502721863	0.434701098791199	-0.149430034448547	0.445029348363953	0.751541560522156	0.234332736669617	-0.154914910791321	0.724886992590027	0.54118914047821	0.426768161596375	0.415781703771667	0.906151170507507	0.348566988317566	1.12456639304169	0.380387557531433	0.311269776647644	0.588001228246765	0.308419541723328	0.312670557409363	0.417747799657898	0.692007455297546	0.424802002904968	0.536735188329773	1.23858004691132	0.324843163854675	0.184386044897156	0.40218784348114	0.275959284277039	-0.100163117273254	0.337503125951843	0.401876489965515	0.319951232885437	0.369397990087585	0.41561521469696	0.466234691869812	0.42167812851532	0.56383508164032	0.27952462851532	0.42167812851532	1.06172497804266	0.38519812851532	0.460834587632507	0.182477940882507
PDE4A-cg02605007-19-10541304	0.483628968237	0.532140472997742	0.954232307226258	0.492804649023132	0.505312891393738	0.381244056982117	0.480240235143738	0.0796251704464722	0.478627005102234	0.500715258642273	0.257207105444031	0.455368531103211	0.342979553930359	0.478517798437195	0.891187174657898	0.494051269201355	0.622722798681336	0.508830460119324	0.332295844274597	0.467781700231628	0.394551250463562	0.36113466757782	0.48928583151825	0.352148602697449	0.46770429068573	0.734646380224304	0.392485276159363	0.481349251562195	0.363306822240906	1.1055196189328	-0.390533213403625	0.363034671972351	0.0621048780270386	0.370130771093445	0.47107385306366	0.259073763403015	0.360888055517273	0.345902913976746	0.380320510046082	0.612242376806335	0.252581759618835	-0.0982640282229613	0.408202147924499	0.699134500463562	0.84634840384491	0.344891551733093	0.443444572851257	0.41968811502655	0.0856645817623903	0.365673399572449	0.42071580429657	0.402126968786316	0.977747187902527	0.372589639501648	0.37495095297821	0.417613968664246	0.497903210912781	0.672766866552429	0.458130414159851	-0.338267400415344	0.354354458166199	0.647076575109558	0.952828456152039	0.354040254736023	0.611411695531921	0.754321293981628	0.359951537206726	0.471942901220398	0.38005364414032	0.423266401342468	0.530186625951843	-0.00265089687530523	0.42167812851532	0.63568508164032	0.20767462851532	0.42167812851532	0.212924681136414	0.36829683160907	0.585622290726257	0.477707064976257
PDE4A-cg08673054-19-10541704	0.392521501928406	0.436376006689148	0.787823840917664	0.457681182714539	0.551698425085144	0.433968590673523	0.429937768835144	0.413438704137878	0.40187553879364	0.194844792333679	0.310203639135437	0.429730064794617	0.621133087621765	0.321733332128601	0.676492708349304	0.457290802892761	0.388559332372742	0.44331799381073	0.713997377966003	0.415719233923035	0.489447784154968	0.423494201269226	0.429980365209656	0.403828136388855	0.421205824377136	0.52802191391571	0.405440809850769	0.149123785253601	0.491908355932312	0.675813152624206	-0.356974679712219	0.420443205663757	-0.355430588281555	0.411013304784851	0.414739386755066	0.468081297094421	0.409993589208679	0.465206447668152	0.196377043737488	0.163511910497742	0.476568293310242	0.666338505468445	0.352507681615906	0.639883034154968	0.820504937536316	0.385612085424499	0.443324106542664	0.384691648717956	0.309096115453796	0.419986933263855	0.409561337987976	0.394134502477722	0.396540721593933	0.386314173193054	0.421378486669617	0.492858502355652	0.510021744604187	0.600168400243835	0.468259947851257	-0.287746866723938	0.424137991857605	0.418511108800964	0.661503989843445	0.546344788427429	0.860400229223327	0.0535398276730347	0.424122070898132	0.436736434911804	0.421796177831726	0.420517935033875	0.502813159643249	0.068453636816101	0.42167812851532	0.54196058164032	0.30139912851532	0.42167812851532	0.609166054628601	0.641700205101257	0.238218664218445	0.238507945468445
PDE4C-cg15215348-19-18344520	0.25043080441864	0.344992309179382	0.591939143407898	0.481560485204773	0.356646727575378	0.459439893163757	0.347844071325378	0.900739006628113	0.457296841283874	-0.215720905176086	1.08980794162567	0.375688367284851	0.543279390111999	0.494345634618835	0.200896010839539	0.467434105382996	0.179272634862976	0.358048296300964	0.442707680456238	0.377685536413269	0.411644086645203	0.64838850375946	0.48683266769989	1.01938443887909	0.464811126867371	0.361859216405945	1.101626112341	0.584158087743835	-0.358718341577454	1.24572245511444	0.443462622778015	0.312342508153992	0.419383714208679	0.368744607275085	0.4216676892453	0.356543599584656	0.685453891698914	0.432620750158386	-0.0705886537722779	0.602314212987976	0.275157595800476	0.778970807958679	0.35579598410614	0.323911336645203	0.51265124002655	0.276214387914734	0.264786409032898	0.558802951208191	0.826354417944031	0.388975235754089	0.30418964047821	0.444437804967957	0.0559980240841674	0.172780475683289	0.367305789159851	0.540912804845886	-0.390770952905579	0.38571270273407	0.424880250341492	-0.327660564233704	0.837402294347839	1.2182464112912	0.215318292333679	0.522325090917664	0.728147531713562	-0.0836368698367309	0.345098373388367	0.452411737402039	0.36160548032196	0.300821237524109	0.518575462133484	0.827097939306335	0.42167812851532	-0.0352414183596801	0.87860112851532	0.42167812851532	0.533812143628601	0.744326294101257	0.186740753218445	0.313861856468445
PDGFRA-cg03966785-4-55097476	0.442703825658875	0.446456330419617	0.103238164648132	0.486034506445007	0.290153748815613	0.463266914403992	0.383522092565613	0.730444027868347	0.447339862524109	0.263844116064148	0.306390962865906	0.450332388525086	0.970085411352234	0.36838065585907	1.04129703207977	0.16210612662323	0.624478656103211	-0.311600682458801	0.418243701696472	0.416292557653503	0.510214107885437	0.430523524999695	0.394755688940124	0.397267460119324	0.417179148107605	0.686676237646179	0.985739133581238	0.63672610898407	0.305432679662781	0.808750476354675	0.41573764401825	0.527228529394226	0.541062735448914	0.42176062851532	0.399457710485535	0.23222762082489	0.414545912939148	0.451084771398621	0.146451367467957	-0.19357676577179	0.53265061704071	0.0455448291989136	0.338391005346375	0.505024357885437	0.513405261266785	1.25868740915497	-0.0386565697268675	-0.244302027551575	0.614188439184265	0.423075256994324	0.483395661718445	0.396763826208191	0.315796045324402	1.04674949692352	0.415537810400085	0.421288826086121	0.154635068334656	0.659302723974304	0.469368271581726	0.243318457006531	0.427794315588074	0.421222432531433	1.11188831357391	0.187623112157898	0.729878552953796	0.114583151403504	0.411246394628601	0.425082758642273	0.608133501562195	0.412115258764343	0.475099483373718	0.97124496054657	0.42167812851532	0.58671208164032	0.25664762851532	0.42167812851532	0.296326605034851	1.07120975550751	0.551376214624695	-0.122781615125305
PDGFRA-cg09112514-4-55096230	0.534811045873718	0.42642955063446	0.188798384862976	0.547645726659851	0.121423969030456	0.417208134618835	0.520947312780456	0.774894248083191	0.491223082738953	0.252474336278992	0.29789218308075	0.592842608739929	0.430559631567078	0.499138876073914	1.06679925229462	0.525296346838074	0.818484876318054	-0.312142462243958	0.391091921911316	0.405153777868347	0.359080328100281	0.415740745214539	0.509743909154968	0.556114680334167	0.409133368322449	0.601886457861023	0.858312353796082	0.411990329198914	0.309200899877624	0.433286696569519	0.186727864233093	0.43736174960907	0.527812955663757	0.417688848730164	0.492124930700378	1.01735084103973	0.558513133153992	0.483103991613464	0.1993115876828	0.279573454443054	0.538701837255554	0.656666049413757	0.325325225561218	0.587569578100281	0.701650481481628	0.376728629369812	0.521348650487976	0.163678192663269	0.868495659399109	0.413370477209167	0.488219881933289	0.401272046423035	0.580122265539246	0.602456717138367	0.408379030614929	0.415626046300964	0.4025022885495	-0.0448700558108522	0.51346149179657	-0.313595322778625	0.413696535802917	0.403031652746277	0.277104533788757	0.413588332372742	0.31926077316864	0.100369371618347	0.403803614843445	0.496436978857117	0.413088721777039	0.409230478979187	0.494527703588562	0.951393180761414	0.42167812851532	0.59189558164032	0.25146412851532	0.42167812851532	0.338261151995789	0.512508302468445	0.650317761585632	0.00942951783563234
PDGFRA-cg23209990-4-55097576	0.442485306737976	0.344621811498718	0.012379645727234	0.455666987524109	0.414859229894714	0.339932395483093	0.401604573644714	0.665263508947449	0.42210134360321	0.45578159714325	0.219389443945007	0.490163869604187	0.707107892431335	0.399117136938171	1.06851151315887	-0.0707703922976685	0.684349137182312	-0.2245442013797	0.626435182775574	0.326769038732605	0.441383588964539	0.328570006078796	0.400236170019226	0.291749941198425	0.320253629186707	0.623280718725281	1.23112161466034	0.732319590063171	0.473142160741882	0.730533957433777	0.444186125097351	0.963336010473328	0.453777216528015	0.327101109594421	0.405383191564636	0.134586101903992	0.334158394018249	0.418747252477722	0.232546848547058	0.120335715307312	0.474042098119812	0.771738310278015	0.332535486425476	0.620837838964539	0.639425742345886	1.19184189023407	0.434500911352234	-0.340175546472473	0.581378920263367	0.329685738073425	0.377825142797546	0.355628307287292	0.631886526403503	1.12231197800262	0.326800291479187	0.325124307165222	0.477160549413757	0.644304205053406	0.413262752660828	0.330017938085632	0.328470796667175	0.355920913610535	0.814866794653015	0.565292593237	1.0309250340329	0.109274632482605	0.312786875707703	0.412152239721374	0.977983982641296	0.328778739843445	0.51816596445282	0.925295441625671	0.42167812851532	0.60486758164032	0.23849212851532	0.42167812851532	0.206594838675476	1.08116698914813	0.58052444826532	0.26241281351532
PDLIM4-cg09877947-5-131593287	0.41479031613739	0.358474820898132	0.740553655126648	0.431606996923523	0.478027239294128	0.354891404882507	0.386133583044128	0.0466725183468628	0.397029353002625	0.431544606542664	0.262844453344422	0.496158879003601	0.44013790183075	0.383967146337586	0.965422522558289	0.421793617101746	0.631133146581726	0.376802808019714	0.590404192174988	0.350104048132019	0.451392598363953	0.381120015478211	0.36601717941864	0.353759950597839	0.346406638586121	0.534215728124695	0.369713624059753	0.707415599462586	0.449704170141296	0.958544966833191	0.466329134496765	0.361707019872742	0.456961225927429	0.516894118993836	0.33244120096405	0.651997111303406	0.337837403417664	0.408313261877136	0.801094857946472	0.535725724706726	0.434606107519226	0.712474319677429	0.86031849582489	0.407679848363953	0.0105987517453003	0.963866899633484	0.415563920751648	0.433089462926941	0.874926929662781	0.377259747472839	0.56688615219696	0.381152316686707	0.845244535802918	0.207447987402039	0.375777300878601	0.340560316564636	0.441244558813171	0.65993521445282	0.398084762060242	0.518191947485046	0.350058806066589	0.481931923009949	0.420095804052429	0.478499602636414	0.300224043432312	0.751851641882019	0.354786885107117	0.415464249120789	0.34142799204071	0.382616749242859	0.379767973852234	0.647462451025085	0.42167812851532	0.60639708164032	0.23696262851532	0.42167812851532	0.370291978042664	0.38336812851532	0.462664587632507	0.546917608882507
PDX1-cg26299169-13-28498956	0.459430904272156	0.966750409032898	0.859307243261414	0.412136585058289	0.536943827428894	0.643845993017273	0.351808171178894	0.156470106481628	0.42470894113739	0.446164194677429	0.592969041479187	0.460404467138367	0.416170489965515	0.388381734472351	0.319362110693054	0.170310205236511	0.0661387347164917	0.46966639615448	0.419993780309753	0.443177636266785	0.218448186498718	0.416621603612976	0.405194767553406	0.428905538732605	0.482839226720886	0.67114731625946	1.03128721219452	0.188517187597351	-0.160859241723938	1.18366755496796	0.477043722631531	0.407122608007507	0.497271814062195	1.1792897071286	0.409345789098816	0.215248699438171	0.399769991552429	0.428273850011902	0.264429446081238	0.540709312841492	0.264074695653992	0.261144907812195	0.362140083959656	0.611663436498718	0.0329703398800659	1.03614748776825	0.422907508886414	0.484174051061706	0.926085517797546	0.433099335607605	0.428983740331726	0.426159904821472	0.191000123937683	0.799262575536804	0.401055889013367	0.436293904699402	0.367146146947937	-0.0528811974124146	0.442655350195007	-0.307001464380188	0.507869394201355	0.418619511144714	1.07899339218719	0.0844691907711791	0.739090631567078	0.0169502300167846	1.10634847324188	0.244827837255554	0.406921580175476	0.404451337377625	-0.134681438013001	0.168333039159851	0.42167812851532	0.26453658164032	0.57882312851532	0.42167812851532	0.323369651995789	0.527399802468445	0.583390261585632	-0.0848581791643677
PFKP-cg07876051-10-3159145	-0.439657010888977	0.337375493871765	0.00130132810028089	0.426823669897156	0.473068912267761	0.57354807785614	0.422468256017761	0.906239191320496	0.440864025976257	-0.171753720483704	1.09747912631805	0.565838551977234	0.420519574804382	0.379839819311218	0.334669195531921	0.406099290075378	0.859508819555359	-0.0193435190066528	0.643939865148621	0.509454721105652	-0.528528728662415	0.845087688451843	-0.282901147607727	1.09973862357147	0.608486311559753	-0.228075598901672	0.976796297033386	0.780150272436218	0.164757843114929	0.450734639806824	0.119022807470398	0.351885692846374	-0.514726101098938	1.19511179196747	0.0396278739376831	0.772918784277039	0.314665076391296	-0.474527065149231	0.010538530920105	-0.272929602319641	-0.0787252195071411	-0.0712340073489378	1.10956916879852	0.124200521337585	0.804168424718933	0.278382572607117	0.389670593725281	0.128560135900574	0.123083602636414	0.413617420446472	0.439564825170593	0.996213989660339	0.96007220877655	1.04056666037567	0.530252973852234	0.714957989538269	0.440042231786804	-0.224985112573547	0.368182435033874	-0.389633379541321	0.302147479040222	0.451536595983582	0.279851477026062	0.598806275610046	0.227883716405945	0.632627314855652	0.72641655808075	0.415569922094421	0.597179665014343	1.09641242221649	0.512529646825867	0.714524123998718	0.42167812851532	0.22912758164032	0.61423212851532	0.42167812851532	0.728896651175476	0.408332801648132	0.43397926076532	0.40895800101532
PHF11-cg00092518-13-50070550	-0.0770674962405396	0.382644008520203	0.644055842748718	0.406566184545593	0.572929426916199	0.384272592504578	0.423930770666199	0.850282705968933	0.472708540624695	0.508398794164734	0.307349640966492	0.359221066625671	0.36202208945282	0.439312333959656	0.848191710180359	0.425259804723816	0.106209334203796	0.460784995641785	0.359765379797058	0.372913235754089	0.279839785986023	0.393998203100281	0.34027836704071	0.32695413821991	0.374970826208191	0.713560915746765	0.374425811681824	0.483163787084656	0.139759357763367	1.03142915445526	0.515107322118835	0.369985207494812	-0.447169586450501	0.365595306615906	0.422047388586121	0.643925298925476	0.369355591039734	0.458615449499207	0.519323045568542	0.499449912328796	0.490952295141296	0.3012785072995	0.40449768344696	0.249996035986023	0.826812939367371	0.420548087255554	0.489632108373718	0.521671650549011	0.0560311172848511	0.39210493509491	1.06436233981903	0.337393504308777	0.762736723424988	1.13054617502411	0.461771488500671	0.372319504186707	0.522891746435242	-0.12237459792511	0.464591949682312	0.548188135107117	0.44527399368866	0.678153110632019	1.1377009916745	0.254239790258484	0.370791231054382	0.622717829504089	0.359087072729187	0.475296436742859	0.361749179662781	0.355629936864929	-0.241002838525696	0.858046638647156	0.42167812851532	0.56471708164032	0.27864262851532	0.42167812851532	0.406924653128601	0.541636803601257	0.373562262718445	0.440749346968445
PIP5KL1-cg21158411-9-130689627	0.449152109716492	0.425844614477234	0.0907394487057496	0.481272790502625	0.50980203287323	0.421303198461609	0.43351237662323	0.648886311925964	0.399246146581726	0.443395400121765	0.291501246923523	0.390746672582703	0.396737695409851	0.404537939916687	0.26465431613739	0.446141410680847	0.538487940160828	0.499470601598816	0.398363985754089	0.594215841711121	0.502670391943054	0.408322809057312	0.420457972997742	0.364781744176941	0.470701432165222	0.271417521703796	0.481028417638855	0.467695393041687	0.451691963720398	0.520096760412293	0.247015928075867	0.429414813451843	0.480322019506531	0.411778912572937	0.428494994543152	0.438413904882507	0.409136196996765	0.442553055456238	0.378515651525574	-0.231659481714172	0.496619901098328	0.410922113256531	0.544803289403992	0.103867641943054	0.069783545324402	0.392007693212585	0.45270871433075	0.423807256506042	0.941405723241882	0.414114541051941	0.489485945776062	0.388582110265808	0.531486329382019	0.60940178098114	0.418679094457703	0.407935110143738	0.491994352392273	0.605039008031921	0.459531555639343	-0.102666258935852	0.413286599645691	0.40785771658905	0.274309597631531	0.425797396215515	0.307975837011414	0.533669435461121	0.399750678686218	0.42062004269989	0.409149785619812	0.40636554282196	0.234928767431335	0.340909244604187	0.42167812851532	0.38805508164032	0.45530462851532	0.42167812851532	0.287373004636414	0.38227915510907	0.493112614226257	0.463724741476257
PITX1-cg00396667-5-134364387	0.40349371848114	0.574781223241882	0.783785057470398	0.397683399267273	0.492227641637878	0.323720807226257	0.326084985387878	0.446047920690613	0.299874755346375	0.383521008886414	0.917198855688171	0.398551281347351	0.3740133041745	0.339380548681335	0.983662924902039	0.404748019445496	-0.0161194510745239	0.437564210363464	0.715750594518738	0.412633450475769	0.430873000707703	0.57858841782196	0.28709058176239	0.291599352941589	0.385852040929871	0.434485130468445	0.299873026403503	0.617372001806336	0.470889572485046	0.488454369176941	0.430913536840515	0.431314422216492	0.436407628271179	0.411734521337585	0.3112676033078	0.114611513647156	1.22682080576141	0.350836664220886	0.738317260290222	0.082986127050476	0.435812509862976	0.765069722021179	0.92296089816864	0.226673250707703	0.81736015408905	0.442782301977234	0.400479323095398	0.385449865270691	0.903888332006531	0.863408149816589	0.30083555454071	0.354451719030457	0.905967938146667	0.165266389745789	0.310952703222351	0.305621718908386	0.444988961156921	0.63749161679657	0.376902164403992	0.483162349828796	1.03232920841034	0.312433325353699	1.06285620639618	0.471220004980164	0.983201445776062	0.445584044225769	0.369277287450867	0.383695651464539	0.305181394384461	0.413399151586609	0.116862376195984	0.779408853368835	0.42167812851532	0.40908158164032	0.43427812851532	0.42167812851532	0.308746651995789	0.542022802468445	0.296939261585632	0.672315915835632
PITX1-cg04223420-5-134363877	0.422664279638367	0.605093784399109	0.566030618627624	0.446386960424499	0.405501202795105	0.372588368383484	0.370433546545105	0.584109481847839	0.369259316503601	0.41962957004364	0.948077416845398	0.409628842504578	0.411848865331726	0.379000109838562	0.610441486059265	0.0764945806027221	0.0310041100827025	0.438298771520691	0.472624155675964	0.476686011632996	0.456864561864929	0.403709978979187	0.351062142919617	0.349590914098816	0.378728602087097	0.413938691625671	0.42289058756073	0.621940562963562	0.420254133642273	0.537540930334167	0.441584097997742	0.372979983373718	0.469047189428406	0.381667082494812	0.389657164465027	0.565757074804382	0.65089436691864	0.414022225378113	0.729240821447449	0.304558688207703	0.492626071020203	0.628094283178406	0.912842459325867	0.500733811864929	0.808419715246277	0.80763086313446	0.449913884252625	0.402009426427917	0.921236893163757	0.474273710973816	0.607568115697937	0.410408280187683	0.126656499303894	0.241272950903015	0.409654264379578	0.392164280065613	0.408420522314148	0.687653177953796	0.410681725561218	0.549011910986023	0.932665769567566	0.404266886510925	1.08536976755341	0.48160556613739	0.782319006933288	-0.0289283946170045	0.375407848608093	0.398979212621765	0.363149955541687	0.421283712743835	0.49043393735321	0.253809414526062	0.42167812851532	0.24660008164032	0.59675962851532	0.42167812851532	0.264636978042664	0.38303412851532	0.462998587632507	0.507120429882507
PITX1-cg06933574-5-134370282	-0.398318859155579	0.399348645605164	0.196596479833679	-0.232861178369446	0.21619506400116	0.384364229589539	0.15043840775116	0.196470343053894	0.427621177709656	0.228677431249695	0.253040278051453	0.631707703710632	0.363516726537781	-0.368975028955383	0.64371134726532	0.533094441808777	0.722640971288757	0.477005632726746	1.07676701688202	0.56163287283905	-0.0880295769290161	0.373995840185242	-0.375273995874329	1.01886777530487	0.393376463293152	0.639002552831726	1.10124344876678	0.781815424169617	0.566639994848328	0.621242791540222	0.143145959203796	1.07131984457977	-0.00792594936553953	0.419687943700867	0.128386025671082	1.09014793601044	1.30024722812469	-0.435323913415833	0.820805682653504	0.678883549413757	-0.0412410677737426	0.307825144384461	0.290324320531921	0.753143673070984	-0.0170134235476684	0.470948724340515	0.202966745458679	0.532494287633972	0.0516057543698121	0.788530572179871	0.425405976903992	0.738238141393738	1.04657536050995	1.15223381210907	1.04148112558563	0.372294141271667	0.544730383520203	-0.178148960840149	-0.459879413232727	-0.349364227807923	0.378163630773621	1.20130774771698	0.23384462875946	0.646653427343445	0.287508868139343	0.86204646658905	0.398466709814148	0.51182207382782	0.417906816747742	0.91020257394989	0.567812798559265	0.832908275732117	0.42167812851532	0.62869208164032	0.21466762851532	0.42167812851532	0.985066978042664	0.31122912851532	0.534803587632507	0.306423090882507
PLCH2-cg08655953-1-2425888	0.247765169775086	0.681256674535828	0.124411508764343	-0.350539149438782	-0.376588907068176	0.601388258520203	-0.00167456331817639	0.654153371984558	0.29569420664032	-0.336504539819641	0.441347306982117	0.231237732641296	0.936993755468445	-0.189158000024719	0.414970376195984	0.433663470739441	0.902108000219422	-0.27429233834259	0.720430045812683	0.591019901769714	-0.542538547998352	0.723181869115906	-0.0695409669436644	0.998293804235535	0.600749492223816	-0.0371614182376099	1.24467747769745	0.651991453100281	-0.205064976221008	1.24706582047089	-0.413757011865539	1.25290887351044	-0.526286920434875	1.25116697263153	0.408995054601746	1.0543569649411	0.436603257055359	-0.470571884485168	-0.0139132884158324	-0.226740421655579	-0.500670038843078	-0.101400826684875	0.543767349462586	0.015741702001648	0.164183605382996	0.343549753271179	-0.433119225610657	0.581425316564636	0.0858277833004761	0.499619601110535	0.479976005834656	1.0950201703244	0.942098389440613	0.218486841039734	1.2357111545163	0.784503170202332	-0.458153587549133	-0.150010931909485	0.419513615697937	-0.411644198877258	0.400976659704285	1.11280877664764	0.342638657690125	0.772446456274109	0.423099897070007	0.749925495519714	1.24218473874481	0.388476102758484	1.24345484567841	1.22152460288055	0.468510827489929	0.776945304662781	0.42167812851532	-0.00206841835968014	0.84542812851532	0.42167812851532	0.268348651995789	0.582420802468445	0.728596261585632	0.180326871835632
PLEKHM3-cg05391892-2-208795620	-0.435734480249328	0.425187024511414	0.859541858739929	-0.449980799463196	0.47248844290741	0.487932608495789	0.0853177866574096	0.894421721960144	0.416904556615906	0.253345810155945	0.353601656957703	-0.164366917383117	0.448975105444031	0.0804143499508667	0.32258472617157	-0.244983179284973	0.682979350195007	-0.360831988367004	1.14089639578827	0.9588252517453	-0.0709251980227661	0.517610219091492	-0.420367616968079	0.454796154211121	1.0040688421994	-0.195453068262024	0.341592827673035	0.428746803075867	0.470412373754578	0.330141170446472	0.435191338110046	0.338411223486023	0.36655842954071	0.403164322607117	-0.208700595422668	0.786034314916687	0.294021607030945	-0.518070534509582	0.755466061559753	0.556975928320007	0.394106311132507	0.72863652329071	0.701080699438171	0.688161051977234	0.269354955358582	0.313077103246765	-0.511481875635071	0.536893666540222	-0.011282866723938	0.726047951086121	0.953071355810241	0.553461520299988	0.959881739416199	0.15428519101532	0.468393504491882	1.19543852017792	-0.484539237573547	0.035279418066101	0.0042239656735229	0.0153061510983276	0.354084009679871	0.45756712662323	0.27154900766571	0.730515806249695	1.10259124704559	0.7904448454953	0.532984088720398	-0.48626454726593	0.485746195653992	1.19392795285614	-0.277657822534485	0.658337654638367	0.42167812851532	0.20056858164032	0.64279112851532	0.42167812851532	0.100215438136414	0.37590258860907	0.497924047726257	0.470101307976257
PLEKHO1-cg20785674-1-150123490	-0.110766645654602	0.37590785910614	0.902052693334656	-0.353624964868469	0.160043277502136	0.688231443090515	0.438459621252136	0.112018556554871	0.281212391210632	0.391791644750671	0.498389491552429	0.483723917211609	0.377075940038757	-0.333399815454407	0.703957560766297	0.448911655309753	0.631557184789734	0.404889846227722	0.529978230382996	0.478132086340027	0.13653363657196	0.607608053686218	-0.268715782373352	0.345013988805847	0.471887676794128	-0.169494233667298	0.875234662267761	0.537061637670593	0.461368208349304	0.380709005041199	0.470146172704773	0.500403058080749	-0.273846735864563	0.525242157201843	-0.155715760827942	0.988063149511413	0.446513441625671	0.422791300085144	0.30301689615448	0.615389762914734	0.0729451457272339	0.219658357885437	0.281886534032898	0.70409188657196	0.0440157899533081	0.368083937841492	0.308760958959656	0.479911501134949	0.146059967870789	0.369939785680847	1.21534419040497	0.440501354894714	0.961781574010925	1.11422002561005	1.08251633908661	0.382231354772644	0.417843597021179	-0.124939747339172	-0.10898819973175	0.499566985693054	0.431145844274597	0.722745961217957	0.271363842260437	0.0484366408444214	0.25967508164032	0.810650680090027	0.351921923315125	0.451302287328796	0.383198030248718	0.650666787450867	0.506074012060242	0.0271634892330932	0.42167812851532	0.61992858164032	0.22343112851532	0.42167812851532	0.753950978042663	0.67677112851532	0.169261587632507	-0.0543057021174926
PM20D1-cg26354017-1-205819088	0.0604868456784058	0.297220350439148	-0.0189278153323363	0.0509015264645385	0.484250768835144	0.332529934423523	0.333001112585144	0.746958047887878	0.28229388254364	0.413650136083679	1.09309398288544	0.600092408544617	1.09155743137176	0.408702675878601	0.342140052099304	0.388341146642761	0.530528676122742	-0.15635766243927	0.331437721716003	0.299062577673035	0.402467127904968	0.296810545019226	0.491714708959656	0.992197480138855	1.23855916812714	0.63446225766571	1.20173315360077	0.967387129003601	0.385709699682312	1.19394549637421	0.399860664037781	0.283596549413757	0.410250755468445	1.24279764853485	0.458323730505066	0.953708640844421	1.23236093295868	0.394681791418152	0.843405387487488	0.565752254247742	0.429052637060242	0.0160168492184448	0.915694025365906	0.728426377904968	0.607014281286316	0.376118429174499	0.401560450292664	0.427847992467957	-0.0434405407962037	0.937806277013855	1.14851468173798	1.20231484622772	0.989336065343933	0.138583516943054	0.276176830419617	0.281515846105652	0.453987088354187	0.0775477439938354	0.412916291601257	0.510945477026062	1.24930533560761	0.518883452550964	0.267084333593445	0.528544132177429	1.10496657297333	-0.111965828576965	0.286056414648132	0.0595647786618042	0.525503521581726	0.286067278783875	0.545502503393249	0.0499159805661011	0.42167812851532	0.30770258164032	0.53565712851532	0.42167812851532	0.892182553175476	0.170918703648132	0.37608216276532	0.46685509901532
PON3-cg08828819-7-95025836	0.397872833227234	0.445490337987976	0.105335172216492	0.479041514013367	0.499227756383972	0.423309921972351	0.463676100133972	0.410729035436707	0.376590870092468	0.392583123632507	0.292560970434265	0.394604396093445	0.810113418920593	0.323140663427429	0.321591039648132	0.377724134191589	0.0691526636715699	-0.00972867489044188	0.396555709264832	0.616519565221863	0.512467115453796	0.425968532568054	0.415148696508484	0.663981467687683	0.406553155675964	0.685260245214539	0.400653141149597	0.147875116552429	0.33061868723114	0.820790483923035	0.484844651586609	0.412316536962585	0.407210743017273	0.409261636083679	0.430638718053894	0.21199662839325	0.401829920507507	0.45221477896698	0.200371375036316	0.44846624179657	0.52944162460907	0.637612836767273	0.331150012914734	0.0349063654537964	0.690397268835144	0.432131416723328	0.443360437841492	0.472151980016785	0.961077446752625	0.414852264562683	0.423772669286804	0.39630983377655	0.165524052892761	0.592450504491882	0.409013817968445	0.44067583365448	0.489027075903015	0.661652731542663	0.468512279150085	0.61482346457489	0.516171323156433	0.421701440099792	0.771855321142273	-0.0369858802737426	0.372279560522156	0.474811158971863	0.42308840219696	0.456175766210632	0.407608509130554	0.466743266332703	0.0338924909420775	0.0502589681149292	0.42167812851532	0.42157108164032	0.42178862851532	0.42167812851532	0.329182978042664	0.44642512851532	0.399607587632507	0.560341724882507
PPT2;PRRT1-cg02956248-6-32120901	0.16486296457489	0.371208469335632	0.134477303564148	0.502680645361023	0.136522887731628	0.471413053320007	0.449990231481628	0.517682166784363	0.356796001440124	0.418962254980164	0.374220101781921	0.00740552744110107	0.39712155026825	0.469414794775085	0.702253170995789	0.508504265539246	0.426304795019226	0.406504456457214	0.640628840612488	0.397731696569519	0.433171246801453	0.55332066391571	0.40547582785614	0.449580599035339	0.418541287023621	0.0912913765621947	0.400315272497253	0.530261247900086	0.494651818578796	0.363788615270691	0.400688782934265	0.376380668310242	0.480458874364929	0.386278767431335	0.49765884940155	0.862869759740906	0.346052051855164	0.347758910314636	0.827547506383972	0.546564373144226	0.468513755956726	0.728896968114929	0.78778314426239	-0.106983503198547	0.6702864001828	0.337353548070984	0.471311569189148	0.486806111364441	0.0255855781002808	0.424423395910339	0.44049380063446	0.428518965124207	0.321615184240417	0.216099635839539	0.457357949316101	0.553542965002136	0.479153207250671	-0.19038613710968	-0.479066589502258	0.565755595922546	0.403523454504089	0.427039571447449	0.252028452489929	0.0832262510739135	0.286778691869812	0.800982290319519	0.507312533544617	0.374306897558289	0.40591164047821	0.411442397680359	0.436420622289734	0.0127810994625854	0.42167812851532	0.45657758164032	0.38678212851532	0.42167812851532	0.949289610175476	0.315484760648132	0.51829721976532	0.32464004201532
PPT2;PRRT1-cg06025456-6-32120863	0.439247017065125	0.390632521825867	0.777467356054382	0.494360697851257	0.457936940221863	0.423704105810242	0.432115283971863	0.486959219274597	0.295617053930359	0.396157307470398	0.290240154272156	0.0905565799313355	0.427997602758484	0.42111784726532	1.04469022348602	0.42006231802948	0.67291184750946	0.428238508947449	0.904585893102722	0.360667749059753	0.415158299291687	0.426010716405945	0.446098880346375	0.442293651525574	0.406914339513855	-0.126083570947571	0.377592324987488	0.50749430039032	0.491234871069031	0.360400667760925	0.3191928354245	0.413820720800476	0.389900926855164	0.37855781992157	0.430386901891785	1.02541581223114	0.357882104345398	0.374069962804871	0.835957558874207	0.52214742563446	0.430949808446961	0.780677020605164	0.871687196752625	-0.112110450708313	0.774158452673035	0.354797600561218	0.404944621679382	0.520010163854675	0.0199106305905152	0.424335448400574	0.506950853124695	0.395986017614441	0.810641236730652	0.235444688329773	0.470092001806335	0.490168017492371	0.401052259740906	-0.142290084619446	-0.470053537012024	0.392561648412781	0.359066506994324	0.499093623937683	0.235374504980164	0.325371303564148	0.313490744360046	0.806456342809753	0.371996586034851	0.338944950048523	0.443018692968445	0.384371450170593	0.535189674779968	0.0352121519528197	0.42167812851532	0.43541108164032	0.40794862851532	0.42167812851532	0.928106972675476	0.235435123148132	0.47764458226532	0.36529267951532
PPT2;PRRT1-cg12883279-6-32120773	0.37490770285614	0.395833207616882	0.885029041845398	0.494708383642273	0.464837626012878	0.420549791601257	0.413734969762878	0.523699905065613	0.345787739721374	0.426987993261414	0.352716840063171	0.240575265722351	0.4610982885495	0.441316533056336	0.926234909277039	0.400248003820496	0.639793533300476	0.383013194738464	0.561852578893738	0.402179434850769	0.406384985082703	0.46658740219696	0.45142156613739	0.480700337316589	0.424426025304871	0.0811231148434449	0.667965010778504	0.610052986181336	0.494494556860046	0.375838353551941	0.347029521215515	0.407924406591492	0.403540612646179	0.413032505712585	0.3912215876828	1.03630749802216	0.378975790136414	0.353796648595886	0.823882244665222	0.590708111425476	0.430456494237976	0.767490706396179	0.99363088254364	0.223990235082703	0.70662513846405	0.359656286352234	0.422837307470398	0.518209849645691	0.0297523163815308	0.439531134191589	0.37627953891571	0.479729703405457	0.739322922521667	0.239619374120789	0.502407687597351	0.485522703283386	0.393307945531921	-0.12750739882843	-0.465052851221008	0.432627334203796	0.382730192785339	0.488608309728699	0.269549190771179	0.556053989355164	0.294160430151062	0.772210028600769	0.416625271825867	0.318035635839539	0.44655437875946	0.378968135961609	0.344341360570984	0.0311508377438354	0.42167812851532	0.42552658164032	0.41783312851532	0.42167812851532	0.706960606675476	0.240980757148132	0.45565321626532	0.38728404551532
PPT2;PRRT1-cg13934406-6-32120878	0.318697748510437	0.371266253271179	0.143680087499695	0.48958142929657	0.179950671667175	0.390796837255554	0.454141015417175	0.49929895071991	0.426439785375671	0.442846038915711	0.301771885717468	0.0928923113766481	0.459807334203796	0.495730578710632	0.961754954931335	0.447033049474792	0.690651578954773	0.452079240392761	0.706964624548035	0.362039480505066	0.433265030737	0.427547447851257	0.432035611791687	0.372874382970886	0.393994070959167	-0.128046839502258	0.3611050564328	0.533209031835632	0.525473602514343	0.352836399206238	0.407781566869812	0.370748452245789	0.426393658300476	0.365799551366882	0.454948633337097	1.03059554367645	0.35127283579071	0.378206694250183	0.845202290319519	0.411204157079773	0.445550539892273	0.794488752050476	0.830595928197937	-0.140481719263	0.796790184118347	0.331388332006531	0.426662353124695	0.553000895299988	0.0166863620358277	0.372327179845886	0.374200584570007	0.428901749059753	0.555440968175964	0.214067419775085	0.424628733251648	0.433906748937683	0.417681991186218	-0.174626353174133	-0.492324805566711	0.449706379858093	0.348876238439636	0.530005355382996	0.225681236425476	0.263752035009461	0.283602475805359	0.810089074255066	0.371524317480164	0.379379681493835	0.444911424413757	0.359034181615906	0.521720406225281	0.0203628833981323	0.42167812851532	0.47197908164032	0.37138062851532	0.42167812851532	0.916433138675476	0.206471289148132	0.46119474826532	0.38174251351532
PPT2;PRRT1-cg16481280-6-32120955	0.163980238378601	0.341751743139343	0.0628915773678589	0.458759919164734	0.0861171615353393	0.426908327123718	0.418161505285339	0.591325440588074	0.396973275243835	0.440162528783875	0.498192375585632	0.225426801244812	0.55246282407196	0.460416068578796	1.0527044447995	0.422439539342957	0.664438068822937	0.416659730260925	0.993843114416199	0.42072597037323	0.364832520605164	0.546886937719421	0.430233101659851	0.61257587283905	0.465956560827332	-0.161508349634094	0.392584546300964	0.527884521703797	0.476374092382507	0.322751889074402	0.411586056737976	0.349839942113953	0.38873714816864	0.374892041235046	0.426973123205261	0.474328033544617	0.330479325658875	0.334824184118347	0.811598780187683	-0.0331393530520631	0.403833029760437	0.73885524191864	0.998962418066101	0.0466987706051635	0.505544673986511	0.332911821874695	0.385170842992859	0.532875385168152	-0.0219541480960083	0.47148966971405	0.338408074438171	0.635899238927917	0.458863458044128	0.198833909643249	0.598054223119812	0.602335238805847	0.422475481054382	-0.167521863305969	-0.508734315698547	0.441773869726257	0.3635307283078	0.57865084525116	0.28085972629364	0.329841524877625	0.331494965673523	0.78366656412323	0.497303807348328	0.393728171361999	0.597453914281921	0.39276567148407	0.501746896093445	0.0169123732662964	0.42167812851532	0.33501958164032	0.50834012851532	0.42167812851532	0.688115978042664	0.34048012851532	0.505552587632507	0.281182870882507
PPT2;PRRT1-cg23359665-6-32120907	0.221334181005554	0.370794685766296	0.085549519994812	0.434746861791687	0.434690104162292	0.429055269750671	0.384167447912292	0.462215383215027	0.283034217870789	0.361080471410828	0.371938318212585	-0.0127422561282349	0.429792766698914	0.41614901120575	0.851051387426453	0.45978848196991	0.49669201144989	0.324227672887878	0.641370057043152	0.410184913000183	0.440785463232117	0.558324880346375	0.350325044286804	0.496112815466003	0.444390503454285	0.0728615929928588	0.401410488927918	0.44736646433075	0.43889403500946	0.352912831701355	0.414436999364929	0.371898884740906	0.451830090795593	0.388075983861999	0.474542065832214	0.73842897617157	0.340673268285828	0.3563091267453	0.778769722814636	0.56621658957489	0.45489297238739	0.725914184545593	0.750154360693054	-0.100754286767883	0.704213616613464	0.348259764501648	0.435113785619812	0.408150327795105	0.0217547945309448	0.437207612341003	0.465107017065124	0.474002181554871	0.325222400671082	0.214725852270203	0.442197165746765	0.5070141814328	0.452681423681335	-0.184082920679016	-0.484746373071594	0.54089681235321	0.380837670934753	0.447027787878113	0.256744668920593	0.125577467504578	0.287209908300476	0.758040506750183	0.484239749975281	0.269880113988953	0.426817856908874	0.412332614111023	0.398306838720398	0.0309153158932494	0.42167812851532	0.43758958164032	0.40577012851532	0.42167812851532	0.959492478042664	0.31959762851532	0.526435087632507	0.298294436882507
PRAC;C17orf93-cg04574034-17-46799745	0.437406450292664	0.395228955053406	0.0910117892819215	0.401167131078796	-0.254182626550598	0.423680539037781	0.421304717199402	0.301522652502136	0.396381487157898	0.0146167406979371	0.817695587499695	0.263880013158875	0.394362035986023	0.423983280492859	0.272690656713562	-0.378556248742981	0.106570280737	0.426326942174988	0.463365326330261	0.446865182287293	0.409402732519226	0.421992149633484	0.422217313573914	0.381690084753113	0.401443772741394	0.663992862279968	0.823703758215027	0.662459733617859	0.17700130429657	0.617658100988464	0.436830268652039	0.395141154028015	0.434129360082703	0.446630253149109	0.423172335119324	0.217737245458679	0.433852537572937	0.42212539603241	-0.0378800078982544	-0.218781141138	0.3418502416745	0.196146453832703	0.386442629980164	0.294451982519226	0.0127668859005737	0.327800033788757	0.421706054906922	0.424655597082214	0.165773063818054	0.409735881628113	0.375981286352234	0.46600245084198	0.902218669958191	1.10230712155731	0.729132435033874	0.49427245071991	-0.387141307031555	0.627983348608093	0.375028896215515	-0.34258691835968	1.22087694022186	0.454105057165222	1.0064679382077	0.519327736791687	0.822591177587585	-0.0133792239627075	0.41413201926239	0.434059383276062	0.480995126195984	0.435195883398132	0.471169108007507	0.323112585180359	0.42167812851532	0.29164108164032	0.55171862851532	0.42167812851532	0.446143105034851	0.724526255507507	0.401559714624695	0.00552368387469482
PRAC;C17orf93-cg20945566-17-46800020	0.513740040380554	0.421985545141296	0.128914379369812	0.397945721166687	-0.296253036462708	0.423417129125671	0.469984307287292	0.183451242590027	0.506856077245789	0.342613330785828	0.710809177587585	0.515102603246765	0.392316626073914	0.510432870580749	0.510657246801453	0.46308834134491	0.19305087082489	0.544300532262878	0.424246916418152	0.419094772375183	0.504598322607117	0.417181739721375	0.521436903661804	0.372628674841003	0.431891362829285	0.725354452367859	0.445588348302917	0.824693323705749	0.36226489438446	0.401127691076355	0.324400858739929	0.405608744115906	0.492392950170593	0.516777843236999	0.508184925207214	0.32020383554657	0.422465127660828	0.5130129861203	0.0378315821896362	0.03728944894989	0.49027683176239	0.818338043920593	0.443404220068054	-0.0551064273928834	0.0407834759884643	0.374156623876648	0.503757644994812	0.507996187170105	0.0749776539059449	0.413628471716003	0.413668876440125	0.417218040929871	0.904437260046081	0.264725711645203	0.852682025121765	0.4167030408078	-0.0918717169436647	0.747972938695984	0.487973486303406	-0.29404232827179	0.416826530309753	0.463901647253113	0.853552528295593	0.642062326879578	0.337389767675476	0.0540773661251832	0.401652609350281	0.503717973363953	0.416188716283874	0.421942473486023	0.563377698095398	0.0776011752682494	0.42167812851532	0.49040858164032	0.35295112851532	0.42167812851532	0.363830605034851	0.593713755507507	0.483872214624695	-0.00274822812530529
PRAC;C17orf93-cg27170782-17-46800028	0.51067962863739	0.430321133398132	0.702225967626648	0.330973309423523	-0.317829448205872	0.417811717382507	0.472461895544128	0.273001830846863	0.496372665502624	0.421402919042664	0.946600765844421	0.497400191503601	0.38508021433075	0.465747458837585	1.03801383505829	0.0676379296017456	0.0695024590817261	0.487444120519714	0.427313504674988	0.409648360632019	0.494117910863953	0.41714632797821	0.46723049191864	0.368862263097839	0.717263951086121	0.764021040624695	0.403713936559753	0.650492911962585	0.259475482641296	0.400359279333191	0.502867446996765	0.412833332372742	0.498827538427429	0.472946431493836	0.48750151346405	0.255716423803406	0.405970715917664	0.511139574377136	0.0857091704464722	-0.194830962793274	0.328141420019226	0.822543632177429	0.69755980832489	-0.100540839136047	0.0105250642453004	0.375554212133484	0.489766233251648	0.467202775426941	0.0822162421627808	0.411124059972839	0.40901746469696	0.397759629186707	0.847562848302917	0.266104299902039	0.619729613378601	0.425113629064636	0.477518871313171	0.68615952695282	0.475100074560242	-0.306137740014954	0.422202118566589	0.406118235509949	0.813889116552429	0.439371915136414	0.307027355932312	0.202448954382019	0.399346197607117	0.481486561620789	0.41489030454071	0.405345061742859	0.523748286352234	0.180684763525085	0.42167812851532	0.55379258164032	0.28956712851532	0.42167812851532	0.432162605034851	0.641112755507507	0.415540214624695	0.0124578098746948
PRDM14-cg19518104-8-70981345	0.440567897558289	0.360049402319031	0.755006236547546	-0.428005421655579	0.513572820715027	0.344801986303406	0.374258164465027	0.110169099767761	0.470810934423523	0.0614061879635621	0.96973003476532	0.4583154604245	0.580338483251648	0.455086727758484	0.555568103979187	0.399891198522644	0.540705728002625	0.451789389440613	0.319761773595886	0.337450629552917	0.415869179784851	0.331382596899109	0.453104760839539	0.755114532018738	0.746677220007019	0.701737309545593	0.875670205480652	0.201337180883484	-0.327449248437805	0.406793548254089	0.171718715917664	0.42667360129364	0.124520807348328	0.344192700414734	0.231833782384949	0.138229692724304	0.317235984838562	0.438108843298035	-0.0746075606326294	0.579004306127625	-0.242763311059875	0.771343901098328	0.246030077245789	0.465727429784851	0.832224333166199	0.294871481054382	-0.147792497827454	0.417552044347839	0.892987511083679	0.425479328893738	0.611941733617859	0.417450898107605	0.398906117223816	1.06224356882294	0.3718168822995	0.507574897985535	0.43357514023407	-0.213949204126282	0.44172834348114	-0.398047471094055	0.882216387487488	0.330667504430847	0.260890385473328	0.354298184057312	0.67885562485321	0.503575223302918	0.946050466528015	0.386770830541687	0.444086573461609	1.15897133066376	0.428151555273132	0.0631290324459838	0.42167812851532	0.43571258164032	0.40764712851532	0.42167812851532	0.385977151995789	0.464792302468445	0.661047761585632	-0.202690325164368
PRDM16;FLJ42875-cg11229543-1-2984445	0.413835160986023	0.445522665746765	0.904285499975281	0.497027841772156	0.593639084142761	0.58005624973114	0.386507427892761	0.554175363195496	0.344864197851257	0.495031451391296	0.649685298193054	0.467444723852234	0.400320746679382	0.362877991186218	0.415183367406921	0.362144461950378	0.559944991430359	0.452308652868347	0.448317037023621	0.413566892980652	0.464585443212585	0.526180860326843	0.270056024267273	0.403101795446472	0.414258483434753	-0.113261427026673	0.423255468908386	0.200138444311218	0.464774014989929	0.421764811681824	-0.315861020654602	0.448126864721375	0.525661070776062	0.411617963842468	0.413548045812683	0.458273956152039	1.2299422482663	0.413331106725769	0.028556702795105	0.569383569555359	0.515938952367859	0.754914164526062	0.344585340673523	0.312805693212585	0.0238725965939332	0.379714744482117	0.332596765600281	-0.0353076922244263	0.952428774511414	0.419599592321472	0.403649997045593	0.461245161535339	0.18713038065155	0.413880832250671	0.407266145727234	0.748184161413269	0.485470403661804	-0.0636639406985475	0.456798606908875	0.168339792333679	0.631191650915222	0.410959767858582	0.629669648901062	0.556156447485046	0.997483888280945	0.574849486730652	0.43109172995575	0.102067093969421	0.895667836889343	0.427558594091492	0.373736818700867	0.0805652958737182	0.42167812851532	0.52882108164032	0.31453862851532	0.42167812851532	0.138594978042664	0.42356112851532	0.422471587632507	0.485050705882507
PRHOXNB-cg23558002-13-28553501	0.481823719701843	0.766520224462585	0.729786058691101	0.135812400487976	0.540705642858582	0.41973280844696	0.389046986608582	0.152781921911316	0.454444756567078	0.493185010107117	0.596549856908875	0.408534282568054	0.877195305395203	0.423633549902039	0.244333926122742	0.477113020666199	0.226108550146179	0.409359211584167	0.438689595739441	0.399176451696472	0.451387001928406	0.405972419042664	0.431248582983093	0.402639354162293	1.15469804215057	0.700919131689148	0.949522027624206	0.230021003027039	-0.217407426294251	0.379717370397644	0.238722538061218	0.400400423437195	0.451637629491882	1.10375252255829	0.420821604528503	1.03597651486786	0.414074806982117	0.451215665441589	0.181389261510925	0.586937128271179	0.153760511083679	-0.0466482767581177	0.605376899389343	0.317938251928406	0.0494361553097534	0.350860303197937	0.292611324316101	0.521699866491394	0.0727623332272339	0.873719151037293	1.17122755576141	0.991984720251159	0.211650939367371	0.763937390966492	0.381203704443054	0.502334720129089	0.494644962377625	-0.112286381982727	0.435582165624695	-0.292519648950501	0.684823209631042	0.422535326574402	0.250076207616882	0.267458006200867	0.320051446996765	-0.0385259545535278	0.42059928867157	0.443522652685242	0.394958395605164	0.501080152807312	0.452596377416687	0.522265854589539	0.42167812851532	0.41537358164032	0.42798612851532	0.42167812851532	0.611214605034851	1.29354575550751	0.236488214624695	0.190036079874695
PRIMA1-cg06133145-14-94254351	0.3752629916745	0.911342496435242	0.153233330663757	0.421979672460632	0.516034914831238	1.13734108041962	0.414935258581238	0.127981193883972	0.426600028539734	0.419805282079773	0.396226128881531	0.521225554540711	0.463706577367859	0.480561821874695	0.267421198095398	0.164010292638855	0.487256822118835	0.439928483556824	0.405945867712097	0.695566723669129	0.383507273901062	0.39174269101532	0.366781854955749	0.365722626134949	0.40958431412323	0.404276403661804	1.23488429959686	0.135433274999695	0.192671845678406	0.6942186423703	0.446328810033874	0.420825695409851	0.418116901464539	0.400127794530945	0.42597987650116	0.987760786840515	0.406797078954773	0.409741937414246	0.0328765334835815	-0.0904045997561644	0.421274783056335	0.464728995214539	0.838887171362	0.668161523901062	0.34184642728241	0.516222575170593	0.414834596288757	0.26388413846405	0.73375560519989	0.384367423009949	0.95387782773407	0.455979992223816	0.192318211340027	1.01799666293915	0.38329097641571	0.411389992101746	0.0931512343502808	0.286839889989929	0.403946437597351	0.200952623022156	0.964697481603699	0.424538598547058	1.09617747958954	0.528081278173523	1.12103771896942	0.779716317419128	0.850551560644226	0.454577924657898	0.45420166757782	1.20109842477997	0.377780649389343	0.867678126562195	0.42167812851532	0.42888608164032	0.41447362851532	0.42167812851532	0.712200620175476	0.260981770648132	0.40990322976532	0.43303403201532
PROCA1-cg14676825-17-27038886	0.47135461704071	0.387539121801453	0.472048956029968	0.402292297826843	0.519233540197449	0.380470705785828	0.393240883947449	0.724871819250183	0.386419653905945	0.454635907445984	0.244682754247742	0.387541179906921	0.36676220273407	0.404932447240906	0.956844823461609	0.299394918005066	0.449060447485046	0.425857108923035	1.00274649307831	0.472054349035339	0.472319899267273	0.369060316381531	-0.328963519678039	0.36290925150116	0.365129939489441	0.241957029028015	0.370454924963074	0.628174900365906	0.439545471044617	1.07954626773651	0.458724435400086	0.762220320776062	0.47572852683075	0.444429419897156	0.385408501867371	0.967188412206726	0.398904704320984	0.439480562780457	0.752007158849793	0.388887025610046	-0.343711591577453	0.75868262058075	0.41644779672821	0.0618961492672729	-0.0283569473513794	1.2000102005368	0.434342221654968	0.447504763830261	0.699232230566101	0.53917304837616	0.381226453100281	0.346129617590027	0.918268836706238	0.265974288305359	0.788307601781921	0.375490617467957	0.476540859716492	0.14215451535614	0.387142062963562	0.553219248388367	0.96260910696991	1.00490522391327	0.232130104955749	0.0305619035397339	0.749602344335632	0.758200942785339	0.358447186010437	0.376612550024109	0.368782292944031	0.555987050146179	0.355112274755554	0.193820751928406	0.42167812851532	0.59443008164032	0.24892962851532	0.42167812851532	0.177787978042664	0.40212012851532	0.443912587632507	0.458878376882507
PRRT1-cg12387154-6-32119639	-0.402819460596008	0.418780044164734	0.22684487839325	-0.333831779809876	0.52684946256073	0.396416628149109	0.46539480631073	0.735236741613464	0.444501576269226	0.526767829809265	0.692491676611023	0.545742102270203	0.930941125097351	-0.332517630395813	0.27774474582489	0.392065840368347	0.545087369848328	0.485620031286316	0.382957415441589	0.401468271398621	0.281180821630554	0.405883238744812	0.407549402685242	0.356125173864441	0.407340861852722	0.244922951391296	0.614932847326355	0.572844822729187	0.536243393407898	0.566121190099792	-0.344166642236633	0.706097243139343	-0.457680550805969	0.376399342260437	0.475962424230652	0.204210334570007	0.828723626684265	0.452702485143738	0.788467081213074	-0.0552100520266725	0.479220330785828	0.529687542944031	0.340403719091492	0.705741071630554	0.121650975011902	0.395834122900085	0.45622214401825	0.443601686193542	0.959952152929382	0.376702970739441	0.361327375463562	0.732047539953308	0.411766759069519	0.30114221066864	0.402012524145203	0.415302539831238	0.477087782079773	0.396818437719421	0.434739985326843	0.081697170751648	0.377911029333191	0.38133214627655	0.264203027319031	0.435712825903015	0.355034266698914	0.633711865148621	0.828720108373718	0.44498747238739	0.425619215307312	0.698713972509461	0.481829197118836	0.920539674291687	0.42167812851532	0.44296308164032	0.40039662851532	0.42167812851532	0.941706478042664	0.45009162851532	0.395941087632507	-0.157892987117492
PRRT1-cg17218813-6-32119616	-0.415439008935852	0.41353649582489	0.0501893300534058	-0.392493328149719	0.498111914220886	0.408090079809265	0.186225257970886	0.842272193273621	0.435998027929382	0.462889281469421	0.672379128271179	0.509413553930359	0.412541576757507	-0.223748178735657	0.260880197485046	0.432663292028503	0.613878821508484	0.450048482946472	0.474543867101746	0.896124723058777	0.19577627329071	0.388125690404968	0.325957854345398	0.375098625524597	0.409753313512878	0.631811403051453	1.20377129898651	0.810419274389343	0.512702845068054	0.397098641759949	-0.307475190576477	0.4186856947995	-0.467281099145813	0.407189793920593	0.421403875890808	0.223663786230164	1.22910607834442	0.421033936803894	0.71330453287323	0.558030399633484	0.390316782445984	0.519400994604187	0.364723170751648	0.69977552329071	0.225861426672058	0.346226574560242	0.369211595678406	0.494802137853699	0.855521604589539	0.377207422399597	0.343248827123718	1.05025599161346	0.963232210729675	0.419820662328796	0.444443975805359	0.422075991491394	0.443502233739929	0.400119889379578	0.389260436986999	0.463442622411804	0.382160480993347	0.426098597936707	0.247042478979187	0.449904277563171	0.88604671835907	0.721128316808777	0.365551560033875	0.416026924047546	0.470778666967468	0.402944424169617	0.513633648778992	0.847100125951843	0.42167812851532	0.46229208164032	0.38106762851532	0.42167812851532	0.943330478042663	0.46553262851532	0.380500087632507	0.374613504882507
PRRX1-cg26048630-1-170640675	0.46880197629364	0.439906481054382	0.107522315282898	0.420624657079773	0.519466899450378	0.436641065038757	0.431422243200378	0.488919178503113	0.449271013158874	0.220611266698914	0.303256113500671	-0.165732460840149	0.427173561987	0.376092806493835	0.282393182714539	-0.354525722742004	0.131237806737976	0.424629468175964	0.411758852331238	0.424334708288269	0.480428258520203	0.42508367563446	0.41502183957489	0.389619610754089	0.420568298742371	0.351979388280945	0.413111284216003	0.562160259618836	0.445836830297546	0.426657626989441	-0.311352205346985	0.432748680028992	-0.393840113916321	0.420102779150085	0.3055218611203	0.234160771459656	0.419716063573914	0.509152922033386	0.774247518102722	-0.160504615137024	0.542429767675476	0.828945979833679	0.33934515598114	0.635508508520203	0.0444014119015503	0.545926559789734	-0.182885419092102	-0.141514876916809	0.985541589819031	0.431764407629089	0.41790181235321	0.399448976842957	0.270241195959168	1.09517564755829	0.423135961034851	0.422321976720886	0.522636218969421	0.67732587460907	0.476892422216492	-0.290314392358704	0.429854466222839	0.428390583166199	1.05770046420868	0.288023262792664	0.324024703588562	0.298783302038269	0.422184545263367	0.456781909277039	0.42675665219696	0.419894409399109	0.391374634008484	0.0752331111813355	0.42167812851532	0.18727058164032	0.65608912851532	0.42167812851532	0.430407940128601	0.655285090601257	0.0165185497184449	0.417266059968445
PRSS27-cg10286969-16-2765843	-0.379850022241516	0.376073482519226	0.584843316747742	0.404231658544617	-0.369581099084778	0.411244066503601	0.462669244665222	0.0616581799679566	0.483634014623718	0.503534268163757	1.04501511496552	0.569702540624695	0.515165563451843	0.368564807958679	0.366547184179382	-0.0407327212771607	0.77567780820282	-0.218792530359192	0.758353853796082	0.368516709753113	0.349642259985046	0.703808677099304	0.510947841039734	0.315974612218933	0.372779300207214	0.727424389745789	0.361621285680847	0.758525261083679	0.0953968317623902	1.14006962845428	-0.401560203882141	0.356481681493835	0.385856887548523	0.585604780614929	0.453914862585144	1.0585187729245	0.369143065038757	0.36968392349823	0.512650519567566	0.64213438632782	-0.28608623085968	0.413288981298523	0.417741157445984	0.379541509985046	0.00766141336639409	0.354635561254578	0.406580582372742	0.474397124548035	0.267082591283875	0.426194409093933	0.392232813818054	0.4688329783078	0.878535197424011	0.470937649023132	0.757979962499695	0.39070797818573	0.498258220434265	0.736615876073913	0.457916423681335	-0.35314339089386	0.370727467687683	0.460954584631042	0.244201465673523	0.0782502642575074	0.839658705053406	0.158882303503113	0.461668546728211	0.468846910741882	0.679600653661804	0.796724410863953	0.469171635473328	0.928567112646179	0.42167812851532	0.40516058164032	0.43819912851532	0.42167812851532	0.244443105034851	0.680982255507507	0.603259714624695	0.205631189874695
PSD3-cg01573321-8-18744446	0.0260217919674684	0.34910229672821	0.869713130956726	0.438524472753601	0.132776715124207	1.06308288071259	0.382124058874207	0.177794994176941	0.423084828832703	0.417825082372742	0.9429879291745	0.522432354833679	1.15553437766083	0.426380622167664	1.01655899838837	-0.437661907068176	0.0585646224118042	0.435937283849793	0.418117668005066	0.363819523962097	0.366109074194031	0.426266491308289	0.412735655248718	0.775021426427917	0.844924114416199	-0.243690796045227	0.825765099889831	0.741318075292664	0.431288645971375	0.593903442663269	0.417594610326843	1.20698649570282	-0.432733298242493	0.816369594823914	0.391025676794128	0.986583587133484	0.795032879247742	0.370978737707214	-0.00266966622344966	-0.311850799463196	0.397835583349304	0.0151847955075074	0.675326971654968	-0.210353675805969	0.796255227575378	0.800423375463562	-0.461244603418274	0.426911938757019	0.510707405492859	0.347294223302917	1.14450062802704	0.985419792516785	0.0582180116329957	0.253058463232117	0.272831776708679	0.819254792394714	0.40270303464325	0.639849690282898	-0.21054476210968	0.468023423315125	0.335642281896668	1.12940339884003	0.874162279882507	0.110098078466492	0.31383651926239	0.753092117712097	0.419160360937195	0.363562724950867	1.11633146787079	0.306512225072937	0.478857449682312	-0.0298800731448364	0.42167812851532	0.26132908164032	0.58203062851532	0.42167812851532	0.230117121628601	0.951335272101257	-0.101452268781555	0.617556878468445
PSKH2-cg20982735-8-87082023	0.471022903661804	0.439939408422546	0.064744242651062	0.048434584447937	0.503328826818543	0.695104992406921	0.430194170568542	0.203968105871277	0.476439940527039	0.0685771940670777	1.06948704086884	0.129761466528015	1.20074948935516	0.462952733861999	0.695982110082703	0.45271020462616	0.38366473410614	0.0877443955441284	0.372467779699402	0.374352635656433	0.435225185888367	0.394266603002625	0.456683766943054	0.483679538122253	0.499974226110535	0.726950315649109	0.653039211584168	0.313897186987	-0.33421124233429	0.384301554357605	-0.122137277978821	0.371150607397156	0.0684758134518433	0.38382070651825	0.402750788488464	0.19633969882782	0.339977990942078	0.43118184940155	0.363238445470886	0.13246231223114	0.47581269504364	0.773726907201843	0.322532083349304	-0.0357875641116333	0.835418339269714	0.330058487157898	0.448079508276062	0.473412050451355	0.103028517187195	0.365826334997253	0.446732739721375	0.684547904211121	0.498674123327332	0.517272574926453	0.362007888403015	0.49241590408905	0.447392146337586	0.234063801977234	0.434406349584656	-0.33413346499054	0.506097393591003	0.760033510534363	0.956795391576843	0.554749190160828	0.412401630956726	-0.00304977059356681	0.869086472631531	0.357905836645203	0.391233579565125	1.03931733676727	-0.322776438623352	0.147052038549499	0.42167812851532	0.31804258164032	0.52531712851532	0.42167812851532	0.496568478042664	0.44503862851532	0.400994087632507	-0.0339504071174927
PTPRN2-cg03232056-7-157461310	0.427477632055359	0.591989136816101	0.682072971044617	0.281414312841492	0.489370555212097	0.314593720800476	0.426978898962097	0.438652834264832	0.446974668920593	0.173205922460632	0.18118776926239	0.35595219492157	1.10504421774872	0.173829462255554	0.984909838476257	0.445515933019714	0.355816462499695	0.421839123937683	0.342555508092957	0.327818364049988	0.364951914281921	0.337416331396179	0.449570495336609	0.683776266515808	0.791712954504089	0.620443044042664	0.356550939977722	0.0180139153805542	0.137058486059265	0.85523428275116	-0.460626549585266	0.90427933579071	-0.508285458154602	0.321161434911804	0.410471516882019	0.545740427221375	0.302288719335632	0.411446577795105	-0.0856668261355591	0.431579040624695	0.134095423437195	0.718199635595398	0.305723811742859	0.683584164281921	0.826314067663269	0.796948215551453	-0.135533763330383	0.48299777884491	0.41969024558075	0.301420063390808	1.13924146811493	0.442042632604675	0.215159851720886	1.07762830332001	0.33138361679657	0.463847632482605	0.33626387473114	-0.242038469629211	0.37493707797821	0.503131263403015	0.347642121984558	1.13300823892792	0.978542119970398	0.238218918554382	0.438234359350281	0.158319957799988	0.938655201025086	0.427571565038757	0.319448307958679	1.18087906516083	0.499780289770203	-0.0544192330569458	0.42167812851532	0.51183858164032	0.33152112851532	0.42167812851532	0.359308664628601	1.09546481510126	0.201667274218445	0.488365335468445
PTPRN2-cg05124021-7-157487066	0.456129950780945	0.401910455541687	0.684206289770203	0.431373631567078	0.523995873937683	0.717457039526062	0.434418217687683	0.0333641529904176	0.430242987646179	0.422223241186218	0.199074087987976	0.421765513647156	1.0904295364743	0.34365078098114	0.802159157201843	0.4697132517453	0.0375047812252809	0.472395442663269	0.370105826818543	0.839312682775574	0.399214233007507	0.342104650121765	0.403793814062195	0.322113585241394	0.435137273229675	0.0671783627682495	0.328182258703308	0.11178823410614	-0.368880195215149	0.682136601476746	-0.34060223085968	0.495433654516296	-0.494285139429016	0.41773975363739	0.435626835607605	0.12808974594696	0.324169038061218	0.397183896520691	0.569814492590027	0.609453359350281	-0.268482257837219	0.787791954320984	0.308471130468445	0.496684483007507	0.831909386388855	1.00991453427704	0.419661555395203	0.463121097570496	0.0582885643063356	0.394121382116394	0.345246786840515	0.417560951330261	0.542467170446472	1.11394962204559	0.342521935522156	0.850758951208191	0.135741193456726	0.214194849096375	0.406070396703796	0.517147582128601	0.317037440710144	0.983889557653503	1.07829843869598	0.0866922372799683	0.520137678075867	0.348076276525574	0.377402519750671	0.440835883764343	1.17403462668427	0.874873383886414	0.505741608495789	-0.0177929143313598	0.42167812851532	0.58492158164032	0.25843812851532	0.42167812851532	0.853035824136414	0.45747297460907	0.108645433726257	0.388530921976257
PTPRN2-cg20670679-7-157561786	0.309517037084656	0.354186541845398	0.865734376073914	0.419446717870789	0.448021960241394	1.01255112582977	0.402732303991394	0.195868239294128	0.42220207394989	-0.105478672510071	1.07360717429169	-0.144253400049133	0.910852622778015	0.435790867284851	0.755666243505554	0.404800338049011	0.788153867528992	0.42519552896698	0.489883913122253	0.398262769079285	0.340067319311218	0.683027736425476	0.421546900365906	0.688671671545105	1.00180435953339	0.51614344907196	0.330130345007019	0.453762320409851	-0.395895108911438	0.285752687780457	-0.470581144555969	0.348906740820007	-0.207313053125305	0.353028839941101	0.296492921911316	0.112767832250671	0.273238124364929	0.378400982824402	0.0138515788937378	0.435905445653992	-0.543279171533508	0.710684040624695	0.423147216772156	-0.179112430688782	0.796935472692566	0.307746620580749	0.360572641698914	0.533218183874206	-0.0397973493899536	1.1780114684201	1.02659787314423	1.08890803763397	0.0665392567501831	0.594231708349304	0.735350021825867	0.455791037511902	-0.432390720239563	-0.204684064599915	0.341900483007507	0.471963668432312	0.897263527013855	0.929434643957214	1.06419952499969	0.507380323583679	0.678491764379578	-0.0323536371707153	0.701600606054382	0.166815970068054	0.386355712987976	0.845842470190124	0.230684694799499	0.0829061719723511	0.42167812851532	0.14457808164032	0.69878162851532	0.42167812851532	0.444325605034851	0.472458755507507	0.403377214624695	-0.392716721125305
PTPRN2-cg25910519-7-157389729	0.475538202612	0.402293707372742	0.531864541601257	0.466615883398132	0.469815125768738	0.547728291357117	0.394405469518738	0.250054404821472	0.471384239477234	-0.014402506982727	0.688449339819031	0.148753765478211	0.566498788305359	0.444035032812195	0.328553409032898	0.302324503576355	0.422144033056335	0.495647694494324	0.568143078649597	0.498488934606628	0.396216484838562	0.71928490195282	0.47369806589325	0.498099837072449	0.43320852506073	0.0700856145993042	0.386088510534363	0.394723485937195	-0.276171943384094	0.3910408533078	-0.385644979028625	0.405161906347351	-0.469648887597961	0.414290005468445	0.41995308743866	0.203858997778015	0.393391289892273	0.421635148351746	0.290450744421082	0.613478611181335	-0.458181006006164	0.783853206152039	0.5577383822995	-0.030344265161438	0.84900163821991	0.360355786108093	-0.417877192773743	0.57903834940155	0.0720628161373902	0.574658633947449	0.43579803867157	0.669917203161316	0.213487422277527	1.10790287387665	0.570558187353211	0.610908203039246	-0.388388554712219	-0.137459899072571	0.406890648534851	0.494480833959656	0.410647692541199	0.839892809484558	1.11133569052704	0.132147489111023	0.327635929906921	0.00670052835662854	0.630927771581726	-0.294911864404602	0.60248987851532	0.545974635717468	0.547142860326843	0.0244923374996948	0.42167812851532	0.19760758164032	0.64575212851532	0.42167812851532	0.386884177128601	0.745066327601257	0.118498786718445	0.460789822968445
PTRF-cg27576485-17-40558063	-0.439882157251282	0.42739134750946	0.00282518173797613	0.141486523534851	-0.380359234094544	0.460212931493835	0.396037109655456	0.901092044958191	0.357137879613953	-0.389758866846008	0.76554197995575	-0.258936594385071	1.21873542844208	0.329276672948914	1.02289604916962	0.334478143713074	0.860958673193054	-0.0877226653689576	0.989386718786316	0.344447574743347	-0.0296148750247193	0.513995542089539	-0.118984293970032	0.991224477209167	0.447525165197449	-0.151404745263977	1.23038115067108	0.236218126073914	-0.375488303247376	0.319730493444519	-0.446644338891907	0.80129854648407	0.408699752538757	0.380158645605164	-0.139993272424621	1.04441663791473	1.24510893002899	-0.138442211511536	-0.0662056154421997	0.157987251318054	0.348851634130554	-0.0587671537112427	0.262334022436218	0.691003374975281	0.828292278356628	1.04757342624481	0.414961447362976	0.488053989538269	0.818413456274109	0.822304274084168	1.17823367880829	0.782128843298035	0.988374062414246	1.05951851401337	0.610388827489929	0.457495843175964	-0.346659914575501	0.475878741064148	0.40268928867157	-0.357744525903626	0.336937332677917	1.21547144962128	0.268240330663757	0.722875129247742	0.98024157004364	-0.0456798315066528	1.01425741171844	-0.397623224267883	0.526554518652039	1.19925827585419	0.531361500463562	0.766116977636414	0.42167812851532	0.0909865816403199	0.75237312851532	0.42167812851532	0.323646151995789	0.527123302468445	0.599265761585632	-0.0947040341643677
PXDN-cg06599209-2-1746509	0.487537787084656	0.421033291845398	0.923633126073914	0.267872467870788	0.139665710241394	0.415518875829773	0.422982053991394	0.753094989294128	0.39740282394989	0.460956077489929	0.868957924291687	0.474078349950867	0.438561372778015	0.415241617284851	1.01584199350555	0.455718088049011	0.592057617528992	0.39118827896698	0.439102663122253	0.412934519079285	0.355206069311218	0.427616486425476	0.429863650365906	0.422155421545105	0.880586109533386	0.58051019907196	0.425325095007019	0.235460070409851	-0.269378358911438	0.808449437780457	-0.373247394555969	0.431378490820007	-0.427201303125305	1.1575695899411	0.388349671911316	0.354957582250671	0.388552874364929	0.377783732824402	0.563226328893738	0.566612195653992	-0.392733421533508	0.135185790624695	0.329525966772156	0.337030319311218	0.848592222692566	0.36373937058075	0.456255391698914	0.366505933874206	0.245280400610046	0.417686218420105	0.399346623144226	0.442051787633972	0.183701006750183	0.798287458349304	0.401131771825867	0.419120787511902	0.494681029760437	0.345512685400085	0.00449123300750726	-0.318600581567688	0.399554277013855	0.398896393957214	0.832728274999695	0.537401073583679	0.940881514379578	0.178290112829285	0.851149356054382	0.161392720068054	0.427032462987976	0.611016220190125	0.5121194447995	0.910721921972351	0.42167812851532	0.41269208164032	0.43066762851532	0.42167812851532	1.03192397804266	0.43748612851532	0.408546587632507	0.252600929882507
PXT1-cg23678210-6-36391852	-0.399737379907532	0.42163712485321	0.0700429590817261	-0.00827769912139897	0.513756543249207	0.660442708837585	-0.385879113000793	0.652212822301941	0.427233656957703	0.192767910497742	0.3323887572995	0.0548861829586793	1.19336520578583	-0.353732549707336	1.02694382651337	0.435189921056824	0.542471450536804	-0.336477888025208	0.536844496130066	0.429317352087097	-0.450012097680969	0.453238319433289	-0.390659516626282	0.520116254552918	0.429814942541199	0.477246032079773	0.402718928014832	0.732627903417664	0.535306474096375	0.372529270788269	-0.117189561548157	0.36714132382782	0.430948529882507	1.22788742294891	-0.406323495080871	0.254383415258484	1.25707770737274	-0.448250434167786	0.16246616190155	-0.118446971338196	-0.344770588525696	0.329737623632507	0.599077799779968	-0.0399218476809692	0.380674055700378	0.384922203588562	0.442337224706726	0.456217766882019	0.749635233617859	1.22206705142792	1.22082845615204	0.554564620641785	0.196898839757996	0.239745291357117	0.533601604833679	0.573686620519714	-0.39625813723175	0.164484518407898	0.27812506601532	-0.358117748559875	0.374903110021668	1.22053622696503	0.270241108007507	0.0323589065914917	1.10014334738739	0.157451945837097	0.735881189062195	0.420487553075867	0.522059295995789	1.24103805319794	0.538875277807312	0.900762754980164	0.42167812851532	0.18770558164032	0.65565412851532	0.42167812851532	0.582250684128601	0.861088834601257	0.0447412937184448	0.265423315968445
PYCARD-cg09866102-16-31214134	-0.459875593652649	0.324598911108093	0.905891745336609	0.249897087133484	0.514184329504089	0.315290495092468	0.154465673254089	-0.00505439144317621	0.414112443212585	0.453418696752625	0.182832543554382	0.520719969213562	0.32594599204071	0.282794236547546	1.00915861276825	0.448008707311707	0.733730236791687	0.430506898229675	0.689821282384949	0.30486613834198	0.422045688573914	0.300736105688171	0.399478269628601	0.3444430408078	0.434288728796082	0.651014818334656	0.480759714269714	0.770751689672546	0.486141260351257	1.21090105704315	0.449098224706726	0.312119110082703	0.43656731613739	0.294699209203796	0.399690291174011	1.01776920151337	0.897478493627625	0.106495352087097	0.569437948156433	0.580887814916687	-0.506965802270813	0.69094240988739	0.217173586034851	0.665631938573914	-0.0855171580447389	1.20419098984344	0.427867010961609	0.449108553136902	0.754843019872742	0.3105408376828	0.310708242406921	0.297816406896668	0.932521626012878	1.107719077612	0.293967391088562	0.299602406774597	0.466933649023132	0.387828304662781	0.418754852270203	0.530680037695007	0.30644189627655	0.53664201321991	0.18824589426239	0.215502692846375	0.264675133642273	0.77928973209198	0.307587975317078	0.408105339330749	0.302778082250671	0.28990983945282	0.499039064062195	0.579827541235046	0.42167812851532	0.65674358164032	0.18661612851532	0.42167812851532	0.934913040675476	0.207007191148132	0.41402865026532	0.42890861151532
PYY;NAGS-cg05951576-17-42083264	0.400572709692078	0.36366921445282	0.454545048681335	0.42121839047821	0.420586632848816	0.364221798437195	0.316839976598816	0.73623191190155	0.353635746557312	0.399676000097351	0.237204846899109	0.441054272558289	0.721641295385437	0.346484539892273	0.967174916112976	0.376763010656433	0.707794540136414	0.392431201574402	0.982354585729675	0.360543441686707	0.44590599191864	0.359328409032898	0.356973572973328	0.311764344152527	0.346246032140808	0.590923121679382	0.372702017614441	0.146424993017273	0.410153563695984	0.374675360387878	0.430532528051453	1.20117241342743	0.471818619482117	0.550397512548523	0.382687594518738	0.950918504858093	0.386581796972351	0.393179655431824	0.46208225150116	0.557965118261414	0.452738501073914	0.723889713232117	0.272492889379578	0.61388824191864	0.807751145299988	1.13024029318817	0.418749314306336	0.357352856481628	0.880002323217468	0.496549141027527	0.474455545751648	0.537801710241394	0.828311929357605	1.09389238095673	0.345046694433289	0.414009710119324	0.430695952367859	0.639998608007507	0.396144155614929	0.520311341039734	0.351784199621277	0.368973316564636	0.985380197607117	0.550482996191101	0.816548436987	0.427977035436707	0.367869278661804	0.322613642675476	0.349534385595398	0.376126142797546	0.403456367406921	0.641457844579773	0.42167812851532	0.57310958164032	0.27025012851532	0.42167812851532	0.258416978042664	0.42713912851532	0.418893587632507	0.528650107882507
RAB31-cg18456459-18-9707753	0.466609831396179	0.411288336156921	0.140413170385437	-0.342235487817688	0.510435754552918	0.420277920141296	0.435108098302917	0.107754033605652	0.432060868261414	0.465367121801453	0.34803396860321	0.36733639426239	0.451336417089539	0.461570661596374	0.382451037817078	0.443337132360535	0.107276661840515	0.461114323278503	0.400886707433777	0.432598563390808	-0.160158886377259	0.441710530737	0.246164694677429	0.444117465856628	0.39561715384491	-0.0836917566165162	0.440499139318542	0.605262114721374	0.474571685400085	0.42750948209198	0.353358649755554	0.393483535131531	0.453557741186218	0.413693634252625	0.426918716222839	0.948785626562195	0.391453918676453	-0.0341662228640747	0.803310373205261	0.574806239965515	0.473808622778015	0.173599834936218	0.381243011083679	0.159277363622742	0.613312267004089	0.372360414892273	0.458732436010437	0.44750197818573	0.13265244492157	0.414744262731628	0.387036667455749	0.403243831945496	0.387801051061707	0.913888502660828	0.64935681613739	0.424704831823425	0.47667107407196	0.0751167297116089	0.383966277319031	-0.286275537256165	0.378413321325378	0.477730438268738	0.497108319311218	0.480132117895203	0.290686558691101	0.725172157140808	0.418893400365906	0.441902764379578	0.4031385072995	0.379305264501648	0.523894489111023	0.688350966283874	0.42167812851532	0.40372458164032	0.43963512851532	0.42167812851532	0.185500590636414	0.35233774110907	0.501397200226257	0.493666155476257
RAB34-cg03452174-17-27045113	0.466532579565125	0.403680084325867	0.920026918554383	-0.337785739648743	0.514015502721863	0.468948668310242	0.404982846471863	0.426093781774597	0.439413616430359	0.432879869970398	0.325980716772156	0.462073142431336	0.445271165258484	0.41139540976532	0.735001785986023	0.47988188052948	0.0946854100094605	0.433574071447449	0.525143455602722	0.426013311559753	0.448314861791687	0.480225278905945	-0.233497557153626	0.456769214025574	0.406467902013855	-0.138422008447571	0.423431887487488	0.43817386289032	0.425149433569031	0.366541230260925	0.4666553979245	0.383177283300476	0.445145489355164	0.41561638242157	0.379802464391785	0.39477937473114	0.362381666845398	0.417304525304871	-0.0283858786257934	0.55275498813446	-0.435273629053039	0.764830583105163	0.385978759252625	0.329539111791687	-0.0245479848269654	0.664101163061218	0.462467184179382	0.471632726354675	0.936661193090515	0.415697010900574	0.398136415624695	0.538772580114441	0.783718799230652	0.240814250829773	0.566152564306335	0.483831579992371	0.468694822240906	-0.180757522119446	0.410161025487976	0.518969210912781	0.380477069494324	0.387863186437683	0.262386067480164	0.0483348660641479	0.270312306860046	0.748084905309753	0.421193148534851	0.397896512548523	0.411982255468445	0.423085012670593	0.279978237279968	0.0231467144528197	0.42167812851532	0.51947808164032	0.32388162851532	0.42167812851532	0.562359766136413	0.44268791660907	0.355280375726257	0.403315979976257
RAB34-cg21816330-17-27044629	0.540828421117859	0.478732925878601	0.980802760107117	-0.358850898096008	0.583493344274597	0.414502509862976	0.483071688024597	0.206311623327332	0.471085457983093	0.542022711523132	0.29742855832489	0.50209098398407	0.428601006811218	0.477226251318054	1.14349062753876	0.512070722082214	0.0648802515621949	0.512985913000183	0.416078297155457	0.397097153112488	0.490621703344421	0.450587120458679	-0.281949715600891	0.376211055578308	0.402984743566589	-0.126748166894837	0.394571729040222	0.132151704443054	0.387046275121765	0.39315307181366	0.531084239477234	0.40362212485321	0.507581330907898	0.399434223974304	0.458934305944519	0.294456216283874	0.412158508398132	0.500227366857605	-0.00516103707305904	-0.145024170312805	-0.408460787500305	0.580994424657898	0.319787600805359	0.469393953344421	0.0017458567257691	0.826869004613953	0.492395025732117	0.56663356790741	1.00417803464325	0.400172852453308	0.408470257177429	0.528692421667175	0.954088640783386	0.260344092382507	0.43316140585907	0.408826421545105	0.54001866379364	-0.153061680566712	0.47542886704071	0.602485052465515	0.404746911047058	0.408613027990417	0.268561909032898	0.651152707616882	0.381502148412781	0.872510746862488	0.433880990087585	0.493301354101257	0.412043097021179	0.392868854223328	0.479366078832703	0.0310105560055542	0.42167812851532	0.63874508164032	0.20461462851532	0.42167812851532	0.939657366175476	0.250814516648132	0.44401297576532	0.39892428601532
RABGAP1L-cg05702218-1-174843909	-0.27232042202179	1.22184908273895	0.0962089169674684	0.463261258764343	0.442450501134949	0.413023666723328	0.420574844884949	0.721328780187683	0.0689226148434448	0.449951868383484	0.508516715185242	-0.166164859155578	0.43807616367157	0.425195408178406	0.996877784399109	0.404493878942566	0.221358408422546	0.427931069860535	0.406093454015808	0.504177309972839	0.381026860204773	0.761213277319031	0.449359441259461	1.05447521243866	0.378891900426941	0.659127989965515	0.360123885900574	0.766657861303406	0.458685431982117	0.380946228674011	0.420547396337585	0.362571281713562	0.22174748776825	0.356629380834656	-0.360330537195129	0.152302373144226	0.363815665258484	-0.467422476282043	0.787322119787293	0.545631986547546	0.421847369360046	0.75056258151825	0.456954757665711	0.610257110204773	0.819326013586121	1.1250721614743	0.410368182592468	0.469566724767761	0.329214191503601	0.79925900931366	1.19555941403778	0.405338578527527	0.132777797643738	1.06898124924286	0.452550562719421	0.417100578405457	0.418262820653992	0.66452747629364	0.391359023901062	0.375233209325867	0.41296306790741	0.409899184850769	0.27361406589325	-0.0122621355227661	0.737900305273132	-0.0266030962771606	0.722524146947937	0.408384510961609	1.10219125388153	0.392476011083679	-0.158051764306946	0.862143712865906	0.42167812851532	0.25159908164032	0.59176062851532	0.42167812851532	0.298257151995789	0.552512302468445	-0.0829502384143678	0.700638765835632
RAI1-cg19447962-17-17628656	-0.274906769433899	0.327454735326843	-0.00417543044464103	-0.459289088647766	-0.18303384627716	0.600292319311218	-0.494075502527161	0.860767432775574	0.296937267431335	0.455211520971375	1.00324636777313	0.498757793432312	1.19513081625946	-0.442067939233703	0.194539436987	0.309792531530457	0.794870061010437	0.455436722448425	1.1078991066037	0.29655196256073	-0.547004487207336	1.05968692990692	0.0607780938473512	1.14777986502655	1.11735255301483	-0.249604357446594	1.17227853848846	0.895911513891296	0.493680084570007	0.855005881261902	0.262452048925476	0.752282934301453	0.40193214035614	1.19536803342255	-0.396159884607238	0.911458025732117	1.23584431784637	-0.516778823694153	-0.0831022276248169	-0.071420360864563	-0.512125978052063	0.76208223410614	0.239238410253601	0.673232762792664	-0.109742333825989	0.258583814062195	-0.537036164819641	-0.335662622644348	0.809127844091492	0.29817966190155	1.14031206662567	0.887282231115417	0.966679450231629	0.146391901830749	1.08744521530731	0.393760230993347	0.434276473241882	-0.256595871118469	-0.541656323511047	0.485891861913757	0.2926167204953	0.52176983743866	0.28555771848114	0.676575517065124	0.182858957861023	0.77168155631073	1.22170079953583	0.406242163549499	0.565093906469421	0.50699966367157	-0.394710111719055	0.864875365453796	0.42167812851532	0.0352175816403199	0.80814212851532	0.42167812851532	0.690543105034851	0.808458255507507	0.157159714624695	0.126864886874695
RAPGEF2-cg13096701-4-160188727	-0.17592925039093	0.369600254369812	0.887777088598328	-0.365226569604797	0.499662672765808	0.484168838354187	0.414725016515808	0.236970951818543	0.242261786474304	0.473252040014343	1.0948978868161	-0.148285687524719	1.21374733530243	0.166865579809265	0.234811956029968	0.440877050573425	0.642351580053406	-0.186517758508606	0.507015625646668	0.414348481603699	0.112477031835632	0.56289744894989	0.44004561289032	1.13381938406952	0.3917040720578	-0.174007838403626	1.20846105753143	0.707758032934265	0.167588603612976	0.363158400304871	-0.376162432031555	1.21172645334442	-0.435566340600891	0.400184552465515	0.35280063443573	0.244202544775085	1.15779683688934	-0.454318304651184	0.688011291418152	0.456333158178406	-0.0626494590090941	0.508008753149109	0.49253092929657	-0.110825718164367	0.79611118521698	1.17458933310516	-0.395781645776672	0.524752896398621	0.539852363134461	0.382072180944519	1.21214758566864	0.992925750158386	0.132518969274597	0.235463420873718	0.462423734350281	0.934774750036316	-0.154483007715149	-0.163795352075501	0.396852195531921	0.433901380956726	0.355380239538269	1.20761935648163	0.251569237524109	0.507561036108093	0.511615476903992	0.341056075353699	0.469479318578796	0.426256682592468	0.47961442551239	1.16504018271454	-0.0704215926760864	0.376925884496765	0.42167812851532	0.15555308164032	0.68780662851532	0.42167812851532	0.245695120128601	1.27152327060126	0.200165729718445	0.601978879968445
RAPGEFL1-cg25813864-17-38334176	0.0948237040768433	0.421287208837585	0.0859860430661011	0.480106384862976	0.473701627233582	0.51455979282196	0.443760970983582	0.901793906286316	0.522156740942078	0.431332994482117	0.280795841283875	0.573009266943054	0.440980289770203	0.293902534277039	0.272837910497742	0.542239005041199	0.868197534521179	0.489479195959167	0.388273580114441	0.413111436071472	0.527515986303406	0.409868403417664	-0.331768432641907	0.455911338537292	0.543272026525574	-0.133093883935852	0.423171011999207	0.424132987402039	-0.297582441919251	0.408392354772644	0.522972522436218	0.402631407812195	0.378228613866882	0.406474506933289	0.346471588903503	0.755670499242859	0.676050791357117	0.403081649816589	0.632517245885925	0.364368112646179	0.253823495458679	-0.0509582923831176	0.349753883764343	0.163273236303406	0.0102341396847535	0.372280287572937	-0.189134691308899	0.501144850866394	1.01925531760223	0.423582135412293	0.399090540136414	0.38363070462616	0.203154923742371	0.282888375341492	0.429801688818054	0.423065704504089	0.572365946752625	-0.146389397607727	0.504659149999695	0.502429335424499	0.407989194006042	0.402263310949402	1.12470119199188	0.677971990575867	0.302910431371765	0.562239029821472	0.39832227304657	0.428682637060242	0.439231379980164	0.426749137182312	-0.233531638208313	0.920076838964539	0.42167812851532	0.37933508164032	0.46402462851532	0.42167812851532	0.497396139175476	0.202117289648132	0.41685474876532	0.42608251301532
RASAL1-cg04227961-12-113541993	-0.360308358911438	0.390392145849304	0.86102098007782	0.482613321874695	0.3936425642453	0.642728729833679	0.4288019079953	0.167631843298035	0.208565677953796	0.467548931493835	0.388604778295593	0.528202203954773	0.382223226781921	0.467209471288757	0.33556884750946	0.437510942052917	0.519993471532898	-0.279634867029114	0.39228051712616	0.401015373083191	0.386760923315124	0.398184340429382	0.454656504369812	0.574753275549011	0.787306963537292	0.0859730530758666	0.400702949010925	0.543266924413757	0.145900495092468	0.985504291784363	0.410150459447937	0.407741344823913	0.419618550878601	0.531835443945007	0.429445525915222	0.499681436254578	0.619660728368835	0.432490586828308	0.588465182897644	0.500522049657898	0.455154432470398	0.369114644628601	0.375725820776062	0.687131173315124	0.828083076696472	0.368642224584656	-0.41582175429718	-0.257759212121887	0.885296254613953	0.426133072424011	0.385559477148132	0.393876641637878	0.383428860754089	0.60253431235321	0.405372625829773	0.429502641515808	0.455556883764343	0.175191539403992	0.402113087011413	-0.329126727563782	0.394859131017761	0.402924247961121	1.1006151290036	0.622642927587586	0.688907368383484	0.680961966833191	0.859039210058289	0.43230657407196	0.385623316991882	0.423098074194031	-0.177799701196594	0.261917775976257	0.42167812851532	0.52612408164032	0.31723562851532	0.42167812851532	0.210007478042664	0.44155162851532	0.404481087632507	0.451458304882507
RASAL1-cg23736843-12-113541915	-0.355955636011047	0.427278868749695	0.960295702978211	0.482644044775085	0.588900287145691	0.42132845273407	0.474858630895691	0.107006566198425	0.183988400854187	0.533023654394226	0.294622501195984	0.552500926855164	0.393697949682312	0.471188194189148	0.319124570409851	0.538804664953308	0.638226194433289	-0.192230144128723	0.39537924002655	0.406865095983582	0.527100646215515	0.414237063329773	0.486570227270203	0.565254998449402	0.617937686437683	-0.115080224023743	0.398399671911316	0.349455647314148	0.583228217992859	0.798299014684754	0.511697182348328	0.413800067724304	0.492795273778992	0.808781166845398	0.497846248815613	0.661302159154968	1.03366245126923	0.539742309728699	0.783209905798035	0.335738772558289	0.534267155370789	0.245941367528992	0.657278543676453	0.745379896215515	0.918368799596863	0.392946947485046	-0.30073303139679	-0.244842489221497	0.245214977514343	0.423502795324402	0.403446200048523	0.390496364538269	0.31732458365448	0.388474035253601	0.401828348730164	0.406468364416199	0.559300606664734	0.0844262623043822	0.510851809911804	-0.311499004663391	0.414965853918152	0.407663970861511	1.15121585190399	0.635206650487976	0.317361091283875	0.821402689733582	0.770804932958679	0.490025296972351	0.401342039892273	0.409261797094421	-0.0763389782962037	0.0574554988766479	0.42167812851532	0.55680208164032	0.28655762851532	0.42167812851532	0.274784978042664	0.48393312851532	0.362099587632507	0.632346496882507
RBM24-cg15753394-6-17282781	0.154868739843445	0.391449244604187	0.919818078832703	0.481786420629578	0.493779663000183	0.374976828588562	0.454316006750183	0.180214942052917	0.407403776708679	0.374270030248718	0.591729877050476	0.525803302709656	0.671122325536804	0.35367657004364	1.02319894626434	0.4384640408078	0.735901570287781	0.421905231725769	0.628683615881043	0.383750471838074	0.324297022070007	0.421621439184265	-0.336599396875305	0.578882374303894	0.404474062292175	0.47881115183075	1.21945104776581	0.54375102316864	0.514914593847351	0.885925390539246	0.46311755820282	0.399030443578796	0.413645649633484	0.38161654269989	0.422763624670105	0.35831753500946	1.24056482712372	0.236568685583191	-0.0343847183474731	0.600510148412781	0.436071531225281	0.546020743383484	0.507534919530945	-0.150454727929992	0.224032175451355	0.374074323339539	0.113222344457703	0.536403886632996	0.478522353368835	0.387398171178894	0.629993575903015	0.960285740392761	0.129612959508972	0.379431411108093	0.389727724584656	0.439642740270691	-0.329014017480774	0.265078638158875	0.382460185766296	-0.212921628808899	0.351826229772644	0.400948346716003	0.454207227758484	0.627971026342468	0.761229467138367	0.0483270655880738	0.495767308813171	0.388338672826843	0.446538415746765	1.20355717294891	0.327826397558289	0.0399608747311401	0.42167812851532	0.30935408164032	0.53400562851532	0.42167812851532	0.835432978042663	0.39135412851532	0.454678587632507	0.282720453882507
RFX8-cg02878891-2-102090444	-0.298544147119446	0.436534357641296	0.288119191869812	-0.336852466333313	0.538674776037293	0.435645941625671	0.204959119787293	0.404214055090027	0.252737889745789	0.575655143285828	0.295074990087585	0.547666415746765	0.789304438573914	0.52572168308075	0.312482059301453	0.55159215384491	0.62140468332489	-0.319823655237122	0.417169728918152	0.421683584875183	0.517068135107117	0.424706552221374	0.500382716161804	0.437946487341003	0.410977175329285	0.776526264867859	0.441976160802918	0.15192413620575	-0.26073129311554	0.581756503576355	0.531440671239929	0.414673556615906	0.434105762670593	0.420232655737	0.540857737707214	0.22715464804657	1.32001394016083	0.5129997986203	0.887055394689636	-0.22113073855011	0.23145564426239	0.807897856420593	0.341379032568054	-0.0988146148928831	0.134222288488464	0.422489436376648	0.526767457494812	0.267035999670105	0.132448466405945	0.433414284216003	0.410635688940124	0.402902853429871	0.230135072546082	0.326153524145203	0.472084837621765	0.4129208533078	-0.239730904443665	0.766324751195984	0.513938298803406	0.28669348422821	0.460081342809753	0.412567459753113	1.13152634079559	0.178131139379578	0.741932580175476	0.362733178625183	0.425929421850281	0.523574785863953	0.418164528783875	0.409303285986023	0.486403510595398	0.91261398776825	0.42167812851532	0.27658558164032	0.56677412851532	0.42167812851532	0.332362151995789	0.518407302468445	0.691819761585632	-0.148248969164368
RGL3-cg11393479-19-11529564	0.488178038427429	0.431364543188171	0.146389377416687	0.522057719213562	0.540864961584168	0.424573127172546	0.485069305334167	0.272453240636902	0.502411075292664	-0.150287671167297	0.30375017563446	0.31475560129364	0.402437624120789	0.513268868627625	1.06171624484833	0.00526033939178466	0.0639798688717652	0.435049530309753	0.397579914465027	0.416102770422058	0.500163320653992	0.41294473776825	0.518278901708679	0.479047672887878	1.05015436087616	-0.128996549585266	0.408555346349793	0.651167321752624	0.504206892431336	0.41389368912323	-0.0252651432131957	0.424293742162781	0.182297948217468	1.22740084128387	0.483696923254089	0.260430833593445	0.412828125707703	0.524841984167175	0.0145605802365112	-0.235417553003235	0.218887829809265	-0.0581829580325318	0.803931218114929	0.701564570653992	0.0280764740353394	0.380921621923523	0.462012643041687	-0.20651681478302	0.44426465195282	0.421719469762878	0.527731874487	0.912395038976746	0.166749258092957	0.721573709692078	0.41820002316864	0.412921038854675	0.167606281103211	-0.136640063257141	0.493445484350281	0.521464669775085	0.417484528356628	0.411708645299988	0.279128526342468	0.422026324926453	0.716835765722351	0.514995364172058	0.405486607397156	0.475972971410828	0.782516714330749	0.432640471532898	0.569323696142273	0.0526281733151245	0.42167812851532	0.63289358164032	0.21046612851532	0.42167812851532	0.549820303128601	0.767938453601257	0.123827912718445	0.297853696968445
RGL3-cg22470309-19-11529252	0.461785271093445	0.377463775854187	0.891058610082703	0.490989951879578	0.508856194250183	0.351897359838562	0.457096538000183	0.555068473302918	0.461777307958679	0.188907561498718	0.259975408300476	0.477335833959656	0.478179856786804	0.48524710129364	1.02722447751434	0.4222985720578	0.225181101537781	0.482835762975769	0.442313147131043	0.708318003088074	0.415570553320007	0.362897970434265	0.484603134374695	0.305834905553894	1.12904259354218	-0.21016831691925	0.403005579015808	0.74744155441864	0.517221125097351	0.448555921789246	0.14776908945282	0.934191974828796	0.326027180883484	1.19850807394989	0.449882155920105	0.95284406625946	0.360921358373718	0.426567216833191	-0.0610471870974731	-0.322567320337219	0.312804062475281	-0.152914725366516	0.661866450780945	0.701213803320007	-0.0480532932986451	0.291114854589539	0.410445875707703	0.148336417882996	0.248928884618835	0.333775702428894	0.926020107153015	1.07147527164276	0.116873490758972	0.694574942358093	0.372832255834656	0.356443271520691	0.325812513769226	-0.228139830591125	0.419188717016296	0.512756902441101	0.338042761022644	0.341762877966003	0.177522759008484	0.622029557592468	0.295189998388367	0.759056596838074	0.320299840063171	0.439180204076843	0.961382946996765	0.382505704198914	0.535788928808289	-0.04078459401886	0.42167812851532	0.64184658164032	0.20151312851532	0.42167812851532	0.413115078628601	0.516318229101257	-0.144290311781555	0.434558921468445
RGL3-cg25563233-19-11529396	0.556488147802429	0.436767652563171	0.998170486791687	0.582749828588562	0.629899070959167	0.428536236547546	0.545532414709167	0.251482350011902	0.539402184667664	-0.324254561792297	0.30866028500946	0.42167371066864	0.406970733495789	0.551900978002624	1.17083735422333	-0.137882551233215	0.0646619782467652	0.521189639684753	0.401624023840027	0.420458879797058	0.543953430028992	0.41815084714325	0.540012011083679	0.430231782262878	1.18056847025116	-0.123605440210266	0.417230455724793	0.816345431127625	0.599950001806335	0.41287879849823	-0.262413033838196	0.421838851537781	0.558220057592468	1.26959495065887	0.551926032629089	0.235992942968445	0.414127235082703	0.554819093542175	0.0158936896115112	-0.231424443628235	0.290614939184265	-0.0581508486575317	0.763806327489929	0.651652680028992	0.0255595834103394	0.383389731298523	0.542754752416687	-0.14453070540802	0.20907376132782	0.422951579137878	0.437987983861999	1.03648314835175	0.170046367467957	0.849833819067078	0.41434513254364	0.415177148229675	-0.34486360952179	-0.131322953882141	0.544065593725281	0.651948779150085	0.419272637731628	0.414180754674988	0.277394635717468	0.727814434301453	0.377891875097351	0.627354473547058	0.404761716772156	0.546455080785828	0.94693482370575	0.413006580907898	0.621974805517273	0.0547232826901244	0.42167812851532	0.65736758164032	0.18599212851532	0.42167812851532	0.404316463128601	0.609955613601257	-0.0192759272815552	0.443357536968445
RGL3;CCDC151-cg09263118-19-11531294	0.482938638036804	0.424476142797546	0.070111977026062	0.244154318822937	-0.0302164388064576	0.417493726781921	0.469520904943542	0.115916840246277	0.485426674902039	0.475573928442078	0.300828775243835	0.581977200903015	0.561451223730164	-0.111517531763	0.281692844457703	0.47200693900116	0.88912346848114	0.477238129919128	0.481399514074402	0.408673370031433	-0.277495079736633	0.399751337377625	0.474063501318054	0.427242272497253	0.383105960485535	-0.156699949975891	0.880612945959167	0.204417921362	0.52267749204071	1.1482122887326	-0.0468795436038207	0.410334341772156	0.0988255478268432	0.36310044089325	0.220876522863464	0.82093143320282	1.05128272531708	-0.0988184162234499	0.312783179845886	0.60703304660614	-0.45299357058136	-0.0681373584231568	0.347000817724304	0.157400170263367	0.0325900736447143	0.340085221532898	0.427241242651062	0.558680784826355	0.364243251562195	0.393319069372253	0.979152474096374	0.483727638586121	1.00528185770233	0.811304309301453	0.419440622778015	0.44560763846405	0.413819880712585	-0.0988144636477662	0.442102083959656	-0.32754973061554	0.386880127966003	0.475670244909363	0.502912125951843	0.657213924535828	0.325302365331726	0.818933963781433	0.411748207006531	0.450359571020203	0.441937313940125	0.442553071142273	0.442027295751648	0.844679772924499	0.42167812851532	0.18962508164032	0.65373462851532	0.42167812851532	1.01876497804266	0.31822112851532	0.527811587632507	-0.300862412117492
RGS12-cg18352616-4-3374830	-0.443378369775696	0.342878134985046	0.00935396921356213	-0.434149688989563	-0.242856446618957	0.345658718969421	0.406669897131042	0.676866832433777	0.431615667089539	0.305093920629578	0.767767767431335	0.465283193090515	0.992835215917664	-0.422339539575501	0.183495836645203	0.36566793118866	0.66264146066864	-0.430260877893371	0.971390506261902	0.756961362218933	-0.513535087549133	1.01150432956512	-0.424307506494446	0.544760264684753	1.14779995267303	0.646414042211609	1.02556293814667	0.4364849135495	0.44482948422821	1.18078528092011	0.328037448583679	1.19724933395966	-0.509663459985657	1.08790543308075	0.327130515050964	0.91801042539032	1.22918871750458	-0.49142542403595	0.718429172033386	0.26399703879364	-0.48548457839386	0.514604633764343	0.252103809911804	0.650477162450867	-0.0730619341677858	0.718473213720398	0.320924234838562	0.361915777013855	0.100338243749695	0.568434061559753	0.362900466283874	0.335337630773621	0.887831849889832	1.06523730148895	0.550990614965515	0.31545463065155	0.408869872900085	0.628383528539734	-0.489950923852844	-0.39597673842804	0.330791120153503	0.789417237096863	0.999881118139343	0.387908916723328	0.684578357519226	0.740479955968933	1.03764119919403	0.395837563207703	0.331432306127624	1.08657506332977	0.364746287939148	0.639642765112	0.42167812851532	0.32501958164032	0.51834012851532	0.42167812851532	0.366457605034851	0.933765755507507	0.481245214624695	0.307544902874695
RGS20-cg12070159-8-54789325	0.539835217992859	0.428756722753601	0.0979095569821168	-0.184496101221008	0.425604141149597	0.522103306737976	0.479540484899597	0.135525420202332	0.509450254858093	0.507450508398132	0.54034035519989	0.54074378085907	0.433539803686218	0.414354048193054	0.295325424413757	0.504456518957214	0.679210048437195	-0.082053290124817	0.521190094030457	0.424297949987488	0.506547500219421	0.441326917333679	0.493644081274109	0.380683852453308	0.400664540441589	0.737034629980164	0.411084525915222	0.220517501318054	-0.134316928003235	0.40440286868866	0.520681036352234	0.41009392172821	0.418580127782898	0.407360020849304	0.518064102819519	0.297613013158874	0.874807305273132	0.519051163732605	0.0791397598019409	-0.0679823734378053	0.340204009374695	0.051674221532898	0.337836397680359	0.454311750219421	0.022112653600769	0.386813801488953	0.428092822607117	0.45908036478241	0.0833798315182496	0.413322649328308	0.525491054052429	0.469007218542175	0.922835437658386	0.263288889257507	0.58251020273407	0.410138218420105	0.40683746066864	0.572307116308289	0.14209566391571	-0.219458150659485	0.423791707922058	0.482819824865417	0.273005705907898	0.381242504491882	0.420883945287781	0.505770543737488	0.400300786962585	0.496636150976257	0.434823893896179	0.413879651098328	0.460461875707703	0.0832963528805541	0.42167812851532	0.27754108164032	0.56581862851532	0.42167812851532	0.240872424136414	0.45281657460907	0.628397033726257	0.393187321976257
RHBDF2-cg25826360-17-74496953	0.151720183691101	0.384500688451843	0.808274522680359	0.486322864477234	0.481618106847839	0.381521272436218	0.337020450597839	0.453315385900574	0.449392220556335	0.509145474096375	0.238707320898132	0.451267746557312	0.69297376938446	0.422073013891296	0.217664390112	0.460322484655457	0.763231014135437	0.412700675573425	0.414382059728699	0.42140491568573	0.159757465917664	0.423587883031921	-0.185061953027649	0.69163281815155	0.414741506139832	-0.174493404321594	0.378342491613464	0.334828467016296	0.484694037695007	0.949115834386902	-0.415354997949524	0.361594887426453	0.40500909348114	0.381186986547546	0.275072068517761	0.281688978857117	1.20655327097137	-0.387667870569153	0.737177725500183	0.613616592260437	0.279520975072937	0.74966118723114	0.851115363378601	0.688514715917664	0.178153619299011	1.19024376718719	0.309904788305359	0.263257330480652	0.0405567972164918	0.37907061502655	0.368130019750671	0.630087184240418	0.606448403356628	0.55833885495575	0.585819168432312	0.404772184118347	0.426116426366882	-0.193057917993469	0.449021629613953	0.428753815038757	0.3712836736203	0.41823179056366	0.23500167160614	0.434145470190125	0.683253910986023	0.52586950943573	0.351235752660828	0.4479751166745	0.426871859594421	0.45197061679657	0.382838841405945	0.538165318578796	0.42167812851532	0.39541108164032	0.44794862851532	0.42167812851532	0.317933978042664	0.35776712851532	0.488265587632507	0.508359068882507
RHCG-cg06100807-15-90030016	0.499499098486023	0.416003603246765	0.0774814374752808	0.488319779272156	0.580664021642761	0.40584318723114	0.385565365392761	0.0973013006954957	0.448164135351257	0.495750388891296	0.879649235693054	0.514625661352234	0.389177684179382	0.426047928686218	0.966846304906921	0.486024399450378	0.628769928930359	0.465050590368347	0.706342974523621	1.11812583048065	0.131037380712585	0.401257797826843	0.442804961767273	0.349532732946472	0.390265420934753	0.667471510473328	0.389289406408386	0.144937381811218	0.508550952489929	1.27928174918182	0.496682916845398	0.403635802221375	0.518203008276062	0.389291901342468	0.450167983312683	0.924848893652039	0.391920185766296	0.212717044225769	0.593629640295105	0.587724507055359	0.0594048898678589	0.815737102026062	0.755345278173523	0.701093630712585	-0.000239465906066882	0.858170681982117	0.463224703100281	0.394283245275574	0.790143712011414	0.412886529821472	0.405761934545593	0.370546099035339	0.41380131815155	1.15121876975067	0.394043083227234	0.391960098913269	0.495791341161804	0.242922996801453	0.392942544408874	-0.326704270166321	0.403040588415222	1.05967370535858	1.07998858640106	0.399529384985046	0.412808825780945	0.781222424230652	0.38717666745575	0.406015031469421	0.393467774389343	0.387301531591492	-0.301028243799133	0.865500233373718	0.42167812851532	0.55384058164032	0.28951912851532	0.42167812851532	0.459865310628601	0.636313461101257	0.0115109202184449	0.387808689468445
RIMBP2-cg26491818-12-130961949	-0.355680388818665	0.426382115942078	0.419083950170593	-0.243454708032532	0.445036534338074	0.811165699926453	0.364676878088074	0.207324813390808	0.39517964804657	0.241573901586609	0.653415748388367	0.508125174047547	1.15261719687469	-0.303728558618469	0.919648817602234	0.387606912145691	0.808102441625671	0.42381310306366	0.478721487218933	0.330314343175964	-0.447981106592102	1.06467831052216	0.370653474462586	0.869950245641785	0.542596933630066	0.21197802316864	0.426734919103699	0.407461894506531	0.421637465185242	1.16640526187714	-0.52144057045929	0.457071314916687	-0.510846479028626	0.295609414037781	-0.343533503992004	0.114479406347351	0.231505698461609	-0.398777443078919	0.687586152990417	0.532308019750671	-0.567352597436829	0.693213614721375	0.538812790868835	0.663769143407898	0.774398046789246	0.328779194677429	-0.562784784204407	0.493868757970886	-0.0156077752932738	0.374454042516785	0.423472447240906	0.890682611730652	0.0257528308468628	1.03338328244598	0.388980595922546	1.04795261160858	0.398022853857117	0.169167509496765	-0.019828942895813	-0.473279757471008	0.306382101110535	1.03179221805389	1.02031009909637	0.693944897680359	0.793650338476257	0.363700936925964	0.786171180151062	0.365119544164734	0.890232287084656	0.579755044286804	0.475376268896179	-0.101166253930969	0.42167812851532	0.18886558164032	0.65449412851532	0.42167812851532	0.392074605034851	0.645561755507507	0.455628214624695	0.375010207874695
RIMKLA-cg14899716-1-42846987	0.358454618993835	0.437226123754578	0.0717729579830934	0.479377299779968	-0.351494457849426	0.858491707738953	0.481401885900574	0.277483821203308	0.46363765585907	0.383682909399109	0.822606756200867	0.533192181860046	1.15328520468719	0.197233449194031	1.08002782541473	0.457798919958191	0.451479449438171	0.11652811087616	0.375056495031433	0.396387350988464	0.130998901220398	0.640301318334656	-0.0703815177249144	0.405328253454285	0.374205941442566	0.49734303098114	1.2386479269162	0.471551902319031	-0.302698527002258	0.396692269689636	-0.375157562646789	0.406248322729187	0.425223528783875	0.380370421850281	0.408916503820496	0.176152414159851	0.365923706274109	0.372218564733582	0.599993160802918	-0.0199019724368287	-0.214054589624329	0.783432622533875	0.299257798681336	0.690539151220398	0.316721054601746	1.19536220248993	0.446256223608093	0.462679765783386	0.685695232519226	0.411884050329285	0.381365455053406	0.420568619543152	0.431810838659363	0.298093290258484	1.16397860373505	0.369143619421082	0.425718861669617	0.397778517309265	0.446529064916687	-0.130271749658508	1.21638210892303	0.379992225866394	0.247366106908875	0.460802905492859	0.603881346288757	0.784733944738464	0.453083187963562	0.421265551977234	0.441731294897156	0.438221052099304	0.502190276708679	0.302766753881531	0.42167812851532	0.55491958164032	0.28844012851532	0.42167812851532	0.196345478042664	0.34579362851532	0.500239087632507	0.553178026882507
RIPK4-cg03079733-21-43183466	0.476045958593445	0.416787463354187	0.830735297582702	0.421992639379578	0.526897881750183	0.384999047338562	0.359781225500183	0.215361160802917	0.477225995458679	0.458365248998718	0.994883095800476	0.417671521459656	0.407192544286804	0.47683978879364	0.714800165014343	0.4126792595578	0.0749627890377808	0.461362450475769	0.390926834631042	0.432325690588074	0.409642240820007	0.511201657934265	0.474053821874695	0.350800593053894	0.363363281042175	0.65994137058075	0.362316266515808	0.13609224191864	0.509585812597351	1.26440760928925	0.46962177695282	0.420636662328796	0.439426868383484	0.48817676144989	0.448563843420105	0.18571275375946	0.356774045873718	0.412120904333191	0.154894500402527	0.152268367162781	-0.129175250024719	0.457768962133484	0.515675138280945	0.196133490820007	0.846718394201355	0.815814542089538	0.446327563207703	0.557116105382996	0.0724735721188355	0.445351389928894	0.390622794653015	0.385467959142761	0.145860178258972	0.264072629858093	0.371182943334656	0.565332959020691	-0.355787798730774	0.104340856908874	0.436923404516296	-0.278958410058899	1.03251744852264	0.382613565466003	0.391512446508484	0.447967245092468	0.947241685888367	-0.0384787156619262	0.501387527563171	0.462123891576843	1.05077563449677	0.404730391698914	0.535482616308289	0.05606309348114	0.42167812851532	0.52670858164032	0.31665112851532	0.42167812851532	0.542326423175476	0.295350573648132	0.43529703276532	0.40764022901532
RIPK4-cg17879722-21-43181729	0.468660805395203	0.518787310155945	0.963288144384461	0.421778486181335	0.313646728551941	0.43151089414032	0.454613072301941	0.338707007604675	0.451196842260437	0.419933095800476	0.299579942602234	0.453169368261414	1.10727239108856	0.433331635595398	0.922525011816101	0.526187106359558	0.264374635839539	0.338178297277527	0.4217456814328	0.421487537389832	0.419605087621765	0.409936504736023	0.418840668676453	0.385254439855652	0.418875127843933	0.719211217382507	0.407977113317566	0.145706088720398	0.303855659399109	0.452191456091003	0.358606623754578	0.424283509130554	0.398699715185242	0.670035608251648	0.470918690221863	0.217080600561218	0.406672892675476	0.421043751134949	0.186168347204285	0.617992213964539	0.245352596777039	0.205310808935242	0.718341985082703	-0.0226566623782349	0.860189241003113	0.542624388891296	0.49262341000946	0.482733952184753	0.273324418920593	0.429082236730652	1.12939464145477	0.399410805944519	0.22098602506073	0.781176476659851	0.411648790136414	0.874742805822449	-0.298318951929016	0.0342857037106323	0.457585251318054	-0.292716563257141	0.537601295324402	1.09716441226776	0.449300293310242	0.293743091894226	0.351476532690124	0.0120551311398316	0.414359374364929	0.471387738378601	0.445524481298523	1.10752223850067	0.540052463110046	0.0894729402828979	0.42167812851532	0.54695108164032	0.29640862851532	0.42167812851532	0.330295711675476	0.526285862148132	0.48285632126532	0.36008094051532
RNF135-cg01347228-17-29297391	0.35394706625946	0.376470571020203	0.867723405248718	-0.442563252954407	0.459513989416199	0.356897155004578	-0.428877666833801	0.198348268468933	-0.465403896875305	-0.402337643335266	0.300169203466492	0.472550629125671	1.16122365195282	-0.410367103540344	0.997623272680359	-0.278313632776184	0.157523896703796	0.429822558141785	0.396060942297058	1.11560179825409	-0.502960651513977	0.429975765600281	-0.37428807045929	1.09096570071991	1.15754738870819	0.633261478246765	1.18851137418182	0.718725349584656	0.460950920263367	0.784921716955261	0.266391884618835	1.20133276999481	0.374986976049499	1.14350786911591	-0.360961048913879	0.117233861425476	0.309017153539734	-0.489074988000793	0.657122608068542	0.557492474828796	0.382728857641296	-0.1594529302005	0.71355724594696	0.653116598486023	0.77935650186737	1.14432864975555	0.376515670873718	-0.320535786950989	0.0171396797848511	0.40575549759491	1.17880090231903	0.422444066808777	0.119251285924988	0.850236737524109	1.09514905100067	0.398006066686706	0.419143308935242	0.50287396457489	-0.171749487817688	-0.338929302392883	0.91649055618866	1.14319467313202	1.0516255541745	0.538983352758484	0.968519793554382	-0.0841316079959106	1.12033763522919	0.0532199992428589	0.352417742162781	1.16513149936493	-0.349690276025696	0.706407201147156	0.42167812851532	0.30158558164032	0.54177412851532	0.42167812851532	0.416183194675476	0.437240345148132	0.41681880426532	0.42611845751532
RNF144A-cg08182975-2-7164527	-0.232067013574524	0.339177491186218	-0.039379674585266	-0.341418332788391	-0.416778090417786	1.20105507517059	-0.437967746667786	0.884853188634949	0.40249102329071	-0.276728723169251	1.06982012363251	0.543287549291687	1.15963157211884	-0.438830183374329	1.04760219284637	0.398100287389832	0.798703816869812	0.4355964783078	0.393622862463074	0.359678718420105	-0.201529731347962	0.396843685766296	-0.179375150293274	1.10796562088593	1.17702430887421	0.641943398412781	1.18600329434784	0.913023269750671	0.462650840429382	1.14345963712128	-0.437296195215149	0.400170690160828	-0.593163103784485	1.18245578928192	-0.408956128747864	0.988740781591492	1.17700907370575	0.375243932165222	0.158117528234558	-0.383707605005188	0.381914777807312	-0.228168010034485	0.613006166112976	0.671590518652039	0.739918422033386	0.23115656992157	-0.473462408960266	0.515203133215027	-0.0534294000491333	1.00220041776093	1.18122982248505	1.04538598697479	0.941429206091003	1.04301765769012	1.10816197116669	0.991370986852722	0.405368229101257	0.229670884740906	-0.233197567651672	-0.481043382226868	1.18776147635468	1.18631659329803	0.155723474340515	0.703986272924499	0.216425713720398	0.776060312170105	1.1826935553952	0.275674919408875	1.1685786623288	0.287139419530945	-0.37630935585968	0.823891121313171	0.42167812851532	0.19306958164032	0.65029012851532	0.42167812851532	0.869097434675476	0.390326585148132	0.42926604426532	0.41367121751532
RNF207-cg03716999-1-6265802	0.379252040136414	0.440370544897156	0.449168379125671	0.444463720922546	0.461678963293152	0.430397128881531	0.381659307043152	0.137574242345886	0.306473077001648	0.225850330541687	0.303486177343445	0.399318603002625	0.440440625829773	0.352961870336609	0.298012246557312	-0.190465658899231	0.527725870580749	0.351256532018738	0.447250916174011	0.426801772131043	0.505164322362976	0.436596739477234	0.372388903417664	0.442287674596863	0.417088362585144	-0.117086547876282	0.417001348058777	0.203081323461609	0.38738089414032	0.422687690832214	0.385145858495789	0.424341743871765	0.499960949926453	0.419749842992859	0.386288924963074	0.766313835302429	0.417629127416687	0.38574298587616	0.751058581945496	0.0910264487057494	0.482495831518249	0.706770043676453	0.420110219823914	-0.0867874276370239	0.811055475744324	0.919179623632507	0.449038644750671	0.392034186925964	0.964357653661804	0.430518471471863	0.417829876195984	0.50456604068573	0.230444259801941	1.11873471140106	0.461416024877625	0.44147704056366	0.460115282812195	0.575161938451843	0.422101486059265	0.57936967148407	0.428470530065613	0.422244647008972	0.287992528051453	0.351698326635437	0.326176767431336	0.337781365881043	0.69773260910614	0.424088973119812	0.428103716039734	0.422503473241882	-0.108920302148743	0.0761761750241088	0.42167812851532	0.46602558164032	0.37733412851532	0.42167812851532	0.332099978042664	0.44734112851532	0.398691587632507	0.556000132882507
RNF207-cg12911256-1-6265879	0.506263183691101	0.439949688451843	0.102915522680359	0.563763864477234	-0.252381893152161	0.436750272436218	0.474842450597839	0.131273385900574	0.435404220556335	0.275034474096375	0.295981320898132	0.418238746557312	0.41924076938446	0.508372013891296	0.291350390111999	-0.158597515344543	0.454625014135437	0.266301675573425	0.417515059728699	0.42209891568573	0.514426465917664	0.422893883031921	0.488654046972351	0.38797781815155	0.417503506139832	-0.124550404321594	0.429448491613464	0.171521467016296	0.488099037695007	0.413381834386902	0.491552002050476	0.424526887426453	0.53720309348114	0.418377986547546	0.465169068517761	0.238926978857117	0.421150270971375	0.502771129430847	0.863806725500183	0.621957592260437	0.529207975072937	0.0214171872311402	0.339769363378601	0.196868715917664	0.860137619299011	0.463858767187195	0.519474788305359	0.530084330480652	1.02982479721649	0.43154661502655	0.413637019750671	0.400762184240417	0.180744403356628	0.735604854955749	0.419800168432312	0.430320184118347	0.535983426366883	0.256949082006531	0.518917629613953	0.633642815038757	0.4307646736203	0.41203379056366	0.28865767160614	0.0664574701901245	0.371255910986023	0.0114245094357301	0.424590752660828	0.491404116674499	0.423391859594421	0.41050061679657	0.253316841405945	0.0657883185787964	0.42167812851532	0.61239258164032	0.23096712851532	0.42167812851532	0.390930971175476	0.563744121648132	0.42232958076532	0.42060768101532
RNF207-cg16094412-1-6266029	0.475044030737	0.442578535497742	0.926930369726257	0.489614711523132	0.577281953893738	0.433729119482117	0.416657297643738	0.116232232946472	0.380701067602234	0.393296321142273	0.300417167944031	0.464689593603211	0.412725616430359	0.399580860937195	0.280010237157898	-0.279484668298645	0.475071861181335	0.134590522619324	0.406154906774597	0.450005762731628	0.528062312963562	0.42146073007782	0.42280389401825	0.424032665197449	0.41741835318573	-0.115707557275696	0.415306338659363	0.148404314062195	0.488045884740906	0.4214346814328	0.456149849096375	0.428084734472351	0.544754940527039	0.419280833593445	0.46569191556366	0.548332825903015	0.418370118017273	0.467276976476746	0.827533572546082	-0.142542560693665	0.538538822118835	0.443530034277039	0.348329210424499	-0.083322437036438	0.86466046634491	0.393369614233093	0.484154635351257	0.46840117752655	1.00257464426239	0.428791462072449	0.41592086679657	0.450390031286316	0.197537250402527	1.09906270200165	0.42041401547821	0.421936031164246	0.508274273412781	0.640234929052429	0.459932476659851	0.599454662084656	0.427857520666199	0.419095637609558	0.287792518652039	0.243127317236023	0.324081758031921	0.0135573564816284	0.414695599706726	0.427938963720398	0.42110670664032	0.415305463842468	0.421305688451843	0.0671111656246947	0.42167812851532	0.59741358164032	0.24594612851532	0.42167812851532	0.173781978042664	0.37583112851532	0.470201587632507	0.506529398882507
RNF207-cg24870568-1-6265806	0.434158291112976	0.434692795873718	0.133045630102234	0.537068971899109	0.308624214269714	0.430388379858093	0.449669558019714	0.130026493322449	0.41476032797821	0.11118158151825	0.301407428320007	0.295668853979187	0.414596876806336	0.499325121313171	0.286409497533875	0.203686592077332	0.220391121557312	0.3992187829953	0.429856167150574	0.422659023107605	0.520602573339539	0.440036990453796	0.443091154394226	0.409494925573425	0.415442613561707	-0.122693296899719	0.421847599035339	0.200099574438171	0.428192145116882	0.414572941808777	0.531723109472351	0.417705994848328	0.535473200903015	0.413472093969421	0.491699175939636	0.276618086278992	0.40414337839325	0.472886236852722	0.772722832922058	0.522450699682312	0.535950082494812	0.762865294653015	0.337972470800476	-0.0790461766604614	0.855567726720886	0.76844387460907	0.520616895727234	0.427033437902527	1.00049390463837	0.430455722448425	0.420667127172546	0.664185291662293	0.219217510778503	1.07316896237763	0.417093275854187	0.491822291540222	0.533345533788757	0.577082189428406	0.497980737035828	0.619699922460632	0.425083781042175	0.417598897985535	0.282969779028015	0.0905285776119995	0.330336018407898	0.369593616857605	0.599140860082703	0.468798224096375	0.410475967016296	0.415010724218445	-0.0961450511721801	0.0827284260006714	0.42167812851532	0.47577758164032	0.36758212851532	0.42167812851532	0.336875478042664	0.40090262851532	0.445130087632507	0.590669714882507
RNF208-cg13825574-9-140117257	0.487888220556335	0.416358725317078	0.482785559545593	0.535886901342468	-0.186225856286926	0.410846309301453	0.455282487463074	0.592562422765808	0.43801825742157	0.430423510961609	0.282705357763367	0.511089783422546	0.391728806249695	0.470410050756531	0.921940426977234	0.469365521520691	0.589171051000671	0.52670371243866	0.398696096593933	0.635354952550964	0.504439502782898	0.402037919897156	0.386450083837585	0.386680855016785	0.443431543005066	-0.14638236745636	0.395640528478699	0.461060503881531	-0.0193109254397583	0.910630871252136	0.466992038915711	0.399293924291687	0.464928130346374	0.396787023412781	0.459052105382996	0.207480015722351	0.392022307836609	0.427574166296082	-0.00563923763458252	0.628938629125671	0.342225011938171	0.831245224096374	0.311587400243835	0.597474752782898	0.00562365616424559	0.371930804052429	0.508872825170593	0.522115367345886	0.966963834081726	0.398482651891785	0.391807056615906	0.367754221105652	0.435919440221863	0.253496891820984	0.426865205297546	0.405853220983582	0.514571463232117	-0.137537881128235	0.480742666479187	0.607018851903992	0.395887710485535	0.400223827428894	0.270779708471375	-0.0489374929446411	0.465121947851257	0.725780546300964	0.392226789526062	0.432339153539734	0.417966896459656	0.390629653661804	0.241786878271179	0.296914355444031	0.42167812851532	0.61001558164032	0.23334412851532	0.42167812851532	0.466522651995789	0.384246802468445	0.288256261585632	0.552685078835632
RNF213-cg12221087-17-78237432	-0.314234304346008	0.395977200414734	0.0912650346432496	-0.241610623559876	-0.32403938118927	1.03009778439911	0.17308296256073	0.0993378978634645	0.214007732519226	0.428553986059265	0.287369832861023	0.513858258520203	1.16796528134735	-0.187302474145813	0.26935390207489	0.457127996618347	0.527768526098328	0.458170187536316	1.02548157169159	1.08676342764862	-0.0553660221194457	0.391356394994812	0.361454558935242	1.08670533011444	0.393355018102722	-0.138483892358704	1.22450800357635	0.746929978979187	-0.310814450342102	1.06699334634979	0.415285514013367	0.404934399389343	-0.426378394555969	1.19829249851044	0.203032580480652	1.00809149082001	0.394471782934265	-0.336611358606262	0.211417237463074	0.596760104223328	0.225766487035828	-0.0181453008059692	0.323330875341492	0.629328227880554	0.781561131261902	1.15425827915009	-0.343571699731751	0.467549842443543	0.492119309179382	1.13748012698944	1.17916353171356	0.996954696203308	0.148912915319519	0.83647136691864	1.1405686803952	0.427848696081238	-0.368352061670227	-0.156851406030579	-0.0210248584231567	0.523094327001648	0.415513185583191	1.15189730252655	0.263867183569031	0.587637982153015	0.375315422948914	0.779908021398621	0.966727264623718	0.41068662863739	1.07477337155731	1.16584612875946	0.520483353368835	0.688029830541687	0.42167812851532	0.60464808164032	0.23871162851532	0.42167812851532	0.259640978042664	0.38469712851532	0.461335587632507	0.502134355882507
RNF220-cg05597624-1-44874524	0.0791111067868042	0.423943611547546	0.0849554457760621	0.308701787572937	-0.315513970056457	0.450308195531921	0.457972373693542	0.151234308996277	0.130978143652039	0.296057397192078	0.593956243993836	-0.0667273303469849	0.560662692480164	0.172774936987	0.969333313207703	0.48915340775116	0.10321193723114	-0.323853401330871	1.0116869828244	0.421650838781433	0.343327389013367	0.452685806127625	0.453049970068054	0.427001741247253	0.413550429235535	0.704981518774109	0.396828414709168	0.237783390112	0.512586960790711	0.428535757482605	0.346945925146179	1.24075081052216	0.451632016576843	0.40783090964325	0.429194991613464	0.23109590195282	1.24521619406708	0.42114305252655	0.0666546485958863	0.59831651535614	0.26763989816864	0.0690891103268433	0.942738286474304	-0.0901373609866332	0.0220665423947143	0.830195690282898	0.461688711401062	0.461707253576355	0.0912387203121948	0.484432538122254	1.20462194284637	0.409572107336121	0.414375326452332	0.311247778051453	0.456693091528015	0.43841710721405	-0.342686650537415	0.620508005102234	0.409084552709656	0.214036738134461	0.436320596716003	0.409028713659363	1.12864859470184	0.331016393285828	1.09492083408173	-0.00219856746856684	0.437212675756531	0.460516039770203	0.425150782690125	0.431801539892273	-0.261512235498352	0.0725812416744995	0.42167812851532	0.10915358164032	0.73420612851532	0.42167812851532	0.280564978042664	0.52502912851532	0.321003587632507	0.648360189882507
RNF39-cg08497487-6-30042188	-0.317339932031555	0.310932572729187	0.839134406957703	0.412145748754578	0.462546991125183	0.333890156713562	0.398533334875183	0.749338270177917	0.393373104833679	0.427695358373718	0.366351205175476	0.521342630834656	0.643637653661804	0.43533989816864	0.866797274389343	0.4032553689328	0.750237898412781	0.379389559850769	1.07013994400604	0.482738799963074	0.370632350195007	0.421774767309265	0.423849931249695	0.623918702428894	0.379950390417175	0.64511447995575	0.293845375890808	0.22787035129364	0.443545921972351	0.313124718664246	0.37361488632782	0.338781771703796	0.373724977758484	0.33916387082489	0.385607952795105	0.50893086313446	0.285426155248718	0.378545013708191	0.803572609777527	0.544056476537781	0.393538859350281	0.737257071508484	0.427475247655945	0.637523600195007	0.339672503576355	1.11824365146454	0.374778672582703	0.473638214757996	0.0770476814938354	0.426756499303894	0.312348904028015	0.618272068517761	0.0630732876339721	0.446326739233093	0.329140052709656	0.423534068395691	0.423220310644226	0.632982966283875	0.372826513891296	-0.316612300683899	0.338074557897644	0.827101674841003	1.02720755588348	-0.0364066455325318	0.667217795263367	0.775972393713074	0.521502636938171	0.373248000951843	0.369039743871765	0.310769501073914	0.443100725683289	0.75761720285614	0.42167812851532	0.41637858164032	0.42698112851532	0.42167812851532	0.0965039886364136	0.33794213910907	0.551396598226257	0.508061757476257
RNF39-cg11562284-6-30042960	-0.353064820825501	0.434120683935242	0.329314518163757	0.426793859960632	0.550791102331238	0.422757267919617	0.490886446081238	0.154222381383972	0.425477216039734	0.522369469579773	0.307148316381531	0.60484174204071	0.656485764867859	0.473282009374695	0.307500385595398	0.119658480138855	0.668870009618835	0.461874671056824	0.939476055212097	0.404388911169128	0.501380461401062	0.41511987851532	0.50187304245575	0.379346813634949	0.42107750162323	0.695911591161804	0.407744487096863	0.140202462499695	0.514824033178406	0.4127198298703	0.257390997533875	0.424070882909851	0.499878088964539	0.409844982030945	0.43957206400116	0.231327974340515	0.415452266454773	0.446743124914246	0.787571720983582	0.573160587743835	0.508906970556335	0.822769182714538	0.368733358862	0.677040711401062	0.0188866147824096	0.494699762670593	0.492623783788757	-0.17936867403595	0.64281579269989	0.417288610509949	0.42233201523407	0.406381179723816	0.157379398840027	0.285024850439148	0.41730716391571	0.409367179601746	0.486716421850281	0.716458077489929	0.462654625097351	-0.278362189477844	0.407729669103699	0.415727786047058	0.286376667089539	-0.0668995343264771	0.494323906469421	0.844107504919128	0.413740748144226	0.457610112157898	0.41452885507782	0.408264612279968	0.370748836889343	0.954228314062195	0.42167812851532	0.62434358164032	0.21901612851532	0.42167812851532	0.158840978042664	0.36352612851532	0.482506587632507	0.553425589882507
RNF39-cg12704854-6-30042919	-0.35331544545929	0.468048059301453	0.126849893529968	0.423210235326843	0.525960477697449	0.402341643285828	0.408995821447449	0.153118756750183	0.411053591405945	0.430708844945984	0.279614691747742	0.507913117406921	0.46630314023407	0.433719384740906	0.279606760961609	-0.260039144494934	0.648594384985046	0.370170046423035	0.942376430578308	0.445395286535339	0.440620836767273	0.437538253881531	0.44439141782196	0.40350718900116	0.453317876989441	0.0778289665280151	0.388998862463074	0.150443837865906	0.461510408544617	0.429637205236511	-0.00567662709991451	0.451393258276062	0.44287946433075	0.399553357397156	0.424028439367371	0.276508349706726	0.402927641820984	0.405879500280456	0.639576096349793	0.00452096311004624	0.373435345922546	0.49492455808075	0.36298373422821	0.643907086767273	0.0368669901486205	0.406450138036804	0.437144159154968	-0.272830298669739	0.653699168066101	0.46845798587616	0.465871390600281	0.426873555090027	0.192843774206238	0.281816225805359	0.437199539281921	0.420485554967957	0.457318797216492	0.60112745285614	0.424378000463562	-0.261197814111633	0.45861104446991	0.408107161413269	0.292821042455749	-0.0869381589602661	0.323850281835632	0.772086880285339	0.408262123510437	0.387466487524109	0.430490230444031	0.424507987646179	0.358432212255554	0.914385689428406	0.42167812851532	0.56748108164032	0.27587862851532	0.42167812851532	0.195268978042664	0.39399912851532	0.452033587632507	0.467640033882507
RNF39-cg12967914-6-30043106	-0.344040174341126	0.444446330419617	0.118656164648132	0.565098506445007	0.478889748815613	0.430946914403992	0.514639092565613	0.406335027868347	0.499375862524109	0.457464116064148	0.299941962865906	0.631932388525086	0.444713411352234	0.50399365585907	0.304336032079773	0.52143112662323	0.780632656103211	0.524351317541199	1.01318670169647	0.414352557653503	0.536279107885437	0.421233524999695	0.552560688940125	0.378990460119324	0.416110148107605	0.685359237646179	0.415865133581238	0.14371610898407	0.599231679662781	0.418816476354675	-0.347409355981751	0.425431529394226	0.547951735448914	0.42285562851532	0.521031710485535	0.22521962082489	0.415169912939148	0.523676771398621	0.878860367467957	0.29074223422821	0.545384617040711	0.542005829198914	0.340500005346375	0.739350357885437	0.0371402612667847	0.400997409154968	0.539420430273132	-0.210143027551575	0.828743439184265	0.421980256994324	0.409713661718445	0.414551826208191	0.172980045324402	0.283994496923523	0.414600810400085	0.420987826086121	0.467634068334656	0.781825723974304	0.522534271581726	-0.292169542993469	0.421533315588074	0.416161432531433	0.289714313573914	-0.051574887842102	0.396488552953796	0.850724151403504	0.414489394628601	0.496128758642273	0.424137501562195	0.413993258764343	0.0905644833737182	0.98094596054657	0.42167812851532	0.62700858164032	0.21635112851532	0.42167812851532	0.123075478042664	0.32501262851532	0.521020087632507	0.555913558882507
RNF39-cg16370556-6-30042636	-0.335823460351868	0.407777044408875	0.23608587863739	0.475492220434265	0.443873462804871	0.42077062839325	0.452489806554871	0.483341741857605	0.432806576513367	0.496264830053406	0.292362676855164	0.557471102514343	0.557318125341492	0.481735369848328	0.509797746069031	0.417218840612488	0.752280370092468	0.455724031530457	1.14216941568573	0.461715271642761	0.406334821874695	0.414568238988953	0.455594402929382	0.427870174108582	0.401880862096863	0.670376951635437	0.418819847570496	0.143781822973328	0.481683393652039	0.414433190343933	0.373157358007507	0.408875243383484	0.421066449438171	0.404042342504578	0.460054424474792	0.330832334814148	0.403292626928406	0.418126485387878	0.810435081457214	0.220338948217468	0.347228331029968	0.769228543188171	0.386015719335632	0.585454071874695	0.0282109752560424	0.497236123144226	0.42424614426239	-0.149942313562317	0.639643153173523	0.406029970983582	0.400663375707703	0.507792540197449	0.15437975931366	0.313995210912781	0.403426524389343	0.456931540075378	0.463279782323914	0.457914437963562	0.392227985570984	-0.231617829004211	0.409614029577332	0.421907146520691	0.920494027563171	-0.0400171738528443	0.572891266943054	0.814752865392761	0.472432108617859	0.427441472631531	0.418806215551453	0.396709972753601	0.271394197362976	0.766290674535828	0.42167812851532	0.57744908164032	0.26591062851532	0.42167812851532	0.128362454636414	0.36183360510907	0.497813064226257	0.484170291476257
RNF39-cg16908633-6-30042272	-0.352276896631165	0.323015608129578	0.773275442358093	0.386402784154968	0.447644026525574	0.359633192113953	0.409278370275574	0.810180305578308	0.37913414023407	0.417311393774109	0.379313240575867	0.515372666235046	0.848020689062195	0.440110933569031	1.06687630978973	0.424485404333191	0.736030933813171	0.38479659525116	1.10626797940643	0.393735835363464	0.374611385595398	0.431138802709656	0.444609966650085	0.988935737829285	0.396784425817566	0.65261651535614	0.341080411291199	0.391339386694031	0.483830957372742	0.299124754064636	0.40382492172821	0.331960807104187	0.399382013158875	0.317446906225281	0.415908988195496	0.927301898534851	0.292726190649109	0.390663049108582	0.811542645177918	0.562445511938171	0.402869894750671	0.726649106908875	0.443493283056335	0.647148635595398	-0.0855354610232545	1.11441668686493	0.392599707983093	0.464075250158386	0.00980471689422607	0.513872534704285	0.309727939428406	0.837664103918152	0.0962073230343628	0.688574774633484	0.332701088110046	0.463757103796082	0.410225346044617	0.647442001684265	0.385613549291687	0.321613734716492	0.317382593298035	0.564604710241394	0.819659591283874	-0.00745761013214108	1.03864283066376	0.774851429113464	0.686655672338562	0.342878036352234	0.474728779272156	0.336634536474304	0.431156761083679	0.848846238256531	0.42167812851532	0.40429258164032	0.43906712851532	0.42167812851532	0.110440126136414	0.35400927660907	0.538002735726257	0.491994619976257
RNF39-cg19006429-6-30043325	0.117418067968445	0.437825572729187	0.884492406957703	0.455222748754578	0.572496991125183	0.435237156713562	0.415160334875183	0.181313270177918	0.339358104833679	0.350502358373718	0.315943205175476	0.489641630834656	0.523368653661804	0.35248689816864	0.316190274389343	0.3736633689328	0.651309898412781	0.414635559850769	0.867974944006042	0.416605799963074	0.531164350195007	0.422581767309265	0.380029931249695	0.385713702428894	0.419236390417175	0.307709479955749	0.411805375890808	0.14964535129364	0.485870921972351	0.417647718664246	-0.16302711367218	0.427673771703796	0.542229977758484	0.42260087082489	0.408726952795105	0.23158686313446	0.418430155248718	0.437768013708191	0.809083609777527	0.577133476537781	0.509613859350281	0.625045071508484	0.386779247655945	0.610954600195007	0.492535503576355	0.834015651464538	0.478728672582703	0.276602214757996	0.640959681493835	0.431914499303894	0.421004904028015	0.557648068517761	0.175870287633972	0.596452739233093	0.417490052709656	0.422727068395691	0.487638310644226	0.670510966283875	0.444914513891296	-0.296031300683899	0.426432557897644	0.422289674841003	0.287196555883484	-0.0470246455325317	0.879816795263367	0.738512393713074	0.739709636938171	0.409133000951843	0.418038743871765	0.416802501073914	0.455863725683289	0.33318820285614	0.42167812851532	0.49111858164032	0.35224112851532	0.42167812851532	0.193372978042664	0.39265712851532	0.453375587632507	0.480428001882507
RNF39-cg22105332-6-30043293	0.066790180517273	0.435615685278015	0.165014519506531	0.518139861303406	0.581927103674011	0.43085726926239	0.473666447424011	0.336826382726746	0.418041217382507	0.444229470922546	0.300125317724304	0.559376743383484	0.450071766210632	0.461675010717468	0.277492386938171	0.487643481481628	0.697294010961609	0.452807672399597	0.627381056554871	0.414090912511902	0.541386462743836	0.418287879858093	0.481320043798523	0.373956814977722	0.414776502966003	0.451856592504578	0.410763488439636	0.147302463842468	0.561445034521179	0.414935831213074	-0.0158030011233519	0.421667884252625	0.549303090307312	0.419879983373718	0.454969065343933	0.222887975683289	0.412391267797546	0.488833126257019	0.831817722326355	-0.0716674109133912	0.531672971899109	0.840019184057312	0.375613360204773	0.424123712743835	0.655186616125183	0.727594764013367	0.515337785131531	0.193110327306824	0.749314794042664	0.423039611852722	0.411545016576843	0.451065181066589	0.1714934001828	0.375339851781921	0.414410165258484	0.418800180944519	0.551492423193054	0.736894078832703	0.502283626440124	-0.299688188135071	0.422098670446472	0.416980787389832	0.282375668432312	-0.0506205329837036	0.932086907812195	0.752980506261902	0.417444749487	0.456358113500671	0.417306856420593	0.410843613622742	0.170639838232117	0.302535315404968	0.42167812851532	0.56639608164032	0.27696362851532	0.42167812851532	0.150871478042663	0.35406762851532	0.491965087632507	0.534392272882507
RNF39-cg23027574-6-30043194	-0.282448998071594	0.444153506689148	0.883056340917664	0.468262682714539	0.443928925085144	0.439476090673523	0.417549268835144	0.612930204137878	0.40614303879364	0.379686292333679	0.309370139135437	0.475166564794617	0.615901587621765	0.415982832128601	0.335937208349304	0.432142302892761	0.493770832372742	0.37055149381073	0.945437877966003	0.424202733923035	0.507098284154968	0.422853701269226	0.410604865209656	0.406323636388855	0.421025324377136	0.20445141391571	0.418113309850769	0.153507285253601	0.496554855932312	0.425424652624207	-0.169676179712219	0.427264705663757	0.533116911718445	0.423412804784851	0.420469886755066	0.229975797094421	0.419701089208679	0.442265947668152	0.780110543737488	0.182525410497742	0.289178793310242	0.643749005468445	0.353301181615906	0.654042534154968	0.064912437536316	1.1413425854245	0.463254606542664	0.0477361487179565	0.722416615453796	0.438168433263855	0.419150837987976	0.447821002477722	0.181080221593933	0.342180673193054	0.422018986669617	0.427108002355652	-0.216643755395813	0.514915900243835	0.444425447851257	-0.279887366723938	0.433442491857605	0.420218608800964	0.292011489843445	-0.0334167115725707	0.850873729223328	0.458104327673035	0.418678570898132	0.426292934911804	0.422422677831726	0.421189435033875	0.419207659643249	0.935695136816101	0.42167812851532	0.49938208164032	0.34397762851532	0.42167812851532	0.177997478042664	0.38195162851532	0.464081087632507	0.510247103882507
RNF39-cg23745282-6-30042814	-0.345309864648743	0.462935640112	0.899414474340515	0.27421381613739	0.487960058507996	0.438093224096375	0.403697402257996	0.21956133756073	0.380284172216492	0.398748425756531	0.301932272558289	0.525894698217468	0.772269721044617	0.442215965551453	0.291956341772156	0.433463436315613	0.520872965795593	0.408050627233581	0.944660011388855	0.425367867345886	0.46658241757782	0.427809834692078	0.449275998632507	0.387654769811707	0.423203457799988	0.035384547338562	0.416290443273621	0.149497418676453	0.318948989355163	0.427518786047058	-0.335169046289368	0.436600839086609	0.468131045141296	0.428907938207703	0.477038020177917	0.231895930517273	0.422947222631531	0.479177081091003	0.274161677160339	0.139986543920593	0.121662926733093	0.850975138891297	0.345854315038757	0.49941766757782	0.0224945709591675	0.409364718847351	0.403231739965515	-0.234458717859192	0.608774748876648	0.423598566686707	0.422478971410828	0.431793135900574	0.176160355016785	0.287578806615906	0.421852120092468	0.423897135778503	0.440443378027039	0.00288903366668691	0.440428581274109	-0.274557233301087	0.418236625280457	0.427271742223816	0.292655623266296	-0.0556025781497193	0.389774862646179	0.819378461095886	0.428522704320984	0.424846068334656	0.433297811254578	0.417248568456726	-0.247768206933899	0.811327270238952	0.42167812851532	0.56364958164032	0.27971012851532	0.42167812851532	0.227868942636414	0.42825909310907	0.566894552226257	0.417744803476257
RNF39-cg24016627-6-30043095	-0.344038931177063	0.444532573583679	0.112252407812195	0.56577874960907	-0.145920008020325	0.436586157568054	0.490287335729675	0.14067127103241	0.465256105688171	0.37802635922821	0.306714206029968	0.586300631689148	0.428096654516296	0.485340899023132	0.287535275243835	-0.217518630212708	0.470112899267273	0.401807560705261	1.05381594486053	0.421870800817566	0.554864351049499	0.425477768163757	0.511628932104187	0.382500703283386	0.421536391271667	-0.0463615191897583	0.4202083767453	0.154426352148132	0.556339922826843	0.425555719518738	-0.343318112817688	0.431973772558289	0.563582978612976	0.426309871679382	0.532554953649597	0.230745863988953	0.42522615610321	0.526936014562683	0.776284610632019	-0.201455522607727	0.439463860204773	0.399401072362976	0.344664248510437	0.0910476010494995	0.0333355044308472	0.397971652319031	0.533244673437195	-0.233563784387512	0.722196682348328	0.430836500158386	0.422121904882507	0.404715069372253	0.179430288488464	0.287723740087585	0.422888053564148	0.427318069250183	-0.267658688501282	0.619434967138367	0.533480514745789	-0.292474299829407	0.429610558752136	0.423063675695496	0.292401556737976	-0.0438036446780395	0.332155796117859	0.821786394567566	0.416624637792664	0.505430001806335	0.424936744726257	0.418665501928406	0.139752726537781	0.707089203710632	0.42167812851532	0.62872758164032	0.21463212851532	0.42167812851532	0.147494978042664	0.34903712851532	0.496995587632507	0.544779953882507
ROBO3-cg12398330-11-124734412	0.436911161352234	0.431327666112976	0.0745935003414917	0.202562842138367	0.530810084508972	0.529795250097351	0.447018428258972	0.336834363561707	0.421936198217468	0.468256451757507	0.361468298559265	0.206411724218445	0.416840747045593	0.418722991552429	0.300731367773132	0.431237462316589	0.11333099179657	0.445670653234558	0.459357037389832	0.463377893346863	0.428962443578796	0.409865860693054	0.463600024633484	0.398296795812683	0.431634483800964	0.694086573339538	0.860610469274597	0.243711444677429	0.44163201535614	0.374432812048035	0.170468979711609	0.427759865087585	0.412503071142273	1.15328996420868	0.468064046178894	0.205863956518249	0.377363248632507	0.45266210709198	-0.00950429683868403	-0.25245943007843	-0.40533504726593	-0.00757983510772703	0.388406341039734	-0.108703306421203	0.768652596960144	0.366681744848328	0.446505765966492	0.241984308141785	0.0782847748776245	0.388138592687683	0.403037997411804	0.44128616190155	0.339897381017761	0.789146832616882	0.482316146093445	0.48787316177948	-0.359518595971985	-0.112741940332336	0.385760607275085	0.49995379269989	0.601975651281433	0.415441768224793	0.623960649267273	0.0848654478512573	0.797639888647156	0.299729487096863	1.15135873032196	0.444870094335632	0.451764837255554	0.426959594457703	0.314647819067078	0.559149296239929	0.42167812851532	0.52916008164032	0.31419962851532	0.42167812851532	0.331958651995789	0.518810802468445	0.616861261585632	-0.139341161164368
RPP25-cg20719524-15-75251136	0.429502457006531	0.435935961767273	0.719729795995789	0.234913137792663	0.401321380163269	0.427411545751648	0.438943723913269	0.161228659216003	0.440293493871765	0.503444747411804	0.292957594213562	0.512729019872742	0.39682404269989	0.470981287206726	0.264235663427429	0.462990757970886	0.390721287450867	0.438924948888855	0.369368333044128	0.957110189001159	0.380163739233093	0.407375156347351	0.443216320287781	0.37838109146698	0.439796779455261	-0.103182131006165	0.917927764928894	0.412593740331726	0.517104311010437	0.468229107702332	0.326088275365906	0.419445160741882	-0.32950663320343	0.425262259862976	0.365589341833191	0.252597252172546	0.428855544286804	0.413553402746277	0.524910998815613	-0.227145134424133	0.342629248388367	0.23565046054657	0.788605636694031	0.683680989233093	0.153004892614441	0.883310040502624	0.408618061620789	0.481780603796082	0.505476070531921	0.40550588834198	0.492450293066101	0.379104457555847	0.232724676672058	0.899633128271179	0.394392441747742	0.432178457433777	-0.129750300317688	0.61715235532196	0.394612902929382	0.495010088354187	0.38248194693573	0.398813063879089	0.23841194492157	0.124842743505554	0.304038184301453	0.72355278275116	0.785691025976257	0.439589389989929	0.426570132909851	0.487044890111999	-0.112315885278626	0.879450591894226	0.42167812851532	0.53766608164032	0.30569362851532	0.42167812851532	0.355107516136414	0.40861666660907	0.557896125726257	0.437387229976257
RSPH9-cg06924241-6-43613395	0.506840794897156	0.450103299657898	0.984959133886414	-0.237635524316712	0.574596718053894	0.437872883642273	0.512303061803894	0.848637997106628	0.46373283176239	0.507164085302429	0.418820932104187	0.437322357763367	1.09184738059051	0.166153625097351	0.278373001318054	0.518223095861511	0.211775625341492	0.49059028677948	0.417866670934753	0.417857526891785	-0.421606922876282	0.424689494237976	0.457646658178406	0.389576429357605	0.427617117345886	0.0334852068844604	0.447503102819519	0.150450078222351	-0.143310351098938	0.417982445592957	0.481527613256531	0.434756498632507	0.386943704687195	0.421788597753601	0.477808679723816	1.07621259006317	0.450880882177429	0.177243740636902	0.815815336706238	0.658717203466492	-0.0661384137210082	-0.0469882015628051	0.329655974584656	-0.0988666728762817	0.0228992305050659	1.22552637839325	-0.409194600488586	0.335782941686707	0.226494408422546	0.425860226232605	0.414793630956726	0.414559795446472	0.236883014562683	0.287980466161804	0.431029779638367	0.425603795324402	-0.351390962427063	-0.0920063067874147	0.479029240820007	-0.264154573755188	0.431569284826355	0.423227401769714	1.14075728281219	0.310465081396179	1.05848552219208	0.859895120641785	0.404394363866882	0.443492727880554	0.440585470800476	0.418291228002625	-0.168502547388001	0.180350929784851	0.42167812851532	0.61651158164032	0.22684812851532	0.42167812851532	0.352855105034851	0.545308255507507	0.494847714624695	0.00706080287469479
RUNX2-cg09541256-6-45388522	0.403608841650085	0.400527346410828	0.905036180639343	0.457070522436218	-0.379670235193176	0.362642930395203	0.450208108556824	0.470833043859558	0.39585087851532	0.459795132055359	0.240756978857117	0.00818240451629643	0.366965427343445	0.451338671850281	0.986822048070984	0.461042142614441	0.397868672094421	0.47897833353241	0.363327717687683	0.460466573644714	0.415842123876648	0.794892540990906	0.286953704931336	0.490267476110535	0.396581164098816	0.69000725363739	0.393424149572449	0.0978891249752807	0.485205695653992	0.698130492345886	0.44426666000946	0.407912545385437	0.432944751440125	0.356490644506531	0.391581726476746	0.195079636816101	1.23841892893036	0.407852787389832	0.474388383459168	0.579330250219421	0.456333633031921	0.745367845190124	0.579922021337585	-0.101367626123352	-0.0273327227420044	0.323576425146179	0.418732446264343	0.119958988439636	0.082098455175476	0.414543272985535	0.464661677709656	0.423329842199402	0.644588061315613	0.278067512914734	0.366948826391296	0.443354842077332	0.109961084325867	0.128984739965515	0.379378287572937	0.474835472997742	0.818520331579285	0.624644448522644	1.02794532956512	0.586011128149109	0.977269568945007	-0.0294178326052856	0.803946410619812	0.410497774633484	0.502293517553406	0.375447274755554	-0.220441500635071	0.462466976537781	0.42167812851532	0.62210008164032	0.22125962851532	0.42167812851532	0.578018321628601	0.616928472101257	0.163922931218445	0.269655678468445
RUNX3-cg00035000-1-25255003	0.493052676855164	0.432836181615906	0.134964015844421	0.471541357641296	0.0930446000119018	0.429782765600281	0.237837943761902	0.177695879064636	0.451958713720398	0.531758967260437	0.566468814062195	0.461359239721374	0.422700262548523	0.489158507055359	0.269934883276062	-0.208111022180481	0.1038455072995	0.406841168737488	0.397711552892761	0.433929408849792	0.437285959081726	0.414458376195984	0.430049540136414	1.01081631131561	0.404226999303894	0.706315088842468	0.829725984777527	0.132865960180359	0.47803153085907	0.410628327550964	0.479432495214539	0.817791380590515	0.435727586645203	0.413280479711609	0.458492561681824	0.310873472021179	0.416815764135437	0.41754062259491	0.0222162186642456	-0.0695529145755006	0.463896468237	0.809019680395203	0.321093856542664	-0.104309790918274	0.793316112463074	0.425822260351257	0.444453281469421	0.332964823644714	0.0851752903805542	0.433570108190613	0.417793512914734	0.42628367740448	0.723721896520691	0.404404348119812	0.406358661596375	0.40553267728241	-0.273547080469055	0.599237575170593	0.455121122778015	-0.00771869179718021	0.419633166784363	0.407208283727722	0.522525164770203	0.504961963354187	0.421685404150085	-0.00382899740020748	0.86366524582489	0.459913609838562	0.445117352758484	0.421226109960632	0.393615334570007	0.0699628117428588	0.42167812851532	0.21409758164032	0.62926212851532	0.42167812851532	1.15558304513641	0.50720919560907	-0.0950473452737427	0.338794700976257
RXRA-cg14654324-9-137299436	0.462630228002625	0.375255732763367	0.0452165669918825	0.174011908788757	0.535876151159363	0.782045316747742	0.420237494909363	0.0569124302120974	0.427149264867859	0.186672518407898	0.245689365209656	0.493124790868836	0.354254813695984	0.42067105820282	0.715663434423523	-0.41957747103302	0.0214280584469605	-0.368979280115051	0.360161104040222	0.829327959997254	0.475620510229187	0.366162927343445	0.423558091283875	0.977340862463074	1.12347455045135	-0.178503360010071	0.363605535924988	0.74690551132782	0.481137082006531	0.356265878698425	-0.127670953638001	1.22370093173798	0.477050137792664	0.35802503085907	0.411896112829285	0.18136202316864	0.355321315282898	0.448218173742371	-0.0170892301882934	0.59043263657196	0.48772701938446	0.527762231542664	0.756492407690125	-0.141513239770813	-0.0372483363894653	0.336871811498718	0.194778832616882	0.211077374792175	0.940586841528015	0.867507659338074	1.14600506406219	0.927559228551941	0.133438447668152	1.12301289926727	0.368450212743835	0.358242228429871	0.492162470678406	-0.186762873681946	0.443813673925476	0.214261859350281	0.404491717931824	1.07949383487518	0.777319715917664	0.492800514501648	0.265254955297546	0.732729553747254	0.966420796972351	0.418290160986023	1.01301690390594	1.06492366110809	0.167383885717468	0.58700736289032	0.42167812851532	0.45185908164032	0.39150062851532	0.42167812851532	0.273904314675476	0.882761465148132	0.56118992426532	0.28174733751532
S100A11-cg16382778-1-152007215	0.2927216479245	0.404066152685242	0.0726109869137573	-0.0416756712893677	0.452957571081238	0.409937736669617	0.456872914831238	0.0863368501339721	0.439717684789734	-0.332180061670227	0.272228785131531	-0.215516789209289	0.409779233617859	0.447077478124695	0.704981854345398	-0.351389051111145	0.124129478368835	0.464745139806824	0.381259523962097	0.768740379919128	0.403644930151062	0.57189334726532	0.45058451120575	0.881973282384949	0.94717097037323	0.708411059911804	0.381845955846863	0.390180931249695	0.438179501928406	0.8869252986203	0.0519794662838746	1.17630635165985	0.393895557714539	1.15316845078094	0.42812653275116	1.04672944309051	0.394628735204773	0.157451593664246	0.294270189733582	0.497522056493835	0.480333439306335	-0.0333123485354614	0.324561827611999	0.495234180151062	0.77124508353241	0.364412231420593	-0.432183747461243	0.39323379471405	0.10129326144989	0.926704079259949	1.14575648398407	0.709971648473816	0.151282867590027	0.733503319189148	0.53785463266571	0.423134648351746	0.469093890600281	0.422280546239929	0.454351093847351	-0.295515720727844	0.422155137853699	1.12053425479706	0.344509135839539	0.172946934423523	0.742254375219421	0.184430973669128	1.07519021689423	0.462754580907898	0.40778732382782	0.404617081029968	0.527039305639343	0.270296782812195	0.42167812851532	0.45672008164032	0.38663962851532	0.42167812851532	0.407469104628601	0.586215255101257	-0.0642922857815552	0.440204895468445
SATB2-cg07855083-2-200320871	-0.371237901513977	0.412501603246765	0.923430437475281	-0.365112220727844	0.558934021642761	0.40720618723114	0.504840365392761	0.164363300695496	0.439067135351257	0.486250388891296	0.275409235693054	-0.236969338647766	0.386471684179382	0.429549928686218	0.252823304906921	0.496233399450378	0.463119928930359	0.466110590368347	0.379595974523621	0.393033830480652	0.519618380712585	0.399878797826843	0.510019961767273	1.00712973294647	0.391742420934753	0.491542510473327	0.405305406408386	0.733738381811218	-0.319698047510071	0.392575749181824	0.507081916845398	0.403215802221374	0.521410008276062	0.491854901342468	0.431210983312683	0.244140893652039	1.3301861857663	0.510238044225769	0.869256640295105	0.635374507055359	0.0780338898678589	-0.0782108979739379	0.305724278173523	0.668225630712586	0.000125534093933011	0.508049681982117	0.504538703100281	-0.270249754724426	0.615454712011414	0.859355529821472	0.394221934545593	0.382202099035339	0.14678931815155	0.820074769750671	0.396730083227234	0.393283098913269	-0.0798696588381959	-0.153966003198547	0.495039544408874	0.603052729833679	0.400535588415222	0.392399705358581	0.262981586401062	0.506652384985046	0.294318825780945	0.654659424230652	0.85831866745575	0.459396031469421	0.395930774389343	1.04376653159149	-0.302075243799133	0.961483233373718	0.42167812851532	0.56888908164032	0.27447062851532	0.42167812851532	0.198266978042664	0.39838512851532	0.447647587632507	0.587851580882507
SATB2-cg17204275-2-200321136	-0.361366432763977	0.422093071996765	0.908212906225281	-0.357575751977844	0.530840490392761	0.40897865598114	0.461721834142761	0.174306769445496	0.403385604101257	0.483144857641296	0.306300704443054	-0.171509869897766	0.462775152929382	0.389719397436218	0.421796773656921	0.466753868200378	0.398776397680359	0.481526059118347	0.408722443273621	0.426326299230652	0.409947849462585	0.407764266576843	0.447022430517273	0.977245201696472	0.394446889684753	0.460670979223328	0.433241875158386	0.717877850561218	-0.307298578760071	0.396000217931824	0.407711385595398	0.423001270971374	0.444799477026062	0.422385370092468	0.429521452062683	0.203929362402039	1.2632636545163	0.434334512975769	0.627305109045105	0.603954975805359	0.125953358617859	-0.067850429223938	0.324991746923523	0.675147099462585	0.00856600284393305	0.415825150732117	0.445434171850281	-0.258948285974426	0.646445180761414	0.896061998571472	0.416213403295593	0.412401567785339	0.14973378690155	0.817809238500671	0.400298551977234	0.434429567663269	-0.243786190088196	-0.142343534448547	0.420304013158875	0.512014198583679	0.404873057165222	0.428016174108582	0.289902055151062	0.334604853735046	0.387577294530945	0.618244892980652	0.45601113620575	0.449558500219421	0.425537243139343	1.16280100034149	-0.298695775049133	0.948573702123718	0.42167812851532	0.49318308164032	0.35017662851532	0.42167812851532	0.185577478042664	0.39159162851532	0.454441087632507	0.508245464882507
SATB2-cg21485895-2-200321016	-0.367207420434876	0.416495084325867	0.974586918554382	-0.358239739648743	0.576784502721863	0.411819668310242	0.513013846471863	0.128433781774597	0.449917616430359	0.505796869970398	0.284109716772156	-0.228131857568664	0.399184165258484	0.47509940976532	0.271064785986023	0.51959688052948	0.41985441000946	0.485156071447449	0.383418455602722	0.400428311559753	0.522740861791687	0.403728278905945	0.497896442846374	1.04046921402557	0.399684902013855	0.518691991552429	0.398395887487488	0.75580986289032	-0.313215566430969	0.404485230260925	0.4882533979245	0.403844283300476	0.532605489355164	0.45126938242157	0.458444464391785	0.22502337473114	0.568458666845398	0.526064525304871	0.817179121374207	0.57139298813446	0.14882037094696	-0.0671314168948364	0.318989759252625	0.746987111791687	0.0102290151730348	0.441134163061218	0.522869184179382	-0.268315273645325	0.531199193090515	0.503447010900574	0.406113415624695	0.382070580114441	0.152917799230652	0.874992250829773	0.397073564306335	0.412177579992371	0.503067822240906	-0.133475522119446	0.506005025487976	0.531323210912781	0.405363069494324	0.398546186437683	0.278162067480164	0.499414866064148	0.463299306860046	0.607009905309753	0.421729148534851	0.475268512548523	0.405362255468445	0.422549012670593	-0.292355762720032	0.96321171445282	0.42167812851532	0.55796858164032	0.28539112851532	0.42167812851532	0.169862478042664	0.37035162851532	0.475681087632507	0.593787521882507
SATB2-cg22973789-2-200321011	-0.346950711572571	0.437144793188171	0.910798627416687	-0.337141030786438	0.504453211584167	0.432727377172546	0.404004555334167	0.144860490636902	0.396265325292664	0.460494578832703	0.30224842563446	-0.20997814870636	0.415171874120789	0.414781118627625	0.279272494848328	0.437629589391785	0.427279118871765	0.438979780309753	0.406869164465027	0.417674020422058	0.518033570653992	0.41763998776825	0.440808151708679	0.987790922887878	0.41393361087616	0.462514700414734	0.487722596349792	0.730653571752624	-0.296660857568665	0.42152693912323	0.445409106786804	0.422716992162781	0.537775198217468	0.435260091283874	0.406155173254089	0.227065083593445	1.0863973757077	0.443619234167175	0.747967830236511	0.563340696996765	0.111508079809265	-0.0467447080325318	0.336168468114929	0.632976820653992	0.0307727240353393	0.398862871923523	0.457549893041687	-0.24748056478302	0.67719590195282	0.435338719762878	0.416521124487	0.402166288976746	0.172676508092957	0.835321959692078	0.41729127316864	0.485792288854675	0.41354453110321	-0.121413813257141	0.465923734350281	0.578353919775085	0.423139778356628	0.422642895299988	0.289846776342468	0.475775574926453	0.402556015722351	0.583085614172058	0.413324857397156	0.422469221410828	0.42265396433075	0.416165721532898	-0.279614053857727	0.930135423315125	0.42167812851532	0.50572308164032	0.33763662851532	0.42167812851532	0.216596978042664	0.41322812851532	0.432804587632507	0.524974905882507
SATB2-cg27583307-2-200320750	-0.416377860498352	0.34331764426239	0.894313478490906	-0.432866179712219	0.503397062658386	0.344905228246765	0.449890406408386	0.407377341711121	0.369293176366882	0.403694429906922	0.213556276708679	-0.301268297632141	0.327473725195007	0.353442969701843	0.184626345922546	0.443515440466003	0.430111969945984	0.409458631383972	0.313994015539246	1.11602987149628	0.431598421728211	0.323325838842468	0.428800002782898	0.998072773962097	0.319271461950378	0.436061551488953	1.16009944742401	0.666290422826843	-0.383674006494446	0.325600790197449	0.456888957861023	0.331997843237	0.445476049291687	1.20692794235809	0.360660024328308	0.996835934667664	1.26654322678192	0.422422085241394	0.81364568131073	0.583309548070984	-0.0400640691165161	-0.147975856958313	0.239499319189148	0.64125067172821	-0.0749294248904419	1.19456972299774	0.424244744115906	-0.310005713708801	0.902619753027039	0.763997570837097	0.319058975561218	0.969517140050964	0.0893723591671753	0.781927810766296	0.328450124242859	0.320037139928894	0.455004382177429	-0.230138962182922	0.418693585424499	0.543200770849304	0.325363629430847	0.337299746374207	1.05187562741669	0.546816426000671	0.22243086679657	0.570969465246277	0.797860708471375	0.385741072485046	0.436138815404968	1.16373457260712	-0.375754202783508	0.897115274389343	0.42167812851532	0.42588608164032	0.41747362851532	0.42167812851532	0.161262978042664	0.36129712851532	0.484735587632507	0.568380165882507
SCCPDH-cg26361329-1-246888301	-0.35991747683136	0.414766027929382	0.107109862157898	0.531953203954773	0.556739446325378	0.531641611913757	0.494508790075378	0.192254725378113	0.479241560033875	0.446287813573914	0.297555660375671	0.536900086034851	0.428657108862	0.487333353368835	0.302218729589539	-0.227211175867004	0.716676353612976	0.174506015050964	0.406178399206238	0.420325255163269	0.319290805395203	0.42499122250946	-0.33338961355011	0.392376157629089	0.423093845617371	0.463009935155945	0.421999831091003	0.148283806493835	0.544063377172546	0.441930173864441	0.501379341528015	0.427125226903992	-0.114949567041321	0.416676326025085	-0.1057615920047	0.217497318334656	0.436780610448914	0.472990468908386	0.892164064977722	-0.0485260682620241	0.471232314550476	0.205430526708679	0.35269970285614	0.686003055395203	0.69269295877655	0.383115106664734	0.441229127782898	0.533118669958191	0.178137136694031	0.420205954504089	0.42292935922821	0.412415523717957	0.285846742834167	0.321246194433289	0.442439507909851	0.445767523595886	0.109805765844421	0.0650854214840698	0.433923969091492	0.501583154516296	0.410164013097839	0.443969130041199	0.304579011083679	0.595424809667664	0.343667250463562	0.124150848913269	0.448831092138367	0.449057456152039	0.45452219907196	0.456721956274109	0.236509180883484	0.0629756580563354	0.42167812851532	0.53035958164032	0.31300012851532	0.42167812851532	0.354931239136414	0.46151938960907	0.572095848726257	0.384484506976257
SCG5-cg12134633-15-32934004	-0.392705353418274	0.363245151342468	0.889792985570984	0.483571327367859	0.509416569738464	0.396181735326843	-0.315078086511536	0.804504848791199	0.43232968344696	0.496116936986999	0.361525783788757	0.132744209447937	0.422183232275085	0.476565476781921	0.207716853002624	0.455210947546082	0.461162477026062	0.46609813846405	0.453108522619324	0.734968378576355	0.405474928808289	0.452380345922546	0.468609509862976	0.486001281042175	0.372870969030456	-0.203891941430969	0.583306954504089	0.835827929906921	-0.100617499414368	0.355637297277527	0.486666464941101	0.350264350317078	0.428899556371765	0.338722449438171	0.459057531408386	0.897269441747742	0.347831733861999	0.420704592321472	0.851930188390808	0.000454055151061894	0.424742437963562	-0.0846603498782348	1.04027382626923	-0.187861821191711	0.219996082189636	1.06986823007782	0.431264251195984	0.473336793371277	0.0113762601071167	1.05315907791718	0.329085482641296	0.451168647131042	0.207456866247253	0.195042317846374	0.458895631322937	0.462800647008972	0.122886889257507	-0.180019455102844	0.402617092504578	0.534303277929382	0.340771136510925	0.371468253454285	0.216820134496765	-0.0209780669192504	0.306936373876648	-0.087294027673645	0.681885215551453	0.440153579565124	0.404770322485046	1.02774407968719	-0.26616669570343	0.0491097814694214	0.42167812851532	0.30826358164032	0.53509612851532	0.42167812851532	0.845446930136414	0.47331008060907	0.362722539726257	0.372693815976257
SCRT2-cg24595510-20-644302	0.483540307958679	0.401229812719421	0.045890646947937	0.522013988744812	0.534837231115418	0.366412396703796	0.466190574865417	0.114635510168152	0.479622344823914	0.524034598363952	0.27430744516571	0.59877687082489	0.364938893652039	0.484418138158875	1.00969451437958	0.500847608923035	0.438928138403015	0.00238679984100343	0.377097183996277	0.361678039953308	0.457344590185242	0.3648270072995	0.473039171239929	0.309416942419128	0.35005963040741	-0.151142280054016	0.347674615881042	0.831086591283875	0.497422161962585	0.36611295865448	0.515696126318054	0.367115011694031	0.439306217748718	0.372836110815125	0.487140192785339	0.200801103124695	0.351193395238953	0.464781253698425	0.638398849767761	0.617321716528015	0.270282099340515	0.747674311498718	0.315919487646179	0.651595840185242	-0.0146562564334106	0.563521891454773	0.464254912572937	0.22017345474823	0.40782292148407	0.379060739294128	0.43559514401825	0.364734308507996	0.773262527624207	0.235295979223328	0.36664029269989	0.363790308385925	0.500261550634461	0.717489206274109	0.458087753881531	0.562608939306335	0.362616797887878	0.733528914831238	0.250438795873718	0.541835594457703	0.263950035253601	0.820983633703308	0.349891876928406	0.473306240942078	0.354217983862	0.368284741064148	0.517342965673523	0.401454442846374	0.42167812851532	0.62293458164032	0.22042512851532	0.42167812851532	0.932825988175476	0.225515138648132	0.44542459776532	0.39751266401532
SCT-cg25774643-11-627175	-0.354084530542297	0.435728974218445	0.102995808446961	0.564414150243835	0.605271392614441	0.43053755820282	0.513145736364441	0.885260671667175	0.269750506322937	0.482314759862976	1.06474460666473	0.525454032323914	0.431128055151062	-0.325446700342102	0.288689675878601	-0.219430229577942	0.213508299902039	-0.331488038659973	0.3995413454953	0.418689201452332	0.538573751684265	0.413476168798523	-0.252123667261047	0.651948103918152	0.458637791906433	0.296634881445007	0.982990777380066	0.646483752782898	-0.299625676538391	0.420165120153503	0.523100287817078	1.20604417319305	0.522274379247742	1.25293127231415	0.343022354284363	0.380819264623718	1.35094455673798	0.541390415197449	0.0310140112667847	-0.212520121972961	-0.360890739160461	-0.0279925270022582	0.494154649145203	0.696658001684265	0.0233059050656129	0.947972052953796	-0.406322925928039	-0.249351383752746	0.117216082983093	0.425102900793152	0.412156305517273	0.644101470007019	1.05134268912323	0.285493140722351	0.418571454198914	0.417050469884949	0.549067712133484	-0.121208632226868	0.518915915380554	-0.238093899194641	0.601117959386902	0.415406076330261	1.17191195737274	0.543155755956726	1.02917019675262	0.843893795202332	0.411641038427429	0.241402402441101	0.414065145361023	0.633529902563171	-0.202262872827453	0.985777604345398	0.42167812851532	-0.00343391835968015	0.84679362851532	0.42167812851532	0.677938151136414	0.60700030160907	0.205429760726257	0.239003594976257
SCUBE3-cg00347904-6-35182508	-0.29054152773468	0.354528977026062	0.906415811254578	0.441177153051453	0.484146395422058	0.354039561010437	0.420071739172058	0.355071674474792	0.418425509130554	0.433446762670593	0.213943609472351	0.511766035131531	0.335459057958679	0.279536302465515	0.673598678686218	0.0915677732296751	0.501984302709656	-0.211886035852356	0.358573348302917	0.395274204259949	0.420994754491882	0.33506017160614	-0.37966866445343	0.845019106725769	0.37023779471405	0.669948884252624	0.458148780187683	0.595738755590515	0.470817326269226	0.343162122961121	0.429697290624695	0.386377176000671	0.422958382055359	0.465672275121765	0.44329835709198	0.569648267431335	0.837608559545593	0.411379418005066	0.770453014074402	-0.247645119165344	0.382186263647156	0.760721475805359	0.39540965195282	-0.0839499955081173	0.0254699078732299	1.20568605576141	0.421138076879578	0.381294619054871	0.68250908579071	0.353864903600769	1.01871630832489	0.480103472814636	0.868873691930847	0.818037143529968	0.355883457006531	0.368888472692566	-0.225307285058899	0.622402370580749	0.391128918188171	0.109117103612976	0.432385962194519	0.329491079137878	0.234256960180359	0.579132758764343	1.10722419956024	-0.0518242019900513	0.430684041235046	0.384740405248718	0.57178314816864	1.08328690537079	0.384154129980164	0.667044607153015	0.42167812851532	0.63380558164032	0.20955412851532	0.42167812851532	0.886764250675476	0.299210401148132	0.42479986026532	0.41813740151532
SEC14L1-cg23541975-17-75143184	-0.0571893255862426	0.3463281791745	-0.0271169865969846	0.21232535519989	0.430025597570496	0.396536763158875	0.0923979413204957	0.85499587662323	-0.513297288721008	0.421854964819031	0.390992811620789	0.520720237279968	0.358517260107117	0.414471504613953	0.991928880834656	0.388759975378113	0.785765504858093	0.409869166296082	0.621799550451355	0.416713406408386	-0.16374404335968	1.03215037375458	0.419766537695007	0.791389308874207	1.05732999686249	0.471343086401062	0.264872982336121	0.425525957738953	0.368614528417664	0.293277325109558	0.415305492773132	0.307304378149109	0.348404584203796	0.301721477270203	0.383315559240418	0.177601469579773	1.15411976169403	-0.479536379846497	-0.0651147837771606	-0.301746917016907	0.361432465795593	0.702782677953796	0.841744854101257	0.67361420664032	0.779653110021667	1.10978025790985	-0.571952720971985	0.511303821203308	0.852779287939148	1.16202810574921	1.15049451047333	1.09760567496307	0.925780894079285	1.03054034567841	0.407436659154968	0.541179674841003	-0.480012082910462	0.444853572729187	-0.163043879663391	0.449936305761414	0.396686164342957	1.15520928128632	1.0397961623288	0.201467960912781	0.246625401708679	0.494113000158386	1.10567724338348	-0.274088392602844	0.525727350317078	1.02560410751923	0.454417332128601	0.833229809301453	0.42167812851532	-0.0527159183596801	0.89607562851532	0.42167812851532	0.860594382175476	0.208584532648132	0.44575699176532	0.39718027001532
SECTM1-cg02553663-17-80291775	0.398711056493835	0.373744561254578	0.0416473954830933	-0.398416262720032	0.487344979650574	0.368253145238953	0.139767323400574	0.342720258703308	0.13953409335907	0.172178346899109	0.236499193700867	0.419039619360046	1.08524864218719	0.216424886694031	0.958458262914734	0.360729357458191	0.459425886938171	0.37973454837616	0.344003932531433	1.03174478848846	0.463342338720398	0.355279755834656	0.376492919775085	0.842498690954285	1.07835837894257	-0.18361153151886	1.1830103644162	0.620682339819031	0.373001910497742	0.879552707189636	0.422299874853211	0.361278760229187	0.477997966283874	1.12289185935028	0.354023941320496	0.934376851659851	1.24621614377411	0.377844002233581	0.417487598302917	-0.285073534936829	0.464277847875671	-0.113452939966125	0.804884236181336	0.628336588720398	0.504359492101746	1.09510663998993	0.417995661108093	0.382387203283386	0.905525670019226	0.789762487829285	1.08534589255341	0.568359057043152	0.114568276159363	1.11140572775848	0.352307041235046	0.362864056921081	-0.408084700830383	0.464722954809265	0.404824502416687	0.517058687841492	1.20743254642303	1.04206266336639	0.222472544408874	0.440383342992859	0.527604783788757	0.688049382238464	0.951113625463562	-0.445608010522766	0.354444732397156	1.0580984895993	0.389881714208679	0.916423191381531	0.42167812851532	0.49030208164032	0.35305762851532	0.42167812851532	0.970596223175476	0.320451373648132	0.42685483276532	0.41608242901532
SEPT9-cg11991516-17-75447785	-0.334794891260071	0.428976613500671	0.102119447729187	0.542311789526062	-0.0477899681033325	0.494456197485046	0.453389375646667	0.120759310949402	0.466131145605164	0.449337399145203	1.00552624594696	0.32785667160614	0.751579694433289	0.470141938940125	0.291602315160828	-0.327839590295715	0.193270939184265	-0.324439399377746	0.404862984777527	0.440576840734558	-0.0978666090335083	0.71947780808075	0.0486809720211793	0.776169743200378	0.45746843118866	0.725650520727234	0.535498416662292	0.317640392065125	0.498400962743835	0.40865075943573	0.515204927099304	0.424843812475281	0.507064018529968	0.411571911596375	0.469841993566589	0.924564903905945	0.432382196020203	0.132712054479675	0.817117650549011	-0.050895482690735	0.519418900121765	0.846111112279968	0.971388288427429	-0.099746359033508	0.900144544347839	0.387332692236023	0.330056713354187	-0.19786974447052	0.11256672226532	0.422087540075378	1.1915879447995	0.419039109289246	0.377579328405456	0.278122780004578	0.96670009348114	0.421158109167175	0.52819735141571	-0.105893992944641	-0.00401644533721929	0.422168740087585	0.419448598669128	0.546392715612488	0.280484596654968	-0.0250906047610474	0.314714836034851	0.862878434484558	0.414348677709656	0.467125041723328	0.457797784643249	0.422060541845398	0.535861766454773	0.0724582436276245	0.42167812851532	-0.0206064183596802	0.86396612851532	0.42167812851532	0.195785397175476	1.05253454764813	0.42888500676532	0.41405225501532
SERPINB9-cg22336806-6-2903704	0.419282510717468	0.43009301547821	0.110897849706726	0.464655191503601	-0.322308566125793	0.415625599462585	0.386214777624207	0.888855712926941	0.396531547582703	0.312779801122742	0.3111016479245	0.507746073583679	0.470636096410828	0.486993340917664	0.302262717138367	-0.315784188318176	0.614925341161804	0.138048002599792	0.431461386755066	0.420050242712097	0.414284792944031	0.453445210058289	0.407130373998718	0.657596145177917	0.497098833166199	0.0839439227047729	0.420877818639832	0.567732794042664	0.507161364721374	0.402862161413269	0.468899329076843	0.49286221445282	-0.349694579492493	0.415022313573914	0.418716395544128	0.587055305883484	0.657339597997742	0.439226456457214	0.40104505252655	0.612156919286804	-0.369667697900696	0.239887514257507	0.362022690404968	0.676573042944031	0.266774946325378	1.00768809421356	0.437121115331726	0.487451657507019	0.580987124242859	0.409913942052918	0.402184346777039	0.399161511266785	0.795972730382996	0.412372181982117	0.424780495458679	0.431710511144714	-0.0856952466067505	-0.108088590967102	0.43051095664032	0.489698142065125	0.402684000646667	0.434313117590027	0.305354998632507	0.597784797216492	0.30318023801239	0.462179836462097	0.486975079687195	0.448722443700867	0.423991186620789	0.400260943822937	0.521322168432312	0.212839645605164	0.42167812851532	0.23673908164032	0.60662062851532	0.42167812851532	0.307447448136414	0.44215859860907	0.584802057726257	0.403845297976257
SET-cg13830163-9-131446087	0.420554182714539	0.396106687475281	0.857098521703797	-0.0340781364993286	0.525255105871277	0.396418271459656	0.165952449621277	0.626474384924011	-0.377551780420227	0.431679473119812	0.27566131992157	0.43781774558075	0.414012768407898	0.446057012914734	0.745958389135437	0.139434483678894	0.395017013158875	0.424427674596863	0.381852058752136	1.09302291470917	-0.0017355350588989	0.506425882055359	0.422301045995789	0.685733817174988	0.386360505163269	0.354808594701843	0.471303490636902	0.694929466039734	-0.336287963281555	0.978140833410339	0.420609001073914	0.38715088644989	-0.0972899074954224	0.384493985570984	0.480661067541199	0.985256977880554	0.437204269994812	0.440593128454285	-0.0161252754763794	0.579775591283874	-0.00204902590362543	0.492775186254578	0.698110362402039	0.396996714941101	0.817154618322449	1.18103276621063	0.449609787328796	-0.256355670495911	0.0606867962399293	0.855443614049988	0.381270018774109	0.388218183263855	0.972700402380066	1.13414385397919	0.57721616745575	0.383616183141785	0.0992644253903199	-0.0674919189700317	0.40401562863739	0.537757814062195	0.386257672643738	0.388647789587097	1.08596067062958	0.467569469213562	0.28115391000946	0.0726045084591675	0.922063751684265	0.417280115697937	0.398137858617859	1.17094261582001	-0.170080159570618	0.547107317602234	0.42167812851532	0.47051858164032	0.37284112851532	0.42167812851532	0.759512031136414	0.60208918160907	0.148780640726257	0.243914714976257
SETBP1-cg03654727-18-42643805	0.395253486425476	0.464062991186218	-0.044892174585266	-0.466686832788391	0.448967409582214	0.753106575170593	0.349472753332214	0.823219688634949	-0.45921547670929	0.40043177683075	1.07352462363251	0.529223049291687	0.352827072118835	-0.340781683374329	0.265294692846375	0.361239787389832	0.774226316869812	0.4331659783078	0.941175362463074	0.375200218420105	-0.487894231347962	1.1625261857663	0.323857349706726	1.05799212088593	0.349357808874207	0.607253898412781	1.07918679434784	0.821283769750671	0.466144340429382	1.16206613712128	0.0556893047848512	0.267777190160828	0.275612396215515	1.18818928928192	-0.274092628747864	0.572788281591492	1.16953957370575	-0.249869567834778	0.792435028234558	-0.366513105005188	0.303991277807312	0.683791489965515	0.396119666112976	0.649635018652039	0.0635779220333862	0.78526406992157	-0.217954908960266	0.475380633215027	-0.0404049000491333	0.357582917760925	0.310618322485046	1.03147748697479	0.0228407060910034	1.04598515769012	1.16512947116669	0.512992486852722	0.407798729101257	0.604669384740906	0.289511932348328	-0.443502882226868	0.303018976354675	1.16394609329803	0.944560974340515	0.7102877729245	0.190956213720398	0.235710812170105	1.0958400553952	-0.532309580591125	0.321532162328796	1.16690691953094	0.48335114414032	0.840482621313171	0.42167812851532	0.21228158164032	0.63107812851532	0.42167812851532	0.635532105034851	0.658874255507507	0.212170714624695	0.0993188448746948
SFRP2-cg14435644-4-154711070	0.560532398901062	0.444154903661804	0.08002173789032	0.335811079687195	0.4201483220578	0.440773487646179	0.4759036658078	0.816731601110535	0.528877435766296	0.557922689306335	0.286856536108093	0.566621961767273	0.419494984594421	0.495237229101257	0.26052460532196	0.303402699865418	0.432488229345398	-0.335333109216614	0.41657227493866	0.448722130895691	0.509251681127625	0.471240098241882	0.490061262182312	0.345744033361511	0.731321721349793	0.0470318108883667	0.898953706823425	0.307041682226257	-0.313365747095032	0.388178049596863	0.523517217260437	0.412433102636414	-0.427714691308899	1.10822720175751	0.508309283727722	1.04380719406708	1.08093148618134	0.513541344640808	0.0479299407101441	-0.223238192529602	0.538620190282898	0.537100402441101	0.319801578588562	0.561921931127625	0.315678834508972	0.367753982397156	0.40622700351532	0.478578545690613	0.231330012426453	0.423817830236511	1.10011023496063	0.549067399450379	0.368801618566589	0.340238070165711	0.561324383642273	1.02003539932831	-0.382522358423157	-0.159121702783508	0.509613844823914	-0.328873969751282	0.393513888830261	0.395488005773621	0.772285886816101	-0.0574323145999145	0.767723126195984	0.881098724645691	0.384461967870789	0.12138133188446	0.402795074804382	0.400141832006531	0.288660056615906	0.875023533788757	0.42167812851532	0.36390108164032	0.47945862851532	0.42167812851532	0.560912978042664	0.36294212851532	0.483090587632507	0.261940578882507
SGEF-cg26777729-3-153840536	-0.433166672510071	0.686255832250671	0.832002666479187	-0.409915991723938	0.228360250646667	0.379216416235046	0.424719594396667	0.597904529699402	0.415250364355164	0.414852617895203	0.45709346469696	0.20870989035614	0.360446913183289	0.331481157690125	0.974371533910828	0.440693628454285	0.607744157934265	0.429898819372253	0.604050203527527	1.07511305948456	0.410780609716492	0.36047402683075	-0.411329809228821	0.718632961950378	1.06170564993866	0.571529739477234	1.11711163541229	0.486653610815125	0.355217181493835	0.98557597818573	0.448775145849304	0.630989031225281	-0.466831762720032	0.353867130346375	0.347639212316589	0.516540122655945	1.2258354147702	0.410399273229675	0.104621869299011	0.581940736059265	-0.430251881128235	0.735079331029968	0.417355507177429	0.461332859716492	0.748290763097839	1.00761691098602	0.0531869321041872	0.38504647427948	0.82349594101532	0.344135758825378	0.4375231635495	0.347370328039246	0.862465547155457	1.05484199875458	0.35633831223114	0.373030327917175	0.37545457016571	0.597791225805359	0.409959773412781	-0.295582041162414	0.430906817419129	0.374459934362488	0.759308815404968	0.535137613988953	0.919792054784851	0.204737653234558	0.382349896459656	0.347701260473328	0.33878600339325	0.337255760595398	0.216140985204773	0.589168462377624	0.42167812851532	0.35644308164032	0.48691662851532	0.42167812851532	0.962557859675476	0.283575010148132	0.49166546926532	0.35127179251532
SGK1-cg03762694-6-134499419	-0.374917875024719	0.379113629736023	0.870558463964539	0.417436805761414	-0.337354951867981	0.374173213720398	0.396260391882019	0.650746327184753	0.432563161840515	0.417110415380554	0.271285262182312	0.341504687841492	0.40882971066864	0.155405955175476	0.269245331396179	0.423573425939636	0.723848955419617	0.419687616857605	0.348487001012878	0.80454685696991	0.391960407201843	0.370345824316101	0.399093988256531	0.38037875943573	1.12519644742401	-0.185755463037415	0.609805432897644	0.616144408300476	0.483074978979187	0.364128775671081	0.433914943334656	0.524222828710632	0.26534203476532	1.12939092783173	0.430132009801941	0.481529920141296	1.20561721225555	0.374370070715027	0.507646666784363	0.359310533544617	0.434407916357117	0.42167812851532	0.953052304662781	-0.141642342798157	0.484152560583191	1.06138870847137	0.306492729589539	0.423586271764832	0.789092738500671	0.83134355631073	1.15997196103485	0.918640125524597	0.943992344640808	0.619447796239929	0.400002109716492	0.952225125402527	-0.329925632348938	-0.0961569767092896	0.384057570898132	-0.170111243677063	0.55886861490448	0.423780731847839	0.22564361289032	0.540968411474304	0.288363852270203	0.46305745071991	0.801841693945007	0.396361057958679	0.388268800878601	0.36490755808075	-0.220536217309876	0.839742259862976	0.42167812851532	0.47879408164032	0.36456562851532	0.42167812851532	0.917231655675476	0.251102806148132	0.43752626526532	0.40541099651532
SH3BP4-cg01696784-2-235904501	-0.373287683008118	0.405179821752625	0.0143316559811402	-0.286328002221985	-0.425038759851379	0.409793405737	0.381359583898621	0.864132519201355	-0.138343646142883	-0.410827392602844	1.06582545419891	-0.0579341201419067	1.14300590268524	0.00036314719207764	0.812522523412781	0.307954617956238	0.504935147436218	-0.346640191125793	0.66974019302948	0.481417048986511	-0.578122400781555	0.652623016332703	0.152583180273132	1.08573895145233	1.12632863944061	0.435749728979187	1.15946062491425	0.810520600317078	-0.274005829004211	0.435386967687683	0.365502135351257	1.11522602072723	-0.0551317732180786	1.17951911984833	-0.185075798181457	0.982880112157898	0.610935404272156	-0.490641737268371	0.735698858800964	-0.297971274438782	-0.546597891626282	-0.128838679468078	0.872308496679382	0.198030849218445	0.725509752599792	0.282232900487976	-0.30848707839386	-0.133888536218567	0.020423930517273	1.15228374832733	0.883238153051453	1.1113743175412	0.90854453665741	0.166002988256531	0.959418301733094	0.815028317419128	-0.463029440332336	-0.270893784692688	-0.158995237085266	-0.467047051660461	0.441335806921082	1.14776992386444	0.279820804906921	0.675067603490906	0.770877044286804	-0.0419813572634887	1.17190388596161	-0.422388750024719	0.722768992895203	1.17499375009735	0.457475974706726	0.545729451879578	0.42167812851532	-0.19597691835968	1.03933662851532	0.42167812851532	0.163105565175476	0.822961715648132	0.47309817476532	0.36983908701532
SH3BP4-cg20477160-2-235936596	0.420096423925476	0.405658928686218	0.070161762914734	0.422956104711609	-0.332256652917785	1.23105751267059	0.429257690832214	0.926994626134949	0.0329144607907104	0.17595871433075	0.454097561132507	-0.185771013208313	1.03275900961884	0.492830254125671	0.356850630346375	-0.316600275110168	0.195592254369812	0.4451159158078	0.709606299963074	0.528133155920105	-0.433393293847961	1.2026121232663	0.221280287206726	1.11991305838593	0.520885746374207	-0.155024164087219	1.19700273184784	0.673796707250671	-0.293334722070618	0.423352074621277	0.434363242284851	0.461059127660828	0.371181333715515	0.381726226781921	0.392662308752136	1.04148921909149	0.37470451120575	0.319189369665222	0.577441965734558	-0.222943167505188	-0.276295784692688	-0.0591265725344848	0.536106603612976	-0.0490660438479614	-0.0176031404666138	0.35745000742157	-0.443409971460266	-0.187477429284973	0.891493037450867	0.437769855260925	0.421682259985046	1.13278142447479	0.657045643591003	0.909828095190125	0.524887408666687	0.712453424352722	-0.397977333398743	-0.00558967775909425	0.230345869848328	0.485002055273132	0.386146913854675	0.448428030798035	0.279555911840515	0.744326710424499	0.302995151220398	0.799512749670105	0.714358992895203	-0.399446643091125	0.608119099828796	0.454089857030945	-0.16474191835968	0.828107558813171	0.42167812851532	-0.0318689183596801	0.87522862851532	0.42167812851532	0.692827605034851	0.890132755507507	0.154875214624695	-0.582294069125305
SH3BP4-cg24995678-2-235936394	0.500282763647156	0.389611268407898	0.0528071026364137	0.463930444433289	-0.375263313196106	1.29685485239227	0.327678030553894	0.968445965856628	-0.0487081994876098	-0.0496209459475707	0.413596900854187	-0.158251673486633	0.530341349340515	0.245814593847351	0.349114970068054	-0.365616935388489	0.114961594091492	0.53539025552948	0.680701639684754	0.517217495641785	-0.489549954126282	1.16086246298798	0.0239716269284059	0.692721398107605	0.468284086095886	0.0799021756344605	1.25994207156952	0.482047046972351	-0.285484382348938	0.359059414342957	0.475096582006531	0.754374467382507	0.417689673437195	0.441328566503601	0.435173648473816	1.06608355881317	0.364687850927429	0.165791709386902	0.423303305456238	-0.278491827783508	-0.437262444971008	-0.104261232812805	0.442782943334656	-0.0895817041262816	-0.037057800744934	0.36872434714325	-0.465333631738587	-0.153510089563294	0.849093377172546	0.490562194982605	0.453476599706726	1.18814376419647	0.696835983312683	0.814573434911804	0.580824748388367	0.735612764074402	-0.423270993677063	-0.134820338037415	0.152069209570007	0.540764394994812	0.378772253576355	0.564294370519714	0.336216251562195	0.779997050146179	0.325617490942078	0.861963089391785	0.577598332616882	-0.452835303369446	0.572775439550476	0.452735196752625	-0.143008578638001	0.922226898534851	0.42167812851532	0.0522970816403198	0.79106262851532	0.42167812851532	0.660939105034851	0.864957255507507	0.186763714624695	-0.644814277125305
SH3TC1-cg23651808-4-8200974	0.432838095922547	0.410542600683289	0.594219434911804	-0.326842223291321	0.142534019079285	0.457086184667664	0.422552362829285	0.109633298132019	0.436380132787781	0.42070638632782	0.285302233129578	0.495564658788757	0.416248681615906	0.397762926122742	0.697365302343445	0.438684396886902	0.504868926366882	0.183840587804871	0.442959971960144	0.413244827917175	0.434685378149109	0.403173795263367	0.424106959203796	0.405927730382996	0.433150418371277	-0.128878492090149	0.43668940384491	0.214931379247742	0.479001949926453	0.473072746618347	0.426039914281921	0.422550799657898	0.453119005712586	0.521003898778992	0.371936980749207	0.509591891088562	0.42369518320282	0.384184041662293	0.342656637731628	0.412409504491882	-0.398175112695618	0.617065099462585	0.386391275610046	-0.0297613718508911	0.361701531530457	0.38290267941864	0.448933700536804	0.406908242712097	0.0857817094479371	0.420595527257996	0.430821931982117	0.395422096471863	0.710585315588074	0.263174767187195	0.495469080663757	0.422030096349792	0.485579338598328	0.496117994237976	0.423250541845398	0.547632727270203	0.419162585851746	0.441339702795105	0.294729583837585	-0.0612906175784302	0.318613823217468	0.765831421667175	0.437469664892273	0.405208028905945	0.422281771825867	0.430673529028015	0.49357975363739	0.0947182308102417	0.42167812851532	0.59420658164032	0.24915312851532	0.42167812851532	0.308088978042664	0.38516312851532	0.460869587632507	0.495436250882507
SHANK1-cg08447324-19-51170816	-0.411148966455383	0.482565538305359	0.828895372533875	0.46131971433075	0.491827956701355	0.349420122289734	0.422764300451355	0.0309872357540895	0.419477070409851	0.45127732394989	0.486028170751648	0.172699596410828	0.326487619237976	0.382966863744812	0.735433239965515	0.426401334508972	-0.00606713601104719	-0.415654474573059	0.319232909582215	0.335797765539246	-0.506177684228821	0.342811732885437	0.442559896825867	0.783978668005066	0.519497355993347	-0.205441554468079	0.47470534146698	0.080250316869812	0.492289887548523	0.332436684240418	0.312871851903992	1.22611473727997	0.245649943334656	0.741778836401062	0.421589918371277	0.336697828710632	1.17138912082489	0.399639979284363	-0.0679764246463012	0.546132442113953	0.484441824926453	0.775528037084656	0.258335213232117	0.555753565771179	0.795389469152527	0.524440617040711	0.197445638158875	-0.256360819665832	0.503247647070007	0.718928464880066	0.950994869604187	0.866864034093933	0.412386253210144	0.932069704809265	0.335609018285828	0.336197033971863	0.479829276220398	0.141691931860046	0.423138479467468	-0.386536335107727	0.770242523473816	0.333644640417175	0.210716521459656	0.0143773200436403	0.391074760839539	0.667880359289246	0.924141602514343	0.431064966528015	0.331378709447937	1.02277646665009	0.143785691259461	0.312551168432312	0.42167812851532	0.19691408164032	0.64644562851532	0.42167812851532	1.06026997804266	0.34727112851532	0.498761587632507	-0.215747723117492
SHANK1-cg16658931-19-51171061	-0.426926338647766	0.363327166112976	0.834223000341492	0.495293342138367	0.530899584508972	0.350089750097351	0.411974928258972	0.0969408635617065	0.422239698217468	0.478604951757507	0.260529798559265	0.0926592242184449	0.337751247045593	0.418419491552429	0.969502867773132	0.472654962316589	-0.0132975082034302	-0.412699846765442	0.324100537389832	0.340079393346863	-0.498173056421203	0.340433360693054	0.429739524633484	0.721904295812683	0.955738983800964	-0.126108926660461	0.349863969274597	0.572573944677429	-0.37300048464386	0.336268312048035	0.389208479711609	1.24162136508759	0.304332571142273	1.16794346420868	0.425795546178894	1.00850345651825	0.904017748632507	0.46528260709198	-0.0634417968386841	0.26476406992157	0.48927645273407	0.678159664892273	0.258576841039734	0.0789381935787964	0.816870096960144	0.443873244848328	0.440634265966492	-0.331130191858215	0.455342274877625	0.359057092687683	1.1590184974118	0.69882966190155	0.709621881017761	0.868605332616882	0.360010646093445	0.36848566177948	0.463436904028015	-0.164045440332336	0.447434107275085	-0.38553970730011	1.15525615128143	0.335691268224792	0.216756149267273	0.219328947851257	0.244240388647156	0.596518987096863	1.10851223032196	0.440671594335632	0.346416337255554	1.0962480944577	0.463550319067078	0.825771796239929	0.42167812851532	0.18783808164032	0.65552162851532	0.42167812851532	1.01474797804266	0.35782812851532	0.488204587632507	-0.276482894117492
SHANK2-cg14537332-11-70508113	-0.354158596704407	0.435446908056335	0.0988507422848512	0.408657084081726	0.534800326452332	0.44402249204071	0.386649670202331	0.124200605505066	0.384144440160828	-0.301922306299133	0.967358540502625	-0.210974033838196	0.440458988988953	0.367037233495789	0.333265609716492	0.444398704259949	0.681602233739929	0.440742895177918	0.538960279333191	0.422042135290222	0.373572685522156	0.453280102636414	0.403340266576843	0.892067037756042	0.434027725744324	0.631524815282898	0.410900711217957	0.561962686620789	0.4492742572995	0.407871053991394	-0.354641778345032	0.437064107030945	0.0796033130856324	0.421716206152039	0.306166288122253	0.229899198461609	0.422961490575867	0.353614349035339	0.762478945104675	0.536529811864929	-0.386184805322571	0.739260406835632	0.724931582983093	-0.0903990644778441	0.0222338389035035	1.16211998679169	0.347778007909851	0.491885550085144	0.087782016820984	0.430970834631043	1.15434823935516	0.58020640384491	0.179680622961121	0.441815074560242	0.427589388036804	0.544964403722839	0.459484645971375	0.669245301611023	0.404988849218445	0.00308303464324955	0.974795893224793	1.09792301016815	0.284768891210632	0.0668956897946167	0.322549130590515	0.0221267290402222	0.41603497226532	0.421013336278992	0.454248079198914	0.410061836401062	0.465523061010437	0.0754365381832885	0.42167812851532	0.32207008164032	0.52128962851532	0.42167812851532	0.920671205175476	0.337469355648132	0.47627881476532	0.36665844701532
SHANK2-cg21202716-11-70508022	-0.346039877099915	0.432711627660828	0.102329461889343	0.505782803686218	0.572770046056824	0.438202211645203	0.473173389806824	0.115632325109558	0.44150815976532	-0.326232586694641	1.00768126010712	-0.196102314233704	0.404773708593445	0.425624953100281	0.312799329320984	0.460674423864441	0.717584953344422	0.51105461478241	0.432889998937683	0.423818854894714	0.433863405126648	0.419143822240906	0.408658986181335	0.932401757360535	0.416528445348816	0.71359353488739	0.400386430822449	0.466922406225281	0.485577976903992	0.410701773595886	0.0259839412594606	0.434452826635437	0.0474500326901245	0.411862925756531	0.262918007726746	0.390221918066101	0.422961210180359	0.383598068639832	0.243275664709167	0.610224531469421	-0.381396085718079	0.833681126440125	0.970769302587585	-0.094758344873352	0.0140705585079957	0.490194706396179	0.476716727514343	0.453387269689636	0.137916736425476	0.417271554235535	0.444864958959656	0.426392123449402	0.166367342565613	0.315211794164734	0.410992107641296	0.452083123327332	0.504352365575867	0.717840021215515	0.463362568822937	0.225270754247742	1.28282461282928	1.14025072977264	0.293185610815125	0.238446409399109	0.342968850195007	0.00336844864471447	0.417697691869812	0.452221055883484	0.422404798803406	0.408896556005554	0.485459780614929	0.0701552577877808	0.42167812851532	0.34961108164032	0.49374862851532	0.42167812851532	0.170887610636414	0.37883476110907	0.479565220226257	0.467169135476257
SHISA3-cg01462545-4-42401242	0.399468361181336	0.417226865942078	0.0770337001705933	0.386609041967468	0.0693372843380738	0.411390449926453	0.418546628088074	0.295617563390808	0.47455139804657	0.303845651586609	0.302912498388367	0.586157924047546	0.705693946874695	0.451781191381531	0.303105567602234	0.0456476621456909	0.787905191625671	0.0257318530636597	0.421070237218933	0.442214093175964	0.449094643407898	0.418672060522156	-0.344105775537415	0.958382995641785	1.04681168363007	0.60713077316864	0.528720669103699	0.832763644506531	0.517678215185242	0.483276011877136	0.436495179540711	1.18576506491669	0.108766270971375	0.409735164037781	0.434366246007996	0.654815156347351	1.24092144846161	0.427254306921082	0.749511902990418	-0.00718923024932866	0.271675152563171	0.480826364721375	0.421093540868835	0.296887893407898	0.345748796789246	0.347988944677429	0.440652965795593	0.490466507970886	0.130978974706726	0.412301792516785	0.936336197240906	0.437801361730652	0.916712580846863	0.645507032445984	0.387680345922546	0.405684361608582	0.502727603857117	-0.108815740503235	0.413509807104187	-0.322199007471008	0.388793851110535	0.365746968053894	0.279098849096375	0.666179647680359	0.562460088476257	0.677786686925965	0.420336930151062	0.420765294164734	0.499833037084656	0.429568794286804	0.393204018896179	0.901803496069031	0.42167812851532	0.58957158164032	0.25378812851532	0.42167812851532	0.792209478042663	0.33768862851532	0.508344087632507	-0.276059369117493
SHISA3-cg05603881-4-42401149	0.422564754003601	0.402100258764343	0.0653130929928589	0.401075434789734	0.411776677160339	0.390338842748718	0.386960020910339	0.291674956213074	0.418424790868835	0.374545044408874	0.293261891210632	0.522797316869812	1.15738633969696	0.430595584203796	0.559191960424499	0.456521054967957	0.735492584447937	-0.0719437541140747	0.675628630041199	0.48474648599823	0.452394036230164	0.382226453344421	-0.355854382715149	0.65705538846405	0.817310076452332	0.636990165990906	0.948154061925964	0.755213037328796	0.450149608007507	0.450129404699402	0.449032572362976	0.627956457738953	0.0290576637936402	0.382460556860046	0.423794638830261	0.366082549169617	1.19591484128387	0.423400699743347	0.676610295812683	-0.0755038374270631	0.283234545385437	0.37872075754364	0.298934933691101	0.204046286230164	0.413372189611511	0.364562337499695	0.408554358617859	0.467731900793152	0.267022367528992	0.40003718533905	0.546852590063171	0.431374754552917	0.871337973669128	0.79465142526825	0.384770738744812	0.404249754430847	0.467353996679382	-0.101586347680969	0.414875199926453	-0.338451614648743	0.4047842439328	0.36788136087616	0.25128424191864	0.511679040502624	0.784759481298523	0.54318107974823	0.409727322973328	0.431076686987	0.449802429906921	0.45985918710907	0.266003411718445	0.859499888891296	0.42167812851532	0.58370758164032	0.25965212851532	0.42167812851532	0.970967978042664	0.36189212851532	0.484140587632507	0.104338588882507
SHOX2-cg20501518-3-157821919	0.50302589035614	0.512107395116882	0.870976229345398	0.461730571142273	0.484451813512878	0.413530979101257	0.408318157262878	0.698158092565613	0.402365927221374	0.468634180761413	1.03690402756317	0.255290453222351	0.4422424760495	0.432918720556335	0.308846096777039	-0.141779808679504	0.0996887208004761	0.368427382238464	0.881910766393738	0.409486622350769	0.456595172582703	0.41398358969696	0.42266775363739	0.533316524816589	0.412930212804871	-0.0224516976565552	0.396796198278503	0.379807173681335	0.137105744360046	0.427057541051941	0.482415708715515	0.414707594091492	0.481287800146179	0.410491693212585	0.4014897751828	0.412358685522156	1.16518697763641	0.452703836095886	0.0138214321652222	-0.241165701074524	0.492480681737976	0.363825893896179	0.89970207004364	0.337296422582703	0.82363632596405	0.714835473852234	0.468920494970398	0.482144037145691	0.939637503881531	0.790945321691589	0.41099172641571	0.403327890905457	0.573753110021668	0.331757561620789	1.04875987509735	0.416823890783386	0.0739581330319214	0.51916578867157	0.448765336278992	0.568274521703796	0.420706380285339	0.397606497228699	0.395263378271179	0.470346176855164	0.930051617651062	0.040870216100769	0.417744459325867	0.436120823339538	0.44193456625946	0.395074323461609	-0.235760451929016	0.286284025243835	0.42167812851532	0.19049508164032	0.65286462851532	0.42167812851532	0.281888478042664	0.49047162851532	0.355561087632507	0.530542179882507
SIX1-cg02162886-14-61114145	0.446561368749695	0.359209873510437	0.875079707738953	0.435655049535828	0.509389291906433	0.354037457494812	0.331547635656433	0.592748570959167	0.377634405614929	0.414868659154968	0.213113505956726	0.472743931615906	0.335730954443054	0.34328219894989	0.194631575170593	0.41765966971405	0.576906199194031	0.426225860632019	1.00615124478729	0.404209100744324	0.432216650976257	0.338349068090515	-0.364292767969055	0.314767003210144	0.524952691198425	0.381014780736999	0.331462676672058	0.67127465207489	-0.246662777246399	0.335511019445496	0.40656718710907	1.08034907248505	0.450642278539734	0.77718917160614	0.359143253576355	0.70905516391571	1.24489245602997	-0.106946685510559	0.654187910558777	-0.0189102226809694	0.434778160131531	0.750304372289734	0.315963548437195	0.579402900976257	0.610490804357605	0.316630952245789	0.405694973363953	0.387229515539246	0.900519982275085	0.942006800085144	0.343795204809265	0.558755369299011	0.923828588415222	0.764198040014343	1.02249135349091	0.335867369176941	0.422606611425476	0.622145267065124	-0.497822185327454	0.419376000097351	0.921817858678894	0.334436975622253	1.00602985666473	0.472868655248718	0.254624096044617	0.391201694494324	0.327911937719421	0.382946301733093	0.335380044653015	1.12888980185516	0.444553026464539	0.86223050363739	0.42167812851532	0.42168158164032	0.42167812851532	0.42167812851532	0.676530113175476	0.282398263648132	0.41772472276532	0.42521253901532
SKI-cg15564619-1-2163437	0.487561825658875	0.426238330419617	0.0892941646481324	0.167758506445007	-0.337392251184387	0.437748914403992	0.451378092565613	0.787573027868347	0.324988862524109	0.186442116064148	0.300751962865906	0.483288388525085	1.07878341135223	0.32931765585907	0.264984032079773	0.48820512662323	0.49213365610321	-0.334561682458801	0.484800701696472	0.408535557653503	0.499802107885437	1.22444052499969	-0.125273311059875	0.966986460119324	1.1617951481076	-0.118168762353821	1.01556413358124	0.16222610898407	0.418035679662781	1.24745947635468	0.0276296440182496	1.33471352939423	-0.388562264551086	0.42514462851532	0.416021710485535	1.00292262082489	1.31088391293915	0.456118771398621	0.0152663674679566	0.39495323422821	0.51769561704071	0.0550638291989136	0.399439005346374	-0.100194642114563	0.0112432612667847	0.371830409154968	0.473889430273132	0.226672972448425	0.0917964391842652	0.419691256994324	0.465290661718445	0.578531826208191	0.682180045324402	0.307402496923523	0.529261810400085	0.471228826086121	-0.340055931665344	-0.129800276025696	0.150752271581726	0.364286457006531	0.749306315588074	0.411712432531433	1.09278231357391	0.355902112157898	0.323402552953796	0.672206151403503	1.0428093946286	0.456238758642273	0.405115501562195	1.23930825876434	0.543313483373718	0.93120996054657	0.42167812851532	0.38186658164032	0.46149312851532	0.42167812851532	0.766394978042664	0.62282712851532	0.223205587632507	-0.181889004117492
SLC12A8-cg26107890-3-124860686	0.47373724960907	0.334315754369812	0.920712588598328	0.498176930395203	0.518190172765808	0.342281338354187	0.421428516515808	0.660013451818543	0.392412286474304	0.494899540014343	0.199537386816101	0.470757812475281	0.305525835302429	0.423898079809265	0.983815456029968	0.464137550573425	0.673441080053406	0.470131741491394	0.998228125646668	1.1318369816037	0.440672531835632	0.32366194894989	0.42824311289032	0.277982884069519	0.3146705720578	-0.198562338403625	0.349457557531433	0.751411532934265	0.478613103612976	0.320722900304871	0.489816067968445	0.328853953344421	0.450248159399109	0.318025052465515	0.44627613443573	0.173733044775086	0.322856336889343	0.456741195348816	0.843628791418152	0.532327658178406	0.455043040990906	0.795518253149109	0.98391742929657	-0.115759218164368	-0.0737373147830201	0.297296833105164	0.432130854223328	0.433898396398621	0.342448863134461	0.328005680944519	0.42540408566864	0.318338250158386	0.975774469274597	0.179449920873718	0.336141234350281	0.319174250036316	0.478546492284851	0.6845531479245	0.436812695531921	0.538782880956726	0.326593739538269	0.318177856481628	0.185784737524109	0.388687536108093	0.220890976903992	-0.0452434246463013	0.313410818578796	0.419553182592468	0.32700292551239	0.313364682714539	0.340374907323914	0.0474433844967651	0.42167812851532	0.39096458164032	0.45239512851532	0.42167812851532	0.124891127636414	0.32170927810907	0.546897737226257	0.524294618476257
SLC13A5-cg13545212-17-6617192	0.566046092382507	0.45842659714325	0.893137431371765	0.57635577316864	0.231291015539246	0.443676181127625	0.509365359289246	0.14021529459198	0.503537129247742	0.351787382787781	0.349315229589539	0.409103655248718	0.424058678075867	0.516782922582703	0.315080298803406	0.379163393346863	0.0802929228268432	0.496374584264831	0.418114968420105	0.460568824377136	0.51245037460907	0.431939791723328	0.494963955663757	0.426900726842957	0.418442414831238	-0.0610234956301881	0.419711400304871	0.162140375707703	0.448522946386414	0.421138743078308	-0.0984610892581176	0.427096796117859	0.508992002172546	0.432485895238953	0.468714977209167	0.228543887548523	0.414498179662781	0.520206038122253	0.0667056341915893	-0.151958499048157	0.540363883764343	0.126442095922546	0.346354272070007	0.66188162460907	0.0311375279904175	0.517570675878601	0.454518696996765	0.0389522391720581	0.946550705907898	0.430558523717957	0.437143928442078	0.397577092931824	0.189879312048035	0.294630763647156	0.439716077123718	0.429476092809753	0.168745335058289	0.741153990697937	0.519659538305359	-0.255152276269836	0.425809582311707	0.418001699255066	0.355617580297546	0.336998378881531	0.409942819677429	0.0555204181271362	0.411780661352234	0.505396025365906	0.425911768285828	0.427282525487976	-0.199389249902649	0.0954592272702026	0.42167812851532	0.16130108164032	0.68205862851532	0.42167812851532	0.352773151995789	0.497996302468445	-0.0378462384143677	0.664964641835632
SLC22A11-cg08561825-11-64333366	-0.468915936670227	0.279677568090515	0.00223640231903088	-0.461043255884094	0.380448986486511	0.51190815207489	0.345220330236511	0.823550265539246	0.336498100195007	-0.0302226462649536	1.0083762005368	0.489761626195984	0.508014649023132	-0.380719106470032	0.969479269750671	0.343426364294128	0.774577893774109	-0.346042444787903	0.733844939367371	0.464020795324402	-0.657643654443665	0.697746762670593	0.326835926611023	1.08210269779022	0.443495385778503	-0.234845524682922	1.08885937125214	0.855982346654968	0.405659917333679	0.836672714025574	-0.529209118310852	0.739556767065125	-0.644568026880188	1.06516986618622	0.293750948156433	0.803973858495789	1.03459515061005	-0.549414990930481	-0.037488394861145	0.469077471899109	-0.601219145288391	0.113900066869812	0.822356243017273	0.531492595556335	-0.183386501062317	0.222331646825867	0.204615667944031	0.463007210119324	-0.0827253231448363	0.413498494665222	0.969747899389343	0.892387063879089	0.8821882829953	0.253032734594421	1.11174204807098	0.649484063757019	0.348524306005554	-0.274454038354797	-0.395767490747375	-0.529685305322571	0.275220553258972	0.491123670202332	0.180140551244812	0.658381349828796	0.257139790624695	0.694917389074402	0.6015466322995	0.326592996313171	0.536546739233093	0.722292496435242	0.429591721044617	0.739510198217468	0.42167812851532	0.15032758164032	0.69303212851532	0.42167812851532	0.508077978042664	0.46998112851532	0.376051587632507	0.345472720882507
SLC26A10-cg04963424-12-58013645	0.420661754003601	0.504527258764343	0.076526092992859	0.474170434789734	0.0311076771603394	0.326694842748718	0.411259020910339	0.735013956213074	0.420327790868835	0.254491044408875	0.228043891210632	0.515487316869812	0.35457633969696	0.384689584203797	0.2480399604245	0.438376054967957	0.342723584447937	0.462639245885925	0.430636630041199	0.43675748599823	0.439928036230164	0.544481453344421	0.431635617284851	0.45751238846405	0.333758076452332	0.652157165990906	0.329139061925964	0.505129037328796	-0.287013391992493	0.934179404699402	0.474991572362976	0.313579457738953	0.39069166379364	0.351411556860046	0.423814638830261	0.964058549169617	0.318716841283875	0.435754699743347	0.201057295812683	0.043665162572937	0.0469255453854371	0.59040475754364	0.618920933691101	0.658562286230164	0.809911189611511	0.754049337499695	0.432216358617859	0.456778900793152	0.00542636752899195	0.42697418533905	0.379324590063171	0.413126754552918	0.328146973669128	0.23931842526825	0.418072738744812	0.519631754430847	-0.119741003320618	0.0396756523190308	0.433351199926453	0.525878385351257	0.3712582439328	0.40461336087616	0.25684024191864	0.171299040502625	0.349597481298523	0.76338807974823	0.306891322973328	0.450165686987	0.449226429906921	0.46906718710907	0.482615411718445	-0.0121181111087035	0.42167812851532	0.51471958164032	0.32864012851532	0.42167812851532	0.263093105034851	0.685623255507507	0.584609714624695	0.223903181874695
SLC26A10-cg14494721-12-58013636	0.428331617284851	0.602232122045593	0.118520956274109	0.471246298070984	0.177772540441589	0.335283706029968	0.382492884191589	0.732563819494324	0.387718654150085	0.253813907690125	0.202881754491882	0.494406180151062	0.35432820297821	0.358197447485046	0.38877482370575	0.443486918249207	0.403128447729187	0.460648109167175	0.406341493322449	0.45762434927948	0.436573899511414	0.483852316625671	0.402618480566101	0.4103682517453	0.387681939733582	0.644220029272156	0.412984925207214	0.556462900610047	-0.180397528711243	0.973289267980652	0.470851435644226	0.323158321020203	0.42003352707489	0.382924420141296	0.400746502111511	0.883116412450867	0.329233704565124	0.431434563024597	0.303102159093933	-0.249679974145813	0.119592408666687	0.69807662082489	0.680417796972351	0.665241149511414	0.783949052892761	0.558115200780945	0.424752221899109	0.431605764074402	0.0439292308102418	0.4982200486203	0.375754453344421	0.422623617834168	0.430281836950378	0.2484792885495	0.474448602026062	0.498466617712097	0.135393859960632	0.0343145156002807	0.427846063207703	0.545989248632507	0.33457910721405	0.51288122415741	0.24125710519989	0.130768903783875	0.314507344579773	0.71126594302948	0.312258186254578	0.454331550268249	0.463082293188171	0.49319605039032	0.420931274999695	-0.0103692478274536	0.42167812851532	0.57118058164032	0.27217912851532	0.42167812851532	0.271752605034851	0.673003755507507	0.575950214624695	-0.0600310751253051
SLC26A4;LOC286002-cg04473302-7-107301217	0.406142938451843	0.438062443212585	0.109635277441101	0.442667619237976	-0.289058138391418	0.430712027196961	0.469658205358581	0.702175140661316	0.459593975317078	0.343238228857117	0.299449075658875	0.279791501318054	0.411676524145203	0.354814768652039	0.609174144872742	0.526316239416199	0.550751768896179	0.452931430334167	0.416118814489441	0.420310670446472	0.473826220678406	0.466495637792664	0.381586801733093	0.390394572912293	0.424588260900574	0.098487350439148	0.510643246374207	0.531492221777039	0.221002792455749	0.629071589147644	0.470914756811218	1.24922764218719	-0.243717151758118	0.410449741308289	0.499228823278503	0.352608733617859	0.429578025732117	0.489751884191589	0.677197480260925	-0.197804652978821	0.378527729833679	0.382686941991882	0.329885118139343	0.726596470678406	0.505807374059753	0.395414521947937	0.389696543066101	0.049258085241394	0.0957585519772339	0.429142369787293	0.413020774511414	0.40196193900116	0.470156158117371	0.685280609716492	0.427938923193054	0.418767938879089	0.526516181127625	0.406779836767273	0.440584384374695	0.4575625697995	0.499974428381043	0.427593545324402	0.281222426366882	0.446125224950867	0.318760665746765	0.317160264196472	0.40873850742157	0.377990871435242	0.419025614355164	0.430301371557312	0.0257755961666869	0.961103073339539	0.42167812851532	0.48139608164032	0.36196362851532	0.42167812851532	0.195374275136414	0.36234742560907	0.520971884726257	0.483656470976257
SLC26A4;LOC286002-cg21322654-7-107301048	0.423509497533875	0.318350002294617	-0.00286516347686749	0.389859178320007	0.462481420690613	0.338079586278992	0.421305764440613	0.653729699743347	0.427798534399109	0.414466787939148	0.202157634740906	0.468774060400086	0.353893083227234	0.40861132773407	0.743193703954773	0.41759579849823	0.75825832797821	0.453376989416199	0.323341373571472	0.370618229528504	0.365956779760437	0.341636196874695	0.423702360815125	0.464653131994324	0.649217819982605	0.656174909521179	0.347701805456238	0.34312478085907	0.480463351537781	0.653530148229675	0.43158031589325	0.421624201269226	0.0766374073239136	0.78383530039032	0.414199382360535	1.01339629269989	0.347132584814148	0.376067443273621	0.765297039342957	-0.18010509389679	0.39595228891571	0.741882501073914	0.269005677221375	0.694789029760437	0.799447933141785	0.826318081029968	0.386118102148132	0.512105644323425	0.0109091110592651	0.427439928869324	0.330937333593445	0.972038498083191	0.849818717199402	1.04922716879852	1.11866248227509	0.497083497961121	0.276505740209656	0.215185395849304	0.359411943456726	0.454159128881531	0.323639987463074	0.926081104406433	0.193158985448914	0.682380784032898	0.258420224828796	0.619621823278504	0.358105066503601	0.404421430517273	0.347487173437195	0.338554930639343	0.430300155248718	0.63143563242157	0.42167812851532	0.54698108164032	0.29637862851532	0.42167812851532	0.154754899636414	0.32784405010907	0.561923509226257	0.518159846476257
SLC29A1-cg11452354-6-44187052	0.427842570531921	0.325144075292664	0.785365909521179	0.393527251318054	0.24558349368866	0.324912659277039	0.41228783743866	0.227615772741394	0.355255607397156	0.444460860937195	0.190865707738953	0.458315133398132	0.324192156225281	0.396733400732117	0.95811977695282	0.407547871496277	0.712541400976257	-0.194793937585754	0.592057446569519	0.32981730252655	0.433818852758484	0.375916269872742	0.381934433813171	0.44501220499237	0.711020892980652	-0.080109017480774	0.332933878454285	0.662391853857117	0.470087424535828	0.875884221227722	0.0826553888912964	0.322063274267273	0.44287048032196	0.823362373388367	0.414981455358581	0.777665365697937	1.20659665781219	0.420972516271667	0.795086112341003	0.564074979101257	0.214797361913757	0.74100557407196	0.281930750219421	0.553637102758484	-0.0356539938601686	1.07174015402802	0.433528175146179	0.408405717321472	0.809976184057312	0.317353001867371	0.370701406591492	0.463282571081238	0.950619790197449	0.26877824179657	0.874392555273132	0.308837570959167	0.441729813207703	0.644887468847351	0.404488016454773	0.517354201879578	0.322611060461121	0.31181617740448	0.17675605844696	0.574980857030945	0.555489297826843	0.75198789627655	0.506444139501648	0.41068850351532	0.314659246435242	0.37961300363739	0.420157228246765	0.754506705419617	0.42167812851532	0.61450408164032	0.22885562851532	0.42167812851532	0.929357736675476	0.359269887148132	0.41319334626532	0.42974391551532
SLC29A1-cg13793145-6-44187109	0.438289789526062	0.413614294286804	0.0974601285153199	0.357301470312195	0.0144517126828003	0.409865878271179	0.4321260564328	0.194898991735535	0.395045826391296	0.393849079931336	0.280394926733093	0.495371352392273	0.385827375219421	0.408909619726257	0.748183995946961	0.430466090490418	0.738276619970398	-0.272713718591614	0.67644566556366	0.395648521520691	0.484721071752625	0.402456488866882	0.413759652807312	0.452744423986511	0.437294111974793	0.0444222015133667	0.397130097448425	0.581402072851257	0.449410643529968	0.815602440221863	0.162026607885437	0.406223493261414	0.424711699316101	0.493088592382507	0.389776674352722	0.915610584692077	1.15811387680634	0.397231735265808	0.777650331335144	-0.0416408019046022	0.171977580907898	0.760510793066101	0.318642969213562	0.432642321752625	0.00415622513397212	0.402964373022156	0.47422239414032	0.357526936315613	0.775074403051453	0.401783220861511	0.563556625585632	0.417073790075378	0.855135009191589	0.33306446079071	0.757308774267273	0.396307789953308	0.459147032201843	0.640791687841492	0.443075235448914	0.513742420873718	0.400437279455261	0.397841396398621	0.260429277441101	0.601014076025085	0.339635516820984	0.646789115270691	0.438648358495789	0.43060772250946	0.400827465429382	0.456576222631531	0.436006447240906	0.630628924413757	0.42167812851532	0.58514808164032	0.25821162851532	0.42167812851532	0.965167570175476	0.302273720648132	0.41052517976532	0.43241208201532
SLC29A1-cg22122174-6-44187055	0.442785925146179	0.368563429906921	0.768407264135437	0.331153605932312	0.0900528483029175	0.363182013891296	0.394374192052917	0.166097127355652	0.354504962011414	0.468692215551453	0.22968106235321	0.47482848801239	0.361084510839539	0.420986755346375	0.946329131567078	0.419412226110535	0.696407755590515	-0.278871582971497	0.568222801183777	0.362990657140808	0.453698207372742	0.386679624487	0.389338788427429	0.427639559606628	0.44526624759491	-0.117550662866516	0.364144233068543	0.613911208471375	0.472081779150085	0.84259457584198	0.0783687435055544	0.354507628881531	0.439091834936218	0.487337728002625	0.437312809972839	0.354110720312195	1.06661301242645	0.410961870885925	0.774985466955261	0.590602333715515	0.160437716528015	0.583716928686218	0.346442104833679	0.427266457372742	-0.0145796392459107	0.967514508642273	0.440109529760437	0.38975707193573	0.73832253867157	0.351866356481629	0.35674376120575	0.469017925695496	0.948321144811707	0.260679596410828	0.67874390988739	0.350734925573425	0.38886316782196	0.655429823461609	0.423057371069031	0.509799556493835	0.358448415075378	0.347459532018738	0.218723413061218	0.592176211645203	0.576577652441101	0.762334250890808	0.461712494115906	0.428627858129578	0.344547601049499	0.380632358251648	0.419953582861023	0.357297060033875	0.42167812851532	0.59892508164032	0.24443462851532	0.42167812851532	0.852724543175476	0.315987693648132	0.41359215276532	0.42934510901532
SLC29A4-cg20058937-7-5336543	0.467843606786804	0.745058111547546	0.659838945776062	0.460642287572937	0.141218529943543	0.362374695531921	0.441933873693542	0.617913808996277	0.442858643652039	-0.289087102807922	0.927582743993836	0.298412169653015	0.362759192480164	0.393864436987	0.750724813207703	0.45017390775116	0.69697843723114	0.459180098669128	0.785422482824402	0.419594338781433	0.405520889013367	0.987754306127625	0.412864470068054	0.711281241247253	0.398928929235535	0.666106018774109	0.446123914709168	0.0943108901119996	0.20422946079071	0.694681257482605	-0.439822574853821	0.373075310522156	0.403672516576843	0.37913140964325	0.408952491613464	0.21637540195282	0.442495694067078	0.42319955252655	0.352377148595886	0.59990501535614	0.43788039816864	-0.117022389673156	0.322562786474304	-0.0100768609866333	0.833980042394714	0.323220190282898	0.417521211401062	0.123414753576355	0.100172220312195	0.361346038122253	0.961043442846375	0.414541607336121	0.870095826452332	0.226558278051453	0.379721591528015	0.38558560721405	0.467414849462585	0.654207505102234	0.414443052709656	0.50108423813446	0.357821096716003	0.335972213659363	0.719556094701843	-0.0553261067141724	0.899503334081726	0.491542932531433	0.993904175756531	0.436888539770203	0.724373282690125	0.452123039892273	0.454772264501648	0.1869047416745	0.42167812851532	0.49120508164032	0.35215462851532	0.42167812851532	0.569272605034851	1.13899475550751	0.278430214624695	0.0489995658746948
SLC2A2-cg07139301-3-170746207	0.474727599584656	0.441284104345398	0.106116938573914	0.482528280370789	0.238426522741394	0.417937688329773	0.462500866491394	0.402970801794128	0.37185763644989	0.208508889989929	0.294444736791687	-0.175294837549133	0.438114185278015	0.403854429784851	0.275619806005554	0.456451900549011	0.0732114300289918	-0.32772090853302	0.402167475622253	0.419296331579285	0.491138881811218	0.412522298925476	0.396404462865906	0.459282234045105	0.686664922033386	0.70866901157196	0.416352907507019	0.340366882909851	-0.224038546411438	0.396443250280457	0.400190417944031	0.497204303320007	0.498973509374695	0.437384402441101	0.391858484411316	0.954933394750671	0.529830686864929	0.500020545324402	0.499142141393738	-0.0975589918460082	0.510443390966492	0.0177256031246949	0.322148779272156	0.427456131811218	0.538880035192566	0.38561218308075	0.463234204198914	0.122834746374207	0.970134213110046	0.425458030920105	0.488385435644226	0.828395600133972	0.411834819250183	0.529021270849304	0.405817584325867	0.400694600011902	0.498312842260437	0.488313497900085	0.458572045507507	0.527901230932312	0.517858089513855	0.401310206457214	0.822281087499695	0.152083886083679	0.572504326879578	0.0156409253292847	0.446640168554382	0.456702532568054	0.403476275487976	0.450079032690125	-0.141812742700501	0.243565734472351	0.42167812851532	0.36976558164032	0.47359412851532	0.42167812851532	0.263912978042664	0.46117312851532	0.384859587632507	0.528054465882507
SLC37A2-cg11537406-11-124932624	0.0483369056149293	0.331929410375671	-0.000165755395812872	-0.306406413598938	0.480910828771668	0.405070994360046	0.411305172521667	0.710716107824402	0.424986942480164	0.465361196020203	0.76429004282196	0.57158946848114	0.413450491308289	0.127419735815125	0.533973112035828	0.451565206579285	0.569349736059265	-0.334877602502747	0.376898781652527	0.485660637609558	-0.245824812158508	0.40285960495575	-0.167741231103821	0.844061540075378	0.51266722806366	0.674263317602234	1.14264621353729	0.699296188940125	0.428187759618835	1.22890355631073	0.245470723974304	0.343857609350281	0.354142815404968	0.405231708471374	0.309140790441589	0.652829700780945	0.630059992895203	-0.0406911486453247	0.756284447424011	-0.319766685815735	0.405674696996765	0.00120190915496832	0.785782085302429	0.707435437841492	0.345485341222839	0.905485489111023	0.415973510229187	0.54437405240448	0.44257351914032	0.330087336950378	0.351742741674499	0.634103906164246	0.898889125280457	0.682491576879578	0.85474989035614	0.356909906042175	0.45148114829071	0.257457803930359	0.352948351537781	-0.0773714630374146	0.321525395544128	0.694010512487488	0.190980393529968	0.289267192113953	0.265240632909851	0.784907231359558	0.934525474584656	0.427131838598328	0.350064581518249	1.0375703387204	0.525601563329773	0.149297040502624	0.42167812851532	0.27071708164032	0.57264262851532	0.42167812851532	0.127690560636414	0.36795971110907	0.494005170226257	0.478044185476257
SLC38A11-cg05090759-2-165812146	0.435436033544617	1.20363853830536	0.428295372533875	0.46409271433075	-0.398909043298645	0.355612122289734	0.430278300451355	0.225467235754089	0.422474070409851	-0.39840667605011	0.881426170751648	-0.0916814035891721	0.386371619237976	0.471605863744812	0.192651239965515	0.433258334508972	0.673473863988953	0.440543525426941	0.776424909582214	1.12156276553925	0.366992315771179	0.384763732885437	0.459719896825867	0.558294668005066	0.348746355993347	0.654749445531921	0.32321934146698	0.360334316869812	0.357453887548523	0.328673684240418	0.436755851903992	1.20288773727997	0.396829943334656	1.18221083640106	0.418592918371277	0.151970828710632	1.20116012082489	0.406880979284363	0.816057575353699	-0.322738557886047	0.397793824926453	-0.124362962915344	0.805719213232117	-0.0493474342288207	0.596872469152527	0.28764461704071	0.411490638158875	0.510556180334167	0.886191647070007	0.929231464880066	0.436563869604187	0.389515034093933	0.0989942532101442	0.205377704809265	0.323834018285828	0.362537033971863	-0.429276723779602	0.344077931860046	0.395559479467468	0.487809664892273	0.961600523473816	1.18953164041718	1.07427952145966	0.66522432004364	1.03607776083954	-0.0832846407107543	1.17225260251434	0.413497966528015	0.428237709447937	0.364480466650085	0.35662969125946	0.848492168432312	0.42167812851532	0.26100308164032	0.58235662851532	0.42167812851532	0.877268435675476	0.190127586148132	0.41572404526532	0.42721321651532
SLC38A11-cg05339727-2-165812079	0.440685307470398	0.41007881223114	0.0613056464596559	0.480723988256531	-0.342536769372864	0.429645396215515	0.414504574377136	0.224317509679871	0.423272344335632	-0.337905402124329	0.684952444677429	0.121877870336609	0.512435893163757	0.447660137670593	0.250186513891296	-0.0965943915652465	0.423670137914734	0.423145799352722	0.568171183507996	1.15418003946503	0.42521258969696	0.467235006811218	0.445468170751648	0.493696941930847	0.420313629919128	0.676521719457703	0.374690615392761	0.318645590795593	0.483891161474304	0.366899958166199	0.434004125829773	1.24521401120575	0.347086217260437	0.446790110326843	0.381332192297058	0.219516102636414	1.02684139475067	0.386532253210144	0.62490884927948	-0.258200283960266	0.366028098852234	0.135711311010437	0.675822487157898	0.62604983969696	0.459039743078308	0.341898890966492	0.196095912084656	0.389362454259949	0.891129920995789	0.875007738805847	0.385157143529968	0.484382308019714	0.184534527135925	0.263032978735046	0.378044292211609	0.451219307897644	-0.345351449853821	-0.0688997942141723	0.361444753393249	0.485948938818054	0.791318797399597	1.12010191434296	0.723565795385437	0.340683593969421	0.28102803476532	-0.046827366784973	0.985008876440124	0.414842240453796	0.447121983373718	0.416333740575867	0.536217965185242	0.375977442358093	0.42167812851532	0.38036258164032	0.46299712851532	0.42167812851532	0.951298594675476	0.307121745148132	0.45017320426532	0.39276405751532
SLC38A4-cg11146691-12-47219737	0.0583659480953979	0.41522645285614	0.0784762870846558	0.569470628881531	-0.0382821287478639	0.425143036840515	0.538660215002136	0.130717150304871	0.541261984960632	-0.0237187614993287	0.855350085302429	-0.219470489038391	0.449892533788757	0.540893778295593	0.280143154516296	0.559673249059753	0.446135778539734	-0.346174560022278	0.419004824132996	0.394955680090027	0.50349923032196	0.419926647436218	0.542399811376648	0.368648582555847	0.466291270544128	0.781115360082703	0.389756256017761	0.737049231420593	-0.321486197900696	0.408437598791199	0.570443766454773	0.39898765183075	0.517014857885437	0.948632750951843	0.517784832922058	0.208197743261414	1.02108903537567	0.528704893835144	0.91237648990448	0.691572356664734	0.382281739477234	-0.016126048364563	1.0896781277829	-0.101004519678039	0.613379383703308	0.924103531591492	0.440275552709656	-0.236857905115051	1.02182656162079	0.410816379430847	0.387035784154968	0.411357948644714	0.161680167760925	0.261692619360046	0.390115932836609	0.482979948522644	-0.377318809228821	0.202650846410828	0.507814394018249	0.366728579443054	0.511869438024597	0.933799554967957	0.259476436010437	0.744649234594421	1.02184767539032	-0.0196377261599732	0.566127517065125	-0.310031118921203	0.398578623998718	0.502675381200867	-0.271843394189758	0.957915082983093	0.42167812851532	0.43572808164032	0.40763162851532	0.42167812851532	0.178431547636414	0.30639569810907	0.588013157226257	0.539608198476257
SLC39A1-cg08623548-1-153936729	-0.35484188295929	0.430455621801453	0.517572456029968	0.377463797826843	0.554118040197449	0.438207205785828	0.533068383947449	0.131995319250183	0.528660153905945	0.559089407445984	0.285553254247742	0.542168679906921	0.42364770273407	-0.324432052759094	0.298491323461609	0.548895418005066	0.727305947485047	0.534479608923035	0.407135993078308	0.426834849035339	-0.408546600732727	0.436108816381531	-0.32608601967804	0.37753075150116	0.440728439489441	-0.134558470971985	0.410101424963074	0.155146400365906	0.543264971044617	0.438872767736511	0.371846935400086	0.422983820776062	0.51756002683075	0.410392919897156	0.312423001867371	1.12086991220673	0.410513204320984	0.202746062780457	0.839821658849793	0.530601525610046	0.522655908422546	0.77580412058075	0.49957529672821	0.745038649267273	0.308089552648621	1.1444337005368	-0.403109278345032	0.606270263830261	0.195904730566101	0.43351154837616	0.532209953100281	0.384198117590027	0.174786336706238	0.300659788305359	0.413625101781921	0.430181117467957	0.537147359716492	-0.13560398464386	0.311118562963562	-0.298929251611633	0.42174160696991	0.421986723913269	0.28745960495575	-0.034585596460266	0.432666844335632	0.217846442785339	0.405514686010437	0.499506050024109	0.421102792944031	0.419354550146179	0.586538774755554	0.699449251928406	0.42167812851532	0.64159208164032	0.20176762851532	0.42167812851532	0.199399978042664	0.34814412851532	0.497888587632507	0.579007139882507
SLC43A3-cg07326438-11-57194562	0.500179629369812	0.441407134130554	0.10270096835907	0.144516310155945	0.56488855252655	0.434151718114929	0.50017989627655	0.318881831579285	0.473065666235046	0.406034919775085	0.299748766576843	0.536858192236023	0.414975215063171	0.473020459570007	0.54085883579071	0.476568930334168	0.729696459814148	0.532793121252136	0.79233950540741	0.416840361364441	0.533279911596375	0.422924328710632	0.489815492651062	0.378350263830261	0.418957951818542	-0.121972958642883	0.413817937292175	0.146010912695007	0.506417483373718	0.468075280065613	0.499417447729187	0.425630333105164	0.549209539159851	0.422259432226257	0.488921514196472	0.235438424535828	0.422825716650085	0.498438575109558	0.0291131711788941	-0.220532962060852	-0.358974579248352	-0.0454453670901489	0.334047809057312	-0.0894318384036256	0.0985030649777222	0.394092212865906	0.51231923398407	0.149231776159363	0.106157242895203	0.427182060705261	0.421043465429382	0.400860629919128	0.854189849035339	0.28706930063446	0.417893614111023	0.416776629797058	0.556366872045593	0.438372527685242	0.500709075292664	0.633103260717468	0.421692119299011	0.420211236242371	0.285613117284851	0.595246915868835	0.315116356664734	0.847491955114441	0.413370198339539	0.47840756235321	0.421617305273132	0.415037062475281	0.489636287084656	0.971338764257507	0.42167812851532	0.40163408164032	0.44172562851532	0.42167812851532	0.429953605034851	0.329564755507507	0.417749214624695	0.426519094874695
SLC9A10-cg03352173-3-112013130	-0.180359624536438	0.420924880224304	0.10512471445282	-0.379382943750305	-0.3252737013797	0.756281464208679	0.4189406423703	0.326606577673035	0.441269412328796	-0.290382334131164	0.769282512670593	0.0486399383297729	1.23194996115692	0.460494205663757	0.32179558188446	0.421687676427917	0.849365205907898	-0.277034132654114	0.63395825150116	0.508090107458191	-0.297065342309875	0.783994074804382	0.435344238744812	0.645696009924011	1.05658269791229	0.284623787450867	0.438636683385925	0.302007658788757	0.489734229467468	0.875613026159363	-0.343552806177063	0.417808079198914	-0.175501714746399	1.20783217832001	0.308241260290222	0.268225170629578	1.21465446274384	-0.407084678796692	0.564317917272644	0.580154784032898	-0.388778833154602	0.757680379003601	0.798335555151062	-0.0954950923098753	0.812916811071472	0.385823958959656	-0.21581001992218	0.528710522253113	0.0772179889889527	0.408143806799011	0.399592211523132	0.609591376012878	0.197805595129089	0.24814904672821	0.607307360204773	1.16623837589081	0.423838618139343	0.316341273778992	0.414728821386413	0.425431006811218	0.431676865392761	1.21965098233612	0.668483863378601	0.377323661962585	0.994592102758484	0.0713527012081909	0.437845944433289	0.41884630844696	1.12927105136688	0.534738808569031	0.299862033178406	0.0608575103512572	0.42167812851532	0.25841358164032	0.58494612851532	0.42167812851532	0.679964695128601	0.722467845601257	-0.593559695281555	0.167709304968445
SMCHD1-cg00342953-18-2654819	0.311827319189148	0.36599082394989	0.906327658178406	-0.362387000024719	0.496357242345886	0.424945407934265	0.420259586095886	0.756668521398621	0.391041356054382	0.448440609594421	0.693881456396179	0.376987882055359	0.407296904882507	0.260539149389343	0.738980525610046	0.403772620153504	0.208328149633484	0.349545811071472	0.363803195226746	0.439274051183777	-0.12164039858429	0.371407018529968	-0.396261817529602	0.382642953649597	0.384795641637878	0.0735347311764527	1.17107762711151	0.646120602514343	0.470231173193054	0.423147969884949	0.342524137548523	1.2064590229245	0.379537228979187	0.367972122045593	0.289111204015808	0.240587114355164	1.21282140646942	-0.411562735071106	0.78160886099823	0.560440727758484	0.421977110570984	0.743979322729187	0.906420498876648	0.37933885141571	0.793209754797058	0.512713902685242	0.392122923803406	0.429906465978699	0.700370932714539	0.789981750524597	0.793442155248718	0.576010319738464	0.905228538854675	0.822297990453796	1.09194230393036	0.419429319616394	0.424266561864929	0.250987217504578	0.302751765111999	-0.201113049463196	0.392832809118347	0.365369926061707	0.404719807104187	0.492621605688171	0.30919704648407	0.776871644933777	0.809452888158875	0.405264252172546	0.360093995092468	0.462114752294617	0.512078976903992	0.872194454076843	0.42167812851532	0.56936858164032	0.27399112851532	0.42167812851532	0.220077478042664	0.37646862851532	0.469564087632507	0.559308230882507
SNCB-cg20960405-5-176047485	0.494372095922546	0.436492600683289	0.153524434911804	0.361247776708679	-0.305597980920715	0.429193184667664	0.514456362829285	0.290064298132019	0.485629132787781	0.42118538632782	0.319132233129578	0.545697658788757	0.409751681615906	0.484794926122742	0.822983302343445	0.552879396886902	0.623560926366882	0.280566587804871	0.648617971960144	0.415249827917175	0.532155378149109	0.477641795263367	0.476512959203796	0.377497730382996	0.416363418371277	0.756836507909851	0.42193840384491	0.252107379247742	0.356765949926453	0.426657746618347	-0.0855040857180785	0.422071799657898	0.301653005712585	0.420891898778992	0.502064980749207	1.07683089108856	0.41130118320282	0.508483041662293	0.241138637731628	-0.207360495508117	0.236559887304382	0.0945840994625854	0.335037275610046	0.450898628149109	0.922322531530457	0.38597467941864	0.517869700536804	0.304401242712097	0.197194709447937	0.424699527257996	0.471329931982117	0.819647096471863	0.668490315588074	0.578767767187195	0.414975080663757	0.414398096349793	-0.0667336614016724	0.643780994237976	0.502487541845398	0.418697727270203	0.426866585851746	0.413736702795105	0.279649583837585	0.56970138242157	0.818180823217468	0.0413604216671754	0.623745664892273	0.411497028905945	0.551797771825867	0.411641529028015	0.42758475363739	0.117908230810242	0.42167812851532	0.55395558164032	0.28940412851532	0.42167812851532	0.354602151995789	0.496167302468445	0.596438761585632	0.338507900835632
SNRPF-cg08253651-12-96252105	0.445247035986023	0.310300540746765	0.711880374975281	-0.471849283227844	-0.0585510408572389	0.30917012473114	0.435767302892761	0.708807238195496	0.436961072851257	0.447591326391296	0.927019173193054	0.512940598852234	0.322549621679382	-0.262665133813782	0.161859242406921	0.450020336950378	0.771866866430359	0.205823527868347	0.282010912023621	0.286919767980652	-0.480349681787415	0.293623735326843	-0.451396100732727	1.00822467044647	0.311543358434753	0.622467447973328	0.411471343908386	0.335544319311218	0.464206889989929	0.635979686681824	0.412756854345398	0.318635739721374	0.406311945776062	0.573143838842468	0.404393920812683	0.986462831152039	1.2281381232663	0.386678981725769	0.796179577795105	0.556900444555359	0.418199827367859	-0.131150960473938	0.278136215673523	0.678270568212585	0.828117471593933	0.291081619482117	0.405798640600281	0.494306182775574	0.832134649511414	0.338906467321472	0.308774872045593	0.491611036535339	0.92073925565155	0.972473707250671	1.04398702072723	0.296612036413269	0.428102278661804	0.173761934301453	0.402167481908874	-0.418566332666321	0.294325525915222	0.749203642858582	0.821699523901062	0.602196322485046	0.252877763280945	0.739631361730652	0.42384960495575	0.426672968969421	0.315161711889343	0.405338469091492	0.448815693700867	0.751760170873718	0.42167812851532	0.43738508164032	0.40597462851532	0.42167812851532	0.802472648675476	0.168786799148132	0.41989725826532	0.42304000351532
SNTG2-cg06431025-2-945298	0.401429494604187	0.790017999364929	0.140285833593445	0.18554017539032	0.474692417760925	0.413991583349304	0.00681676151092514	0.0840536968136597	-0.103279468530579	0.42677478500946	0.334505631811218	0.177622057470398	1.12480608029755	-0.169053675195618	1.03327170102509	0.416050795568543	0.687547325048523	0.424393986486511	0.469897370641785	0.440808226598816	-0.28424122316925	0.409884193945007	-0.353755642114563	1.07001912906464	0.419038817052917	0.281059906591492	0.69143280252655	0.424625777929382	0.467218348608093	0.410491145299988	0.137786312963562	0.447820198339539	-0.347459595605774	1.18479529746063	0.147015379430847	0.994986289770203	1.20827858188446	-0.396870559656067	0.704994036413269	0.552998903173523	0.280145285986023	0.744615498144226	0.321249674291687	0.56005602683075	0.0170709302120972	1.17468507810028	-0.427090900781555	0.478214641393738	0.290050108129578	0.410049925939636	0.431051330663757	0.961398495153503	0.172746714269714	1.04339316586884	0.445206479345398	0.397313495031433	0.409304737279968	0.514117392919617	-0.287867059472961	-0.263515874048157	0.407750984533386	1.14506210147675	1.06117398251923	0.53699878110321	0.385727221899109	0.697405820348816	0.390621063573914	-0.182593572412414	0.513847170507507	0.445877927709656	0.483641152319031	0.866721629491882	0.42167812851532	0.56229808164032	0.28106162851532	0.42167812851532	0.908872465175476	0.263065615648132	0.39642707476532	0.44651018701532
SNX26-cg18805164-19-36265700	-0.404380490014953	0.387139014745789	0.531504848974304	0.243730190771179	0.264186433141785	0.946709598730164	-0.433076223108215	0.938066712194519	0.520277546850281	-0.37493219960968	0.950547647192078	0.172640072851257	0.944409095678406	-0.376310659814758	1.14568971640594	0.520643810949402	0.834755340429382	0.236350001867371	0.433300386022644	0.393671241979675	-0.460123207788391	0.803741209325867	0.495647373266296	1.2076781444455	1.17578383243378	0.489570921972351	1.26457281790741	0.333649793310242	-0.255001636011047	0.359682160680847	0.409513328344421	0.732493213720398	0.220896419775085	1.29370131284149	-0.181618605188293	0.260115305151062	0.36214459726532	-0.450278544275208	0.528759051794128	0.0299829185543822	0.477102301366882	-0.114114486474914	1.11715668967255	0.236181042211609	-0.00960405440704348	1.14721609348114	-0.0830078854006957	-0.307934343225403	0.637210123510437	0.386527941320496	1.14000434604462	1.00527551053436	0.723484729650574	0.433824181249695	0.372435494726257	0.407130510412292	-0.401397247339172	0.347601408300476	0.470514955907898	-0.329175858667297	0.440681999914246	0.388351116857605	0.227335997900085	-0.0819972035159301	0.825588237279968	0.727836835729675	1.17024707895477	0.491341442968445	0.371684185888367	0.852225943090515	0.59296816769989	0.851518644872742	0.42167812851532	-0.17106291835968	1.01442262851532	0.42167812851532	0.400369984628601	1.02820413510126	0.363711594218445	0.447304015468445
SNX31-cg08081156-8-101661976	0.470574229101257	0.421654733862	0.530764568090515	0.51843190988739	-0.324867847742004	0.394441317846375	0.383214496007996	0.32038743131073	0.470342265966492	0.460124519506531	0.271477366308289	0.338569791967468	0.722483814794617	0.403379059301453	0.350837435522156	0.402154530065613	0.231542059545593	-0.301069279016419	0.390259105138855	0.395615961095886	0.45846251132782	0.405313928442078	0.474903092382507	0.823064863561706	0.693233551549988	0.275816641088562	0.369815537023621	0.488251512426453	-0.309249916894836	0.386664879797058	0.452679047460632	0.778283932836609	0.462505138891296	1.1532190319577	0.415909113927918	0.776186024267273	0.409762316381531	0.470203174841003	0.746491770910339	0.507858637670593	0.472795020483093	0.346000232641296	0.817092408788757	0.10883576132782	0.224746664709167	0.934710812597351	0.462504833715515	-0.053219624109192	0.080469842626648	0.401026660436707	1.05770906516083	0.700283229650574	0.431623448766785	0.308358900365906	0.778755213842468	0.392965229528503	0.457027471777039	0.658020127416687	0.434780675024109	0.499812860448913	0.389534719030457	0.419696835973816	0.500973717016296	0.0517325156002807	0.300040956396179	0.134166554845886	0.421982798070984	0.441362162084656	1.02981790500458	0.748426662206726	0.338328886816101	0.323528363988953	0.42167812851532	0.62729658164032	0.21606312851532	0.42167812851532	0.572941978042664	0.37083912851532	0.475193587632507	-0.280075749117492
SNX31-cg18582180-8-101661991	0.43625674960907	0.389236254369812	0.0837290885983277	0.500957430395203	-0.368846327234192	0.376328838354187	0.421779016515808	0.418960951818543	0.482918786474304	0.475737040014343	0.242024886816101	0.301230312475281	0.844791335302429	0.466613579809265	0.954884956029968	0.340948050573425	0.135826580053406	-0.312312758508606	0.359932625646668	0.371387481603699	0.471270031835632	0.37704044894989	0.49079561289032	0.530617384069519	0.6531490720578	0.321163161596375	0.369389057531433	0.495144032934265	-0.346152396387024	0.364020400304871	0.486777567968445	0.495936453344421	0.482279659399109	1.17674355246552	0.41563763443573	0.729900544775085	0.377324836889343	0.472001695348816	0.782796291418152	0.264314158178406	0.494133540990906	0.529912753149109	0.73933192929657	-0.0656227181643676	0.23608018521698	1.06495033310516	0.467752354223328	-0.129045103601379	0.27240536313446	0.370328180944519	1.08847458566864	0.814954750158386	0.542252969274597	0.247867420873718	0.514685734350281	0.475415750036316	0.366009992284851	0.480961647924499	0.449197195531921	0.506844380956726	0.374617239538269	0.415606356481628	0.376086237524109	0.0395820361080934	0.375689476903992	0.0184550753536988	0.942078318578797	0.419202682592468	1.06687642551239	0.425301182714539	-0.211588592676086	0.0150958844967651	0.42167812851532	0.58844008164032	0.25491962851532	0.42167812851532	0.532561478042664	0.35765762851532	0.488375087632507	-0.323243751117492
SNX31-cg26440289-8-101661921	0.532646308691101	0.414290813451843	0.471993647680359	0.556064989477234	-0.341224768152161	0.411997397436218	0.506987575597839	0.309011510900574	0.517118345556335	0.544152599096374	0.274930445898132	0.387241871557312	0.981403894384461	0.510098138891296	0.247148515112	0.329515609655457	0.105705139135437	-0.349584199426575	0.380696184728699	0.39325904068573	0.507290590917664	0.392512008031921	0.523731171972351	0.35244394315155	0.386893631139832	0.518665720678406	0.394171616613464	0.171763592016296	-0.316600837304993	0.391319959386902	0.549804127050476	0.417268012426453	0.52176821848114	0.656464111547546	0.481242193517761	0.651659103857117	0.387407395971375	0.487683254430847	0.643116850500183	-0.193242282739563	0.529197100072937	0.25956931223114	0.903510488378601	0.440555840917664	0.0495007442990112	0.599579892187195	0.506877913305359	-0.214068544519348	0.0661369222164918	0.40150274002655	0.480313144750671	0.578752309240418	0.335384528356628	0.248815979955749	0.958304293432312	0.387689309118347	0.528203551366882	0.686469207006531	0.503244754613953	0.513773940038757	0.3945897986203	0.39323191556366	0.42608179660614	0.568366595190125	0.560229035986023	0.25243463443573	0.569187877660828	0.4944182416745	0.441612984594421	0.38952474179657	-0.272064033594055	0.114327443578796	0.42167812851532	0.64126108164032	0.20209862851532	0.42167812851532	0.333795151995789	0.516974302468445	0.606664761585632	-0.149375764164368
SOCS2-cg07687131-12-93967580	-0.392411159570618	0.388028345190125	0.97728817941864	-0.156697478784485	0.584855763586121	0.3861919291745	0.471476107336121	0.813020042638855	-0.408315122705383	0.555953130834656	0.272211977636414	-0.0948205967044066	0.370491426122742	-0.367014329370422	0.230054046850281	0.531523141393738	0.237444670873718	0.544620332311706	0.88778871646698	0.375650572424011	0.388764122655945	0.410482539770203	-0.367976296289368	0.340060474889832	0.449529162878113	0.597830252416687	1.29170414835175	0.432714123754578	0.201562694433289	0.368106491125183	0.518837658788757	0.537289544164734	0.499825750219421	0.438392643285828	-0.421146274743957	1.0959036355954	1.32258892770966	-0.441559213830871	0.913223382238464	-0.212700751001282	-0.442900368188782	-0.0708341560305785	0.346758020116882	0.569016372655945	-0.00215172396270741	1.11581442392548	0.49319044504364	0.398401987218933	0.883877453954773	0.938288271764832	1.03373567648895	0.375192840978699	0.75628206009491	0.607395511694031	0.388025825170593	0.450191840856628	0.443643083105164	0.351229738744812	-0.286565713647766	0.594790471777039	0.406429330358582	0.443453447301941	0.230281328344421	0.684890126928406	0.284360567724304	0.766705166174011	0.364285409399109	0.512932773412781	0.385208516332703	0.660554273534851	0.541044498144226	0.320009975317078	0.42167812851532	0.66301808164032	0.18034162851532	0.42167812851532	0.887327234675476	0.169189385148132	0.46524384426532	0.37769341751532
SP9-cg06212224-2-175198768	0.434922733495789	0.362274238256531	0.893002072485046	0.415402414281921	0.505241656652527	0.363447822240906	0.390859000402527	0.680667935705261	0.416724770361023	0.432595023901062	0.24692987070282	0.488004296362	0.362498319189148	0.397208563695984	0.237846939916687	-0.280408965539856	0.366415563940125	0.431007225378113	0.363956609533386	0.369117465490417	0.403259015722351	0.365679432836609	0.421383596777039	0.346631367956238	1.13185405594452	0.467343145483093	1.18239404141815	0.641135016820984	-0.304507412500305	0.360744384191589	0.417360551855164	0.55002943723114	0.434282643285828	0.366543536352234	0.370728618322449	0.928263528661804	0.448030820776062	0.419810679235535	0.0867272753048706	0.571750142065124	0.437243524877625	0.720257737035828	0.930137913183289	0.632668265722351	-0.0291778308963013	1.19459731699188	0.427859338110046	0.409852880285339	0.913675347021179	0.752382164831238	0.375382569555359	0.387410734045105	0.509463953161316	0.737622404760437	0.435072718237	0.378911733923035	0.45529197617157	0.456124631811218	0.39987317941864	0.499826364843445	0.844277223424988	0.411130340368347	0.292973221410828	-0.0849029800051881	0.96497046079071	0.572596059240417	0.799662302465515	0.401703666479187	0.378224409399109	1.10253316660126	-0.293102608789368	0.0143798683834838	0.42167812851532	0.57523708164032	0.26812262851532	0.42167812851532	0.169892478042664	0.41035762851532	0.435675087632507	0.508711220882507
SPATA3-cg10612096-2-231865097	0.423914017553406	0.360177522314148	0.0640963565426636	0.365001698339539	0.516335940710144	0.365099106298523	0.466627284460144	0.419610219762878	0.43129605441864	0.226097307958679	0.559487154760437	0.0334825804196167	0.875577603246765	0.441366847753601	0.264117223974304	0.171490318517761	0.479408847997742	0.47917750943573	0.905152893591003	0.380115749548035	0.117817299779968	0.551680716894226	0.440736880834656	0.517104652013855	0.784203340002136	0.67841442954071	0.708533325475769	0.331677300878601	0.508189871557312	0.358882668249207	-0.0495311640872191	0.350471721288757	0.0595619273434449	0.370013820409851	0.429961902380066	0.548698812719421	0.345055104833679	0.451005963293152	0.161142559362488	-0.262296573877258	0.417342808935242	-0.089155978906555	0.478421197240906	-0.151587450220032	-0.0177175468386841	0.900189601049499	0.340544622167664	0.512871164342957	0.0397036310787964	0.516734448888855	0.417363853612976	0.879636018102722	0.145415237218933	0.196127688818054	0.373528002294617	0.655884017980652	0.475341260229187	-0.125722084131165	0.422382463476257	-0.379676351098938	0.983755507482605	1.21060962442596	1.10073750546844	0.663485304052429	0.275918744848328	-0.0392986567019653	0.516242586523132	0.180001950536804	0.785137693456726	0.383218450658874	0.52886067526825	0.492536152441101	0.42167812851532	0.37768408164032	0.46567562851532	0.42167812851532	0.314475929636414	0.50592708010907	0.720462539226257	0.340076816476257
SPRED2-cg01751245-2-65593761	-0.107670052514954	0.486827452245789	0.116923286474304	-0.317807371728821	-0.318398129358215	1.02273503623016	-0.199550785608215	0.175515149694519	-0.198699015649719	0.22217623789032	0.396511084692078	0.188545510351257	1.22884353317841	-0.323295222314758	0.291102153905945	-0.325062751550598	0.878016777929382	0.515364439367371	1.17404282352264	0.496816679479675	-0.439143770288391	1.24468964682587	-0.218546189233704	1.1644325819455	0.468231269933777	-0.118777640527649	1.23327525540741	0.215394230810242	-0.251207198511047	0.455589598180847	-0.268773234155579	1.2423076512204	0.288058857275086	1.22072275034149	0.280324832311707	1.05036974265106	0.45146103476532	-0.365426106775208	0.343707489294128	-0.201132643945618	-0.0637642611331176	-0.0184330489749144	0.387050127172546	0.373287479711609	0.0839253830929566	0.44220853098114	-0.422977447900696	0.187487094274597	0.479191561010437	0.993028378820495	0.438723783544617	0.977405948034363	0.799293167150574	1.12223861874969	1.23184493222626	1.14087294791229	-0.333773809839172	-0.120313154199524	0.404610393407898	-0.247593421167297	0.462296437414246	0.535930554357605	0.704488435400086	0.65889923398407	0.697320674779968	0.833756273229675	1.20586751645477	-0.356514119531555	1.03791362338837	1.18655238059052	0.52121860519989	0.927196082372742	0.42167812851532	0.29741108164032	0.54594862851532	0.42167812851532	0.668759105034851	0.882316255507507	0.178943714624695	-0.641988153125305
SPRY4-cg02713162-5-141702373	0.423763932226257	0.429234436987	0.0343672712155152	0.24844961301239	-0.174038144617004	1.00706902097137	-0.389964800867004	0.66702713443573	0.432877969091492	0.176891222631531	0.456098069433289	0.485089495092468	1.20107551791962	0.302043762426453	0.235803138647156	0.431112233190613	0.544275762670593	0.467603424108582	1.12751180826386	0.381589664220886	-0.44524578554718	1.17743263156708	0.313333795507507	1.13139356668671	1.14655525467499	-0.151520655786438	1.10557524014862	0.893882215551453	-0.369200213769836	0.638908582922058	0.371976750585632	1.22863163596161	0.408094842016296	1.2149227350827	0.406658817052918	1.02655272739227	1.22020901950653	0.0193378779660033	-0.0386415259646606	-0.302826659204407	-0.382447276391907	0.0158719357662964	0.418352111913757	-0.14343953554718	0.00266936783416744	0.309430515722351	0.162526536840515	0.055474079015808	0.470221545751648	0.395094363561707	1.08562576828583	0.948086932775574	0.656463151891785	0.215099603490906	1.15541391696747	0.845825932653503	-0.444035825097961	-0.0990541694583129	0.396982378149109	0.491416563573914	0.358123422155457	1.10863153909882	0.283721420141296	0.754038218725281	0.309352659521179	0.732063257970886	1.13244750119598	0.00324786520965575	0.924919608129578	1.07109136533173	0.389232589941101	0.640239067113953	0.42167812851532	0.0653800816403199	0.77797962851532	0.42167812851532	0.639170105034851	0.812640255507507	0.208532714624695	0.180390717874695
SPRY4-cg14619259-5-141705539	0.392226482030945	0.384317986791687	0.751139821020203	0.241650162817078	-0.364062594812317	0.402499570776062	0.421367748937683	0.745596684240418	0.414408518896179	0.496584772436218	0.256640619237976	0.527764044897156	0.604320067724304	0.40673631223114	0.985492688451843	0.4517597829953	0.627210312475281	0.135767973913269	0.427082358068543	0.443173214025574	-0.473593235742493	0.384852181371765	-0.282069654687805	0.893230116491394	0.374520804479675	-0.17031710598175	0.886831789953308	0.14557176535614	0.502413336034851	0.382392132726746	0.47683330039032	1.1875951857663	0.484881391820984	1.15031128488739	0.410201366857605	1.01636827719696	1.29237756931122	0.271525427770691	0.194135023840027	-0.278897109399719	0.153328273412781	0.296683485570984	0.356867661718445	0.0911480142575073	-0.0196700823611449	0.390771065527039	-0.455427913354797	0.377918628820496	0.495014095556336	0.376746913366394	0.648265318090515	0.917366482580261	0.802416701696472	0.369565153295593	0.423511466772156	0.623580482458191	0.404269724706726	0.578024380346374	0.419847927953796	0.292382113378601	0.373556971960144	0.510446088903504	0.687558969945984	0.624821768529968	0.282494209325867	0.433147807775574	0.797629051000671	0.450373415014343	0.373287157934265	0.593968915136414	0.452522139745789	0.62007561691864	0.42167812851532	0.60603008164032	0.23732962851532	0.42167812851532	1.02481130867548	0.337053459148132	0.50564491826532	0.33729234351532
SPRY4-cg18233416-5-141705411	0.394398207983093	0.433263712743835	0.658561546972351	0.242552888769226	-0.321471868860168	0.43262829672821	0.464464474889832	0.752413410192566	0.454500244848328	0.536807498388367	0.296096345190125	0.545137770849304	0.927006793676453	0.458017038183289	1.06690741440399	0.449816508947449	0.503110038427429	-0.0233793001345825	0.399080084020691	0.417252939977722	-0.420125509790344	0.421577907323914	-0.297056928735657	0.457480842443542	0.409575530431824	-0.121110380029602	0.422062515905457	0.142691491308289	0.544308061986999	0.410876858678894	0.534324026342468	0.501688911718445	0.521426117773132	0.985288010839539	0.451663092809753	1.03415800314911	1.23773629526337	0.215154153722839	0.0282517497921753	-0.230979383447571	0.0790489993649293	0.495651211523132	0.338182387670593	0.329338740209656	0.0232136435910035	0.385302791479187	-0.404483187402649	0.368236354772644	0.475468821508484	0.422608639318542	0.436315044042664	0.89149020853241	0.679964427648621	0.287304879247742	0.413795192724304	1.01368120841034	0.522889450658874	0.438445106298523	0.462102653905945	0.355346839330749	0.422264697912292	0.413849814855652	0.305714695898132	0.645531494482117	0.318622935278015	0.393118533727722	0.44379077695282	0.489145140966492	0.414328883886414	0.410765641088562	0.485669865697937	0.124658342870789	0.42167812851532	0.58306058164032	0.26029912851532	0.42167812851532	0.923499387675476	0.315324538148132	0.46613499726532	0.37680226451532
SRCIN1-cg02156870-17-36717733	-0.0334829768313599	0.436112527929382	0.0911693621578979	0.468513703954773	0.565288946325379	0.437120111913757	0.426323290075378	0.804180225378113	0.407392060033875	0.238464313573914	0.984052160375671	0.494325586034851	0.404319608862	0.389907853368835	0.339137229589539	-0.196489675867004	0.121713853612976	0.436129515050964	0.619451899206238	0.498915755163269	0.201887305395203	1.12430672250946	0.39080088644989	0.392246657629089	0.425900345617371	0.115902435155945	0.424275331091003	0.294070306493835	0.530554877172546	0.417941673864441	0.498372841528015	0.411765726903992	0.457706932958679	0.427108826025085	0.4046459079953	0.641554818334656	0.438290110448914	0.462801968908386	0.0573445649777222	0.656731431737976	-0.308087185449524	-0.0384999732913209	0.36243420285614	0.644967555395203	0.89410845877655	0.379916606664734	0.248083627782898	0.283725169958191	0.103540636694031	0.452292454504089	0.42065385922821	0.476357023717957	0.167835242834167	0.273301694433289	0.405494007909851	0.482411023595886	0.519928265844421	0.20279992148407	0.435687469091492	-0.301608345483704	0.417479513097839	0.790759630041199	0.501030511083679	0.125516309667664	0.337486750463562	0.749913348913269	0.595200592138367	0.382319956152039	0.43744169907196	0.412251456274109	0.462817680883484	0.623044158056335	0.42167812851532	0.37870058164032	0.46465912851532	0.42167812851532	0.144537701675476	1.13775985214813	0.44693031126532	0.39600695051532
SRCIN1-cg15809959-17-36720382	-0.197816934350891	0.425906570409851	0.165596404638367	-0.0152022535647582	0.531407988805847	0.430752154394226	0.443963332555847	0.307833267858582	0.474527102514343	-0.114557643945618	0.99486720285614	0.50631762851532	0.396841651342468	0.473929895849304	0.295341272070007	0.464372366613464	0.101295896093445	0.446567557531433	0.724603941686706	0.440688797643738	0.284436347875671	0.811953764989929	0.447399928930359	0.373341700109558	0.424444388097839	-0.101357522363586	0.409225373571472	0.161186348974304	0.476855919653015	0.41294771634491	0.474859884008484	0.41277576938446	0.446185975439148	0.410909868505554	0.422136950475769	0.859864860815124	0.461684152929382	0.455203011388855	0.0775856074581909	-0.168493525781555	-0.313163142969055	0.104741069189148	0.398001245336609	0.659567597875671	0.818842501257019	0.373235649145203	0.424016670263367	0.35260321243866	0.0785626791744996	0.426176496984558	0.421297901708679	0.406884066198425	0.186499285314636	0.275274736913757	0.40930305039032	0.424430066076355	0.48461730832489	0.379788963964539	0.428084511571961	-0.247876303003235	0.454281555578308	0.479610672521668	0.294270553564148	0.149706352148132	0.329063792944031	0.805105391393738	0.428323634618835	0.428049998632507	0.413652741552429	0.415523498754578	0.531254723363953	0.583229200536804	0.42167812851532	0.44075908164032	0.40260062851532	0.42167812851532	0.162672212136414	0.38541736260907	0.484958821726257	0.460586533976257
SRCIN1-cg23709902-17-36719773	-0.33181673464386	0.443869770116882	0.102078604345398	0.0162279461422729	0.571530188512879	0.422430354101257	0.399072532262878	0.859558467565613	0.411686302221374	-0.282132444238587	1.04856840256317	0.509742828222351	0.6226928510495	0.426252095556335	0.336596471777039	0.498684566320496	0.0738910958004761	0.450750757238464	0.699329141393738	0.407673997350769	0.0751145475827026	1.09392196469696	0.41190912863739	0.388360899816589	0.412651587804871	-0.125409322656555	0.403109573278503	0.193214548681336	0.484865119360046	0.483120916051941	0.442584083715515	0.468677969091492	0.508159175146179	0.442709068212585	0.4375951501828	0.859651060522156	0.458410352636414	0.435301211095886	0.0229868071652222	-0.229184326074524	-0.367461943262024	0.0788722688961791	0.47189444504364	0.665945797582703	0.86009170096405	0.472151848852234	0.432245869970398	0.197395412145691	0.0977648788815307	0.430922696691589	0.40855210141571	0.448355265905457	0.178766485021668	0.279372936620789	0.422116250097351	0.424242265783386	0.499005508031921	0.16194716367157	0.431234711278992	-0.0477141032962036	0.420115755285339	0.413477872228699	0.295880753271179	0.259535551855164	0.530242992651062	0.780569591100769	0.414758834325867	0.381283198339539	0.41704994125946	0.409703698461609	0.476879923070984	0.945798400243835	0.42167812851532	0.30767858164032	0.53568112851532	0.42167812851532	0.118342121675476	1.10185427214813	0.40866873126532	0.43426853051532
SRGAP3-cg00907288-3-9178249	0.320856742773132	0.483264247533875	0.63079108176239	0.473072423559265	-0.298205334070129	0.34957683151825	0.454264009679871	0.785306944982605	0.464469779638367	0.306398033178406	0.742023879980164	0.327470305639343	0.888525328466492	0.493421572973328	0.196775949194031	0.467535043737488	0.783135573217468	-0.299306765344543	0.46203061881073	0.377994474767761	0.385755024999695	0.376365442113953	0.458002606054382	0.499577377233582	0.569998065221863	0.578358154760437	0.469312050695496	0.431189026098328	-0.130090403222962	0.344110393468933	0.287408561132507	0.332658446508484	0.0111376525631714	0.331185545629578	0.444382627599793	0.230672537939148	1.22133683005341	0.412782688512878	0.679411284582214	0.522128151342468	0.438635534154968	-0.137094253686828	0.715490922460632	0.545257274999695	-0.0687708216189575	1.00589432626923	0.40919834738739	0.157796889562683	0.651313356298523	0.339812174108582	0.344478578832703	0.429167743322449	0.97922296243866	0.238208414037781	0.338785727514343	0.366178743200378	0.214838985448914	0.693095641088562	0.412498188695984	0.0962113741207886	0.395478232702332	0.541738349645691	0.598568230688171	0.697714029272156	0.658001470068054	-0.0459919314822387	0.352202311742859	0.434032675756531	0.345758418676453	0.324987175878601	-0.163129599512024	0.863201877660828	0.42167812851532	0.41922708164032	0.42413262851532	0.42167812851532	0.905457230175476	0.234808380648132	0.46275983976532	0.38017742201532
SRPK1-cg17639265-6-35887853	-0.440282482934875	0.357888021825867	0.812823856054383	0.400978197851257	-0.122509559778137	0.351753605810242	0.436061783971863	0.162989719274597	0.349708553930359	0.484922807470398	0.210043654272156	0.0442690799313356	0.345956102758484	0.42322634726532	0.288986723486023	0.41795381802948	0.28912934750946	0.429938008947449	0.321086393102722	0.330972249059753	0.0968637992916871	0.341678216405945	0.0100653803463746	0.309648151525574	0.922418839513855	0.459449929052429	0.392420824987488	0.43269780039032	0.104966371069031	0.443448167760925	0.4791353354245	1.17476222080048	0.289565426855164	0.34047731992157	0.431733401891785	0.31592531223114	1.2641826043454	0.104593462804871	0.772377058874207	-0.0429190743655397	0.45953130844696	0.457020520605164	0.661867696752624	0.578896049291687	0.846399952673035	1.17114710056122	0.435151121679382	0.374074663854675	0.324465130590515	0.913255948400574	0.702552353124695	0.369752517614441	0.150773736730652	0.347210188329773	0.380431501806335	0.349922517492371	0.471783759740906	0.465859415380554	0.428097962987976	0.524314148412781	0.883289006994324	0.464039123937683	0.217488004980164	0.524737803564148	0.659309244360046	0.760337842809754	1.07718708603485	0.401720450048523	0.343153192968445	0.788419950170593	0.460242174779968	0.82684665195282	0.42167812851532	0.32278508164032	0.52057462851532	0.42167812851532	0.280945978042664	0.33782212851532	0.508210587632507	0.525139648882507
SSH2-cg06376598-17-28049938	0.358657405370789	0.904831910131531	0.821141744360046	0.396579086156921	0.463193328527527	0.407157494115906	0.427790672277527	0.0620056075802612	0.417880442236023	0.446313695776062	0.31636954257782	0.254604968237	0.420438991064148	0.418480235570984	0.935458611791687	0.429711706335144	0.350838235815124	0.450248897253113	1.04354528140839	1.16415313736542	0.409655687597351	0.404307104711609	0.306805268652039	0.936760039831238	0.665197727819519	-0.00912518264190681	0.363388713293152	0.654455688695984	0.457161259374695	0.815982056066589	0.442179223730164	0.38425610910614	0.400351315160828	0.366599208227234	0.326820290197449	0.474487200536804	0.370489492651062	0.384438351110535	0.812138947179871	0.561095813940125	0.421983196752625	0.709972408910828	0.873941585058289	0.645181937597351	-0.0206991590213013	1.16476598886688	0.379400009985046	0.450142552160339	0.200733018896179	1.18830883670624	0.363711241430359	0.356440405920105	0.155879625036316	1.08963507663544	0.458783390112	0.379398405798035	0.46127264804657	0.672386303686218	0.38728885129364	0.462123036718445	0.393351895299988	1.10574601224335	1.06530089328583	-0.0981593081301881	0.55569413266571	0.748203731115417	0.345793974340515	0.332478338354187	0.375375081274109	0.388022838476257	0.514823063085632	-0.00110545974151621	0.42167812851532	0.45069258164032	0.39266712851532	0.42167812851532	0.248514478042664	0.43050362851532	0.415529087632507	0.573048127882507
SSPO-cg07703462-7-149487338	0.493235477880554	0.429714982641296	0.074964816869812	0.469515158666687	-0.343796598962708	0.408381566625671	0.468219744787292	0.490002680090027	0.440150514745789	0.0771637682858277	0.775141615087585	0.495463040746765	0.397996063573914	0.42946630808075	0.252428684301453	0.51512677884491	0.74013230832489	0.470886969762878	0.377374353918152	0.388860209875183	0.506674760107117	0.398264177221375	0.446481341161804	0.371146112341003	0.391310800329285	0.731728889867859	0.386624785802917	0.16426176120575	0.51809033188446	0.413848128576355	0.166510296239929	0.401460181615906	0.523377387670593	0.393129280736999	0.488050362707214	0.20280827304657	0.464591565160828	0.4623904236203	0.434471019689636	0.00785988644989005	0.52788526926239	0.416484481420593	0.311170657568054	0.668060010107117	0.888075913488464	0.362631061376648	0.482260082494812	0.478886624670105	0.0670660914059448	0.398129909216003	0.400627313940125	0.370167478429871	0.424167697546082	0.252716149145203	0.389369462621765	0.3937004783078	0.531323720556335	0.726918376195984	0.467867923803406	-0.31515689077179	0.397724967809753	0.390182084753113	0.389672965795593	0.673350764379578	0.709499205175476	0.480926803625183	0.387532046850281	0.471606410863953	0.394126153783874	0.394841910986023	0.529677135595398	0.950787612768249	0.42167812851532	0.37760508164032	0.46575462851532	0.42167812851532	0.147578478042663	0.35754262851532	0.488490087632507	0.532029076882507
ST14-cg08145723-11-130029478	0.401810063818054	0.326760568578796	0.669974402807312	0.435107744604187	-0.140678013025207	0.297889152563171	0.395354330724792	0.565406266027527	0.357157100683289	0.438833354223328	0.226446201025085	0.420070626684265	0.811136649511414	0.41647589401825	0.199326270238953	0.40462236478241	0.60865289426239	0.399850555700378	0.722744939855652	0.298559795812683	0.381916346044617	0.408168763158874	0.411268927099304	0.295212698278503	1.06579838626678	0.628267475805359	0.283761371740417	0.158877347143249	0.44355291782196	0.414665714513855	0.421717882177429	0.324925767553406	0.385855973608093	0.4445658666745	0.392616948644714	0.58096485898407	1.20891515109833	0.3966240095578	0.557317605627136	0.34980847238739	0.39392185519989	0.441662067358093	0.733580243505554	0.654367596044617	0.647804499425964	0.277424647314148	0.391936668432312	0.379192210607605	0.0873986773434448	0.285779495153503	1.06069889987762	0.422197064367371	0.600073283483582	0.937235735082703	0.277077048559265	0.9559520642453	0.423004306493835	0.633692962133484	0.375852509740906	0.48601969516571	0.922603553747253	0.662199670690613	0.303658551733093	0.566219350317078	0.617937791112976	0.642511389562683	0.499100632787781	0.340304996801453	0.322861739721374	0.606870496923523	0.469602721532898	0.823598198705749	0.42167812851532	0.63069158164032	0.21266812851532	0.42167812851532	0.521837376128601	0.688487526601257	0.227259985718445	0.325836623968445
ST14-cg18373354-11-130029684	0.538754795263367	0.446554300024109	0.182531134252625	0.569460476049499	-0.296834281579895	0.440503884008484	0.513010062170105	0.835466997472839	0.406876832128601	0.42141908566864	0.310592932470398	0.379480358129578	0.414079380956726	0.499528625463562	0.288025001684265	-0.276074903772278	0.303770625707703	-0.200383712854309	0.409650671300964	0.427571527257996	0.531035077489929	0.426664494604187	0.468527658544617	0.389878429723816	0.423711117712097	0.554517207250671	0.41673310318573	0.150263078588562	-0.072620350732727	0.422180445959168	0.518995613622742	0.431497498998718	0.536454705053406	0.421423598119812	0.497498680090027	1.01015359042938	0.45458688254364	0.526755741003113	0.342040337072449	-0.167807796167297	0.562338586645203	0.00876179880340583	0.337435974950867	-0.0798146725100708	0.0309762308712769	0.39870337875946	0.538744399877625	-0.223915057947082	0.0989924087887574	0.433280226598816	0.425377631322937	0.414028795812683	0.587967014928894	0.290894466528015	0.425954780004578	0.438568795690613	0.419643037939148	0.754102693578796	0.528405241186218	0.611242426611023	0.438988285192566	0.420156402135925	0.292484283178406	0.12050408176239	0.457781522558289	0.175069121007996	0.421352364233093	0.494114728246765	0.421719471166687	0.425498228368835	-0.0972255470217896	0.738377930151062	0.42167812851532	0.46162308164032	0.38173662851532	0.42167812851532	0.251062992136414	0.38980014260907	0.464726601726257	0.456203753976257
ST14-cg21029769-11-130029515	0.480834383642273	0.390539888403015	0.404017722631531	0.517832064428406	-0.0101516932009887	0.37363047238739	0.466725650549011	0.679494585851746	0.419603420507507	0.401239674047546	0.266097520849304	0.358051946508484	0.407645969335632	0.486945213842468	0.439408590063171	0.101116684606629	0.265699214086609	0.314674875524597	0.725894259679871	0.374168115636902	0.469540665868835	0.423444082983093	0.473070246923523	0.464346018102722	1.096931706091	0.553649795629578	0.379104691564636	0.143635666967468	0.155017237646179	0.418876034338074	0.506653202001648	0.371156087377625	0.434584293432312	0.381684186498718	0.431125268468933	0.433408178808289	1.08434447092255	0.461110329382019	0.510670925451355	0.439172792211609	0.415705175024109	0.800415387182312	0.419176563329773	0.357079915868836	0.407616819250183	0.336744967138367	0.476377988256531	-0.000131469568176223	0.0709929971676637	0.368939814977722	0.605299219701843	0.80658038419159	0.5433656033078	0.364389054906921	0.359468368383484	0.501429384069519	0.510815626318054	0.591380281957703	0.467608829565125	0.575946014989929	0.511119873571472	0.452271990514832	0.422382871557312	0.366574670141296	0.397181110937195	0.198282709386902	0.386656952612	0.475529316625671	0.369882059545593	0.508418816747742	0.332968041357117	0.341761518529968	0.42167812851532	0.48327858164032	0.36008112851532	0.42167812851532	0.567859043128601	0.753776193601257	0.145919652718445	0.279814956968445
SWAP70-cg26645401-11-9686514	-0.244467513574524	0.353658991186218	0.868457825414734	-0.380759832788391	0.465833409582214	0.344042575170593	0.398619753332214	0.221519688634949	0.41112152329071	0.44658777683075	0.292015623632507	0.358534049291687	1.15203207211884	0.437028316625671	0.998629692846374	0.396409787389832	0.382770316869812	0.4202719783078	0.991686362463074	1.1250492184201	-0.517365231347962	0.403828185766296	-0.318434650293274	0.432933120885925	1.16735280887421	-0.205555101587219	0.320762794347839	0.740971769750671	0.434627340429382	0.386925137121277	0.426273304784851	0.359928190160828	0.193894396215515	0.323950289281921	0.409632371252136	0.966994281591492	1.09757157370575	0.0243454321652222	0.796431028234558	0.568540894994812	-0.026943722192688	0.746142489965515	0.730956666112976	0.648296018652039	0.802369922033386	1.15693906992157	-0.495502908960266	0.250188633215027	0.0203130999508667	1.08616591776093	1.17731132248505	0.965700486974792	0.473370706091003	1.08434915769012	0.387002471166687	0.367602486852722	0.420692729101257	0.0445893847409056	-0.484631067651672	-0.298696882226868	0.434298976354675	0.360889093298035	0.405809974340515	0.5435407729245	1.0748122137204	0.494705812170105	1.1177950553952	0.407943419408875	0.371694162328796	1.15058691953094	0.46368314414032	0.839293621313171	0.42167812851532	0.54036058164032	0.30299912851532	0.42167812851532	0.998004478042664	0.33250062851532	0.513532087632507	-0.293705261117493
SYNPO2L-cg17723653-10-75407823	0.050648068822937	0.395947573583679	0.894766407812195	0.13667174960907	0.504104991979675	0.739388157568054	0.435870335729675	0.72234527103241	0.0149681056881713	0.381131359228211	0.994824206029968	0.474391631689148	0.403629654516296	0.366052899023132	0.545554275243835	0.433067369787292	0.700181899267273	-0.268063439294739	0.413179944860535	0.424028800817566	0.4645553510495	0.427047768163757	-0.250585067895813	0.410763703283386	0.749799391271668	-0.151411519189758	0.3919213767453	0.119502352148132	0.506052922826843	0.375304719518738	0.460484887182312	0.400702772558289	0.470650978612976	0.387097871679382	0.444578953649597	0.574113863988953	0.43061815610321	0.460926014562683	0.505974610632019	0.338120477392273	0.502307860204773	0.762513072362976	0.334510248510437	-0.1128923989505	0.873148504430847	1.10565365231903	-0.0143603265628051	0.445195215612488	0.402681682348328	0.406787500158386	1.14106890488251	0.384907069372253	0.881496288488464	0.236276740087585	0.592859053564148	0.412514069250183	0.452462311498718	0.646989967138367	0.165096514745789	-0.316534299829407	0.817491558752136	0.420905675695496	0.283832556737976	0.46877835532196	0.308604796117859	0.290669394567566	0.488886637792664	0.424150001806335	0.411413744726257	0.381775501928406	0.337360726537781	0.348736203710632	0.42167812851532	0.43061658164032	0.41274312851532	0.42167812851532	0.698176558675476	0.277127709148132	0.43674216826532	0.40619509351532
SYT7-cg08360511-11-61322922	-0.371633287012024	0.412525217748718	0.634631051977234	0.325911393774109	0.568359636144714	0.595135801733093	0.487676979894714	0.803193915197449	0.44343474985321	0.49935400339325	1.03530085019501	0.590059275854187	0.388787298681335	0.0843615431881715	0.448503919408875	0.510298013952332	0.191543543432312	0.5274482048703	0.954670589025574	0.397964444982605	0.124564995214539	0.435736412328796	-0.127595423730774	0.349399347448425	0.450772035436707	-0.144755875024719	0.410459020910339	0.136022996313171	-0.307065433008118	0.400262363683777	0.306579531347351	0.403524416723328	0.523010622778015	0.551532515844421	0.493167597814636	0.264651508153992	0.39465680026825	0.117281658727722	0.102230254797058	0.637138121557312	0.538920504369812	-0.0650012834719847	0.327796892675476	0.708220245214539	0.000636148595886288	0.39884329648407	0.496842317602234	-0.170138140222473	0.429917326513367	0.460064144323425	0.406461549047546	0.561347713537293	0.188468932653503	0.255812384252625	0.641191697729187	0.432767713415222	0.516128955663757	0.704420611303406	0.244046158910828	0.617062344335632	0.406365202917175	0.552487319860535	1.14984920090302	0.0283969994869995	0.316174440282898	0.791616038732605	0.391343281957703	0.462914645971374	0.398423388891296	0.474023146093445	0.53147737070282	0.0718588478756714	0.42167812851532	0.45587758164032	0.38748212851532	0.42167812851532	0.085531351675476	0.907980502148132	0.40176796126532	0.44116930051532
TACC1-cg14284618-8-38627889	0.217976563818054	0.411585068578796	0.839318902807312	0.470257244604187	0.540676486974792	0.402148652563171	0.412397830724792	0.0790657660275269	0.429149600683289	-0.0579931457766723	0.280863701025085	0.420349126684265	0.377898149511414	0.430122394018249	0.250160770238953	-0.38568813521759	0.73092639426239	-0.320551944299622	0.385543439855652	1.06156229581268	0.462014846044617	0.711591263158875	0.461163427099304	0.345905198278503	0.820811886266785	0.338928975805359	0.378837871740417	0.761163847143249	0.44330941782196	0.379878214513855	0.468959382177429	0.384590267553406	0.452184473608093	1.1816913666745	0.394440448644714	0.23005935898407	0.873195651098328	0.4876745095578	0.418262105627136	0.62148297238739	0.47954335519989	0.412297567358093	0.312267743505554	-0.126750903955383	0.000823999425964339	0.351011147314148	0.445133168432312	0.406396710607605	0.927648177343445	0.404249995153503	0.390757399877624	0.421918564367371	0.649496783483582	1.1279352350827	0.402275548559265	0.8171535642453	0.483648806493835	0.726087462133484	0.456908009740906	0.57256019516571	0.408282053747253	0.387309170690613	0.249931051733093	0.478717850317078	0.324596291112976	0.498405889562683	0.873549132787781	0.0456904968014526	0.399502239721374	0.872337996923523	0.513553221532898	0.903423698705749	0.42167812851532	0.63036208164032	0.21299762851532	0.42167812851532	0.919663478042664	0.41150162851532	0.434531087632507	0.389497663882507
TACC2-cg06733794-10-123922970	-0.351669319482727	0.430449185278015	0.812961019506531	0.515005361303406	0.399912603674011	0.42899676926239	0.450548947424011	0.798526882726746	-0.254517282617493	0.514341970922546	1.0263488177243	0.530696243383484	0.404545266210632	0.443504510717468	0.273854886938171	0.455670981481628	0.470859510961609	-0.325466827600403	0.405017556554871	0.416459412511902	0.507926962743835	0.423329379858093	0.433726543798523	0.369270314977722	0.407422002966003	-0.117352907495422	0.430228988439636	0.545588963842468	0.300119534521179	0.413364331213074	0.474797498876648	0.420974384252625	0.534907590307312	0.413519483373718	0.450300565343933	0.477582475683289	1.01146876779755	0.197500626257019	0.827529222326355	-0.191177910913391	0.350195471899109	-0.049769315942688	0.649218860204773	-0.0935787872561644	0.0309831161251831	0.578631264013367	0.499175285131531	0.510544827306824	0.987765294042664	0.422767111852722	0.540165516576843	0.388701681066589	0.9477989001828	0.277532351781921	0.414689665258484	0.420146680944519	-0.342856076806946	-0.0396654211672974	0.294719126440124	0.614506311864929	0.422371170446472	0.407972287389832	0.919181168432312	0.181991967016296	0.571769407812195	0.618565006261902	0.414265249487	0.245298613500671	0.425607356420593	0.407793113622742	-0.280363661767883	0.165915815404968	0.42167812851532	0.22495858164032	0.61840112851532	0.42167812851532	0.239628246136414	0.37140539660907	0.503779855726257	0.474598499976257
TACC2-cg06966660-10-123923066	-0.361277915796203	0.423075588964539	0.909773423193054	0.532581764989929	0.325337007360535	0.421038172948914	0.452562351110535	0.807836286413269	-0.332196878930969	0.49736937460907	1.02626222141083	0.560974647070007	0.397931669897156	0.408502914403992	0.267073290624695	0.450968385168152	0.771461914648132	-0.341641423913879	0.397551960241394	0.406727816198425	0.519792366430359	0.408043783544617	0.435197947485046	0.362925718664246	0.403744406652527	-0.133350503808899	0.98223439212616	0.755897367528992	0.543820938207703	0.405722734899597	0.455594902563171	0.414442787939148	0.540784993993836	0.653770887060242	0.435237969030457	1.05495487936981	1.32500117148407	0.133507029943543	0.867370626012878	0.184861492773132	0.538484875585632	-0.0611219122561645	0.993738263891296	-0.103871383569641	0.0156435198117066	1.10852466769989	0.491037688818054	0.499111230993347	0.988811697729187	0.413305515539246	0.832390920263367	0.413740084753113	0.984617303869324	0.267961755468445	0.412038068945007	0.408710084631043	-0.372356673120422	0.083265982519226	0.273263530126648	0.603545715551453	0.410745574132996	0.404939691076355	0.862885572118835	0.57564937070282	0.306943811498718	0.576314409948425	0.462752653173523	0.257874017187195	0.406943760107117	0.403172517309265	-0.29197725808136	0.510973219091492	0.42167812851532	0.24774558164032	0.59561412851532	0.42167812851532	0.775886347175476	0.274917497648132	0.40798895676532	0.43494830501532
TACC2-cg26071526-10-123923273	-0.360157413598938	0.423047091161804	0.51236392539032	0.476993267187195	0.3052135095578	0.420963675146179	0.4192938533078	0.756965788610535	-0.279096376733704	0.427084876806336	0.965488723608093	0.524246149267273	0.392077172094421	0.377601416601257	0.29245579282196	0.400074887365418	0.695111416845398	-0.345148921716614	0.41594346243866	0.406091318395691	0.485185868627625	0.420057285741882	0.423859449682312	0.362839220861511	0.406437908849792	-0.119365001611633	0.699961894323425	0.635170869726257	0.426766440404968	0.408499237096863	0.445514404760437	0.437376290136414	0.520299496191101	0.407495389257507	0.425423471227722	0.846219381567078	1.29894067368134	0.105033532140808	0.836984128210144	-0.0855530050296021	0.511792377782898	-0.0581284100588989	0.952465766088562	-0.0998168813723754	0.0225990220089722	0.986596169897156	0.47884919101532	0.442575733190613	0.972618199926453	0.413227017736511	0.864254422460632	0.425555586950378	0.937344806066589	0.26605825766571	0.435668571142273	0.407865586828308	-0.371814170923157	-0.0300045152835084	0.201556032323914	0.571817217748718	0.426552076330261	0.414735193273621	0.801578074316101	0.542957872900085	0.310645313695984	0.445564912145691	0.427663155370789	0.21807451938446	0.409067262304382	0.403127019506531	-0.298352755884094	0.409732721288757	0.42167812851532	0.24799408164032	0.59536562851532	0.42167812851532	0.829120869675476	0.323600020148132	0.40862947926532	0.43430778251532
TAF3-cg11104088-10-7859676	-0.428693559106751	0.378688945653992	0.239209779882507	-0.356247878320618	0.525028364049988	0.523735529638367	0.482250707799988	0.897341643102722	0.461703477758484	0.418872731298523	0.348005578100281	0.51453700375946	0.380253026586609	0.370834271093445	0.472125647314148	0.242276741857605	0.386616271337585	0.448770932775574	0.395210316930847	1.20050517288788	-0.037151276880188	0.66911614023407	0.439020304174499	0.497076075353699	0.35458076334198	-0.171759147119446	0.447280748815613	0.145652724218445	-0.155879705102844	0.59523109158905	-0.121912740747375	0.610347144628601	-0.200699649316711	0.498968243749695	0.26344432571991	0.961084236059265	0.368250528173523	0.250162386632996	0.830131982702331	-0.120484150537415	0.306462232275085	0.771123444433289	0.46201562058075	0.159100973119812	0.82952587650116	0.331414024389343	0.439740045507507	0.5424445876828	0.42275405441864	0.485441872228699	0.34560227695282	0.403091441442566	0.672233660558777	0.347475112157898	0.97277242563446	0.414527441320496	0.441040683569031	0.218677339208679	0.437023886816101	-0.324758927759094	0.359568930822449	0.369585047765808	0.194119928808289	0.549240727392273	0.683133168188171	0.394228766637878	0.433885009862976	0.449973373876648	0.40564911679657	0.950992873998718	0.519602098608093	0.906560575780945	0.42167812851532	0.33610858164032	0.50725112851532	0.42167812851532	0.034968730675476	0.464226881148132	0.44644234026532	0.39649492151532
TAL1-cg06087421-1-47695138	0.524391341405945	0.427640846166687	0.168523680395203	-0.0374039778079224	0.0197712645626831	0.426677430151062	0.393210608312683	0.218909543615417	0.416402378271179	0.398007631811218	0.960383478612976	0.392621904272156	0.401899927099304	0.44756817160614	0.414372547826843	0.1554996423703	0.0846641718502809	0.463541833288269	0.395524217443543	0.867157073400574	0.492533623632507	0.420473040746765	0.451944204687195	0.375871975866394	0.443948663854675	0.716533753393249	0.444849649328308	0.16538862473114	0.420742195409851	0.814181992101746	0.45617115976532	0.417580045141296	0.508521251195984	0.40938914426239	0.527476226232605	0.83566613657196	0.428511428686218	0.433685287145691	0.139018883215027	0.307217749975281	0.515979132787781	0.821150344945984	0.352030521093445	0.639758873632507	0.928286777013855	0.422068924902039	0.483523946020203	0.428778488195496	0.549975954931335	0.425433772741394	0.443659177465515	0.411742341955261	0.831986561071472	0.629091012670593	0.418469326147156	0.432286341833191	0.407115584081726	0.0971632397213745	0.499847787328796	0.467244972753601	0.427718831335144	0.415866948278503	0.338469829320984	0.301079627904968	0.420359068700867	0.0058316671505737	0.412751910375671	0.499202274389343	0.414106017309265	0.412620774511414	-0.0789130008792115	0.0542564762936401	0.42167812851532	0.44104558164032	0.40231412851532	0.42167812851532	0.784195542636414	0.34597369310907	0.248894152226257	0.500030203476257
TAL1-cg10633601-1-47696701	0.525360233007507	0.42816673776825	0.0969835719967653	0.51175391379364	-0.313285843835754	0.426460321752625	0.410204499914246	0.52522043521698	0.330552269872742	0.512618523412781	1.03735137021454	-0.112967204126282	0.420938818700867	0.329804063207703	1.05881243942841	0.477004533971863	0.412164063451843	-0.249292275110168	0.401530109045105	0.434763965002136	0.50122751523407	0.427344932348328	0.348805096288757	0.383373867467957	0.436038555456238	0.687120644994812	0.416930540929871	0.147050516332703	-0.282887912988586	0.431448883703308	-0.341259948633118	1.02581693674286	0.481452142797546	0.409254035863953	0.398057117834167	0.956596028173523	0.428437320287781	0.396071178747253	0.0278107748165894	-0.0769413584231568	0.429893024389343	0.830926236547546	0.648111412695007	0.40837776523407	0.0153336686154176	0.396822816503601	0.502322837621765	0.330105379797058	0.607992846532898	0.428129664342957	0.421417069067078	0.392940233556824	0.273293452673035	0.801113904272156	0.423475217748718	0.420127233434753	-0.166757524316711	0.762465131322937	0.458818678930359	0.576255864355164	0.425336722936707	0.410664839880066	0.995775720922547	-0.0491964804934691	0.419523960302429	0.00292755875213635	0.637476801977234	0.512141165990906	0.415436908910828	0.430501666112976	0.471544890722351	0.0828783678952026	0.42167812851532	0.14613358164032	0.69722612851532	0.42167812851532	0.902249642136414	0.75281079260907	-0.0325957482737426	0.0931931039762573
TAL1-cg26891410-1-47696260	0.472449305395203	0.422579810155945	0.86568264438446	-0.124145013818665	-0.259656771448059	0.42678639414032	0.409465572301941	0.246286507604675	0.463205342260437	0.289357595800476	0.995798442602234	0.146058868261413	0.411426891088562	0.448183135595398	0.758804511816101	0.433471606359558	0.370195135839539	0.453948797277527	0.4230351814328	0.426512037389832	0.399771587621765	0.449192004736023	0.441307168676453	0.378120939855652	0.416488627843933	-0.0233462826174928	0.857482613317566	0.128228588720398	-0.183483840600891	0.406997956091003	0.0353261237545776	0.402030009130554	0.427391215185242	1.16033110825165	0.339473190221863	1.00722610056122	0.401383392675476	0.419754251134949	0.0209438472042845	-0.219254286035461	0.427364096777038	0.760654308935242	0.337612485082703	0.700136837621765	0.0867737410031127	0.370551888891296	0.419472910009461	0.451805452184753	0.429945918920593	0.482626736730652	0.398045141454773	0.956286305944519	0.22808352506073	0.307921976659851	1.10970729013641	0.439084305822449	0.439146548070984	0.535496203710632	0.425553751318054	0.304676936742859	0.460496795324402	0.413381912267761	1.08424279331024	-0.0225564081057741	0.502684032690124	0.00720463113983144	0.388201874364929	0.453762238378601	0.463852981298523	0.401708738500671	0.507232963110046	0.0349014402828978	0.42167812851532	0.29452458164032	0.54883512851532	0.42167812851532	0.238318908175476	0.689087058648132	0.26383951776532	0.57909774401532
TBR1-cg02767242-2-162274424	0.409947318334656	0.460602823095398	0.0369046573239137	0.459884999120789	-0.361033758508606	0.442761407079773	0.420218585241394	0.341898520544128	0.43079935519989	0.436354608739929	1.06518145554169	0.516633881200867	0.436249904028015	0.451620148534851	0.277273524755554	0.404860619299011	0.421760148778992	-0.02145218978302	1.03969619437225	1.13132805032928	0.378005600561218	0.452526017675476	0.437139181615906	1.0962119527951	0.421305640783386	0.49323573032196	0.350504626257019	0.177246601659851	-0.347007827661438	0.408906969030457	0.319792136694031	0.381880022070007	0.401297228124695	0.364712121191101	0.412654203161316	0.883889113500671	0.433655405614929	0.392639264074402	0.0252758601437379	0.551571726903992	0.414379109716492	0.210057321874695	0.791877498022156	0.250114850561218	0.570818753942566	0.65745190183075	0.411730922948914	-0.0263205348757934	0.848549931860046	0.398175749670105	0.385852154394226	0.577912318883972	0.131355538000183	0.839452989599304	0.467656303075867	0.374365318761902	0.398098561010437	0.646214216650085	0.388562764257507	0.434983949682312	0.932480808263855	0.430714925207214	0.912722806249695	0.249671604833679	0.789544045629578	0.488952644079285	0.428431887304382	0.401210251318054	1.06320699423798	1.14017675144012	0.2848019760495	0.116154453222351	0.42167812851532	0.35373658164032	0.48962312851532	0.42167812851532	0.267502651995789	0.583266802468445	-0.0405947384143677	0.644107338835632
TBR1-cg06521615-2-162271801	0.457652673925476	0.411191178686218	0.065409012914734	0.430296354711609	0.258926597082214	0.380076762670593	0.450151940832214	0.740235876134949	0.45048971079071	0.49189496433075	0.254089811132507	0.531286236791687	0.368406259618835	0.179684504125671	0.235300880346375	0.424976974889832	0.506611504369812	0.4616341658078	1.05416454996307	0.380114405920105	0.423094956152039	0.374223373266296	0.322086537206726	0.341468308385925	0.382582996374207	0.696181085912781	0.848511981847839	0.382090957250671	0.499669527929382	1.02114732462128	0.449428492284851	1.21520437766083	0.443021583715515	1.18224947678192	0.468618558752136	0.861973469091492	0.41625876120575	0.307887619665222	0.00614421573455814	0.564440082494812	0.440064465307312	0.381453677465515	0.920307853612976	-0.134684793847961	0.825564109533386	0.36576425742157	0.434504278539734	0.362254820715027	0.620849287450867	0.402223105260925	0.401439509985046	0.389832674474793	0.702651893591003	1.07830734519012	0.409805658666687	0.366572674352722	-0.369092083398743	0.442173572240906	0.321484119848328	0.482714305273132	0.373193163854675	0.368958280798035	0.227788161840515	0.5430769604245	0.275528401220398	0.178143999670105	0.771153242895203	0.417471606908875	0.385070349828796	1.20629910703094	0.51061333164032	0.0104908088131713	0.42167812851532	0.61276158164032	0.23059812851532	0.42167812851532	0.930330134675476	0.269964285148132	0.37592874426532	0.46700851751532
TBR1-cg10954251-2-162272400	0.484242197973328	0.42052070273407	0.111837536962586	0.51756287875946	0.109587121130066	0.416193286718445	0.478815464880066	0.6442644001828	0.465683234838562	0.427844488378601	0.302529335180359	0.404901760839539	1.09777878366669	0.0886530281735231	0.301945404394226	-3.8501062316898e-05	0.162658028417664	0.478725689855652	0.906833074010925	0.836565929967957	0.46634048019989	0.411062897314148	0.463143061254578	0.405994832433777	0.433615520422058	0.184428609960632	0.513323505895691	0.608946481298523	0.485658051977234	0.451835848669128	0.259827016332703	0.487489901708679	0.185202107763367	0.411899000829773	0.484603082799988	0.282430993139343	1.1701082852536	0.470975143713074	0.16280173978241	-0.0510653934573365	0.438389989355164	0.817024201513367	0.422697377660828	-0.11002426980011	0.848194633581238	1.20526378146942	0.469453802587585	0.0377033447628785	0.508223811498718	0.408856629308777	0.860545034032898	0.401641198522644	0.612463417638855	0.284239869237976	0.404690182714539	0.423992198400574	-0.370721559350891	0.686880096288757	0.363559643896179	0.0393018293209839	0.409312687902527	0.428061804845886	0.323820685888367	0.287338484472351	0.349058925268249	-0.0161804762820434	0.404555766943054	0.483670130956726	1.03940087387665	0.416255631078796	-0.249985144311829	0.965718332861023	0.42167812851532	0.54130508164032	0.30205462851532	0.42167812851532	0.589813807128601	0.939827957601257	-0.174618583281555	0.257860192968445
TBR1-cg14187678-2-162272687	0.408392459447937	0.425755964208679	0.660185798437195	0.46688514023407	0.458149382604675	0.399388548193054	0.385350726354675	0.50936466165741	0.377441496313171	0.0330017498532104	0.282249596654968	0.385195022314148	1.1011170451413	-0.00462671035186762	0.952365665868835	0.403680760412293	0.682085289892273	0.420850951330261	0.406050335485535	0.409850191442566	0.375898741674499	0.407047158788757	0.478611322729187	0.985173093908386	1.11500778189667	0.290715871435242	0.4804337673703	0.516318742773132	-0.0115246865481568	0.433948110143738	-0.380452722192688	1.17314816318329	-0.435135630762024	1.11299426230438	0.387956344274597	0.191745254613953	0.42268654672821	0.416352405187683	0.357649001257019	0.542052868017273	0.453794250829773	0.760663462987976	0.592879639135437	-0.1462330083255	0.810862895055847	0.419960042944031	0.400976064062195	0.255486606237488	0.544023072973328	0.426537890783386	0.427322295507507	0.475147459997253	0.937641679113464	0.813603130712585	0.935568444189148	0.425458459875183	-0.399711297876282	0.370100357763367	0.358836905370788	0.293968090795593	0.365763949377136	0.402660066320496	0.335340947362976	0.46953074594696	0.422601186742859	0.033078785192566	1.09708802841766	0.428388392431335	0.394440135351257	0.481087892553406	-0.287603882837219	0.480538594335632	0.42167812851532	0.23088708164032	0.61247262851532	0.42167812851532	0.863288271636414	0.42633742210907	-0.354208118773743	0.419666474476257
TBX15-cg07820868-1-119528638	0.451749510107117	0.431981014867859	0.0800208490963745	0.476557190893249	0.530616433263855	0.421322598852234	0.417198777013855	0.667688712316589	0.422837546972351	0.25483780051239	1.03299464731415	0.256839072973328	0.462686095800476	0.491908340307312	0.364404716528015	-0.107513188928528	0.433055340551453	0.424115001989441	0.618152386144714	1.05921624210175	0.432235792333679	0.565722209447937	0.419073373388367	0.922110144567566	0.400674832555847	-0.0860890779055786	1.16014181802948	0.174323793432312	-0.253851635888977	0.398387160802917	0.0585753284664917	0.395795213842468	0.167238419897156	0.426477312963562	0.428057394933777	0.204456305273132	0.62116459738739	0.427065455846863	-0.0216689480838014	-0.176525081323547	0.474106301488953	0.0730285136471556	0.320543689794617	-0.0522449576663209	0.422545945715027	0.35516109360321	0.231504114721375	0.452127656896667	0.408201123632507	0.508553941442566	0.388827346166687	0.487377510656433	0.274421729772644	0.841733181371765	0.468087494848328	0.421023510534363	-0.371112247217102	0.119722408422546	0.432125956029968	-0.198378858545227	1.18949800003632	0.432460116979675	0.476067998022156	0.27427379660614	0.753360237402039	0.296544835851746	0.399134079076843	0.447299443090515	0.434749186010437	0.414888943212585	0.51766416782196	0.0513696449948119	0.42167812851532	0.38144308164032	0.46191662851532	0.42167812851532	0.137639345636414	0.39178549610907	0.501147955226257	0.454218400476257
TBX15-cg10703826-1-119532116	0.495790578710632	0.376922083471375	0.17296491769989	0.311203259496765	0.528089501867371	0.386652667455749	0.459250845617371	0.601036780920105	0.407551615575867	0.486545869115906	0.961175715917664	0.416029141576843	0.359483164403992	0.455083408910828	0.233706785131531	0.00476487967498784	0.0313134091549684	0.493595070592956	0.47465945474823	0.409662310705261	0.445388860937195	0.348681278051453	0.442237441991882	0.992658213171081	0.357065901159363	0.663720990697937	0.591720886632996	0.112568862035828	0.394901432714539	0.347437229406433	0.464365397070007	0.350181282445984	0.251197488500671	0.346396381567078	0.425504463537292	0.154994373876648	1.24522466599091	0.434917524450378	0.399283120519714	0.623507987279968	0.0545683700924684	0.626324582250671	0.632735758398132	-0.0685728890628052	0.441177014318543	1.22449416220673	0.45362118332489	0.447239725500183	0.387922192236023	0.350202010046082	1.0689544147702	0.370124579259949	0.52453279837616	0.458482249975281	0.382984563451843	0.355736579137878	0.489462821386414	0.714297477026062	0.432774024633484	-0.151075789941711	0.574310068639832	0.390587185583191	0.263308066625671	0.0772368652096559	0.486343306005554	0.0144329044552613	0.342073147680359	0.435426511694031	0.961491254613953	0.363915011816101	0.453907236425476	0.0915347135983277	0.42167812851532	0.18174358164032	0.66161612851532	0.42167812851532	0.576719978042664	0.37174212851532	0.474290587632507	0.338080015882507
TBX4-cg24274579-17-59534637	0.489610483251648	0.46956398801239	0.132971822240906	0.486623164037781	0.215044406408386	0.416687571996765	0.448295750158386	0.589309685461121	0.446897520116882	-0.0660492263430786	0.411344620458679	0.252128046117859	0.412127068945007	0.426956313451843	0.296807689672546	-0.279430215783997	0.072583313695984	0.469520975133972	0.431747359289246	1.12904521524628	0.47155576547821	0.411392182592468	0.476839346532898	0.411443117712097	1.19340080570038	0.640924895238953	0.400818791174011	0.153934766576843	-0.155091662744446	0.417555133947449	0.292697301611023	0.417496186987	0.470353393041687	0.391343286108093	0.166646368078308	0.270919278417664	0.421160570531921	0.468709428991394	0.57976502506073	-0.178588108179016	0.481340274633484	-0.0187535132083129	0.579726662939148	0.754812015478211	0.848487918859558	1.22829806674774	0.465374087865906	0.488733630041199	0.950917096777039	0.398580914587097	0.395641319311218	0.433510483800964	0.287908702917175	0.426052154516296	0.437261467992859	0.490823483678894	-0.392346274072571	0.694451381567078	0.447662929174499	0.518545114599304	0.423137973180847	0.911599090124207	0.279542971166687	0.104080769750671	0.34665321054657	0.00234480899627698	0.402062052221375	0.457307416235046	0.422198159154968	0.401952916357117	0.478493140966492	0.0642316181393432	0.42167812851532	0.22943358164032	0.61392612851532	0.42167812851532	0.299981478042664	0.51303162851532	0.333001087632507	0.628986851882507
TBX5-cg05555207-12-114847641	0.413993899877625	0.613134404638367	0.881028238866882	0.452026580663757	0.502289823034363	0.337709988622742	0.436390166784363	0.00530710208709723	0.442899936742859	0.426585190282898	0.757615037084656	0.455801462743836	0.327420485570984	0.46173973007782	0.180445106298523	0.43547220084198	0.45790473032196	0.471464391759949	0.303781775915222	0.316997631872253	0.404645182104187	0.334080599218445	0.465084763158875	0.783022534338074	0.400452222326355	0.388674311864929	0.395490207799988	0.14365018320282	0.424232753881531	1.19495655057343	0.442427718237	0.792186603612976	0.405873809667664	0.56440470273407	0.358895784704285	0.17631869504364	0.296058987157898	0.418205845617371	0.265977441686707	0.51981330844696	-0.13089830874054	-0.0820000965823363	0.242551079565125	0.480401432104187	-0.0316786645144653	0.477353483373718	0.333316504491882	0.522345046667175	0.868520513403015	0.420663331213074	0.980057735937195	0.674820900426941	0.0914831195431519	0.841002571142273	0.327938884618835	0.335886900304871	0.213665142553406	0.00116979819305413	0.406283345800476	0.494320531225281	0.790943389806824	0.300084506750183	0.372114387792664	0.149353186376648	0.252877627172546	0.785789225622254	1.10962746884735	0.422178832861023	0.318227575780945	0.834494332983093	0.493261557592468	0.67907803476532	0.42167812851532	0.48622608164032	0.35713362851532	0.42167812851532	0.578894136136413	0.30842628660907	0.204376745726257	0.537577609976257
TBX5-cg06911121-12-114847164	0.447158000341492	0.335196505102234	0.910083339330749	0.418242681127624	0.50410392349823	0.325219089086609	0.43498226724823	0.00841920255096446	0.444304037206726	0.403370290746765	0.451409137548523	0.492846563207703	0.740910586034851	0.424771830541687	0.65716120676239	0.406590301305847	0.113487830785828	0.451944492223816	0.316253876379089	0.337086732336121	0.421857282568054	0.317848699682312	0.419021863622742	0.830590634801941	0.372675322790222	0.654943412328796	0.361252308263855	0.251304283666687	0.343069854345398	0.467947651037293	0.443532818700867	1.06237970407684	0.0769019101315308	0.309892803197937	0.383167885168152	0.659115795507507	1.03793408762177	0.433256946081238	-0.0031914578494262	0.583546408910828	-0.257453208276672	-0.0757379961184691	0.262542180028992	0.636969532568054	-0.0478665640505982	1.18190158383759	0.40205160495575	0.427572147131043	0.460591613866882	0.329381431676941	0.699541836401062	0.355873000890808	0.126590220007019	0.29491367160614	0.322419985082703	0.539730000768738	0.175359243017273	0.456435898656921	0.411222446264343	0.522052631689148	0.636922490270691	0.88627360721405	0.232450488256531	0.357705286840515	0.432437727636414	0.156021326086121	1.09028556931122	0.41541593332489	0.679966676244812	1.19309943344696	0.484795658056336	-0.035203864770813	0.42167812851532	0.60481858164032	0.23854112851532	0.42167812851532	0.931113978042664	0.48375012851532	0.362282587632507	0.283747893882507
TBX5-cg25399352-12-114837572	0.450640853857117	0.550516358617859	0.456332192846374	0.46256153464325	0.552439777013855	0.431514942602234	0.475331120763855	0.157491056066589	0.453800890722351	0.50609214426239	0.774401991064148	0.390417416723328	0.739991439550476	0.480037684057312	0.296658060278015	-0.0262718451785278	0.0676316843014527	0.505408345739441	0.414582729894714	0.394833585851746	0.474593136083679	0.421414553197937	0.479633717138367	0.364297488317566	0.396139176305847	0.687997265844421	0.54900816177948	0.343428137182312	-0.197819292138977	0.495069504552917	0.465444672216492	0.408288557592468	0.214340763647156	0.403690656713562	0.427919738683777	0.226615649023132	0.39123394113739	0.473109799596863	0.0254323956661988	0.625155262426452	0.123665645238953	0.0581868573971557	0.380862033544617	-0.0662546139163208	0.343868289465027	0.42316143735321	-0.302908541528625	0.503034000646667	0.281145467382507	0.410945285192566	0.510746689916687	0.698899854406433	0.196512073522644	0.264188525121765	0.671718838598328	0.448958854284363	0.0943980965328979	-0.153338247827454	0.450202299779968	0.587322485204773	0.413716343786316	0.467228460729675	0.591515341772156	0.14689014035614	0.543924581152039	0.169258179601746	0.805104422826843	0.243074786840515	0.402538529760437	0.742075286962586	0.51901351157196	0.0649129887448119	0.42167812851532	0.24411508164032	0.59924462851532	0.42167812851532	0.565024895136414	0.36788004560907	0.139703504726257	0.478123850976257
TBX5-cg26196480-12-114846347	0.441353639501648	0.94926514426239	0.911673978490906	0.450665320287781	0.384273562658386	0.374423728246765	0.438892906408386	0.265263841711121	0.430947676366882	0.471894929906921	0.771430776708679	0.462132202367859	0.380628225195007	0.457004469701843	0.220173845922547	-0.252203059533996	0.076242469945984	0.467007131383972	0.483168515539246	1.15131237149628	0.379276921728211	0.379672338842468	0.449840502782898	0.799450273962097	1.18641096195038	-0.144788948511047	0.350823947424011	0.104867922826843	0.471852493505554	1.12965529019745	0.449014457861023	0.346640343237	0.412963549291687	0.347209442358093	0.397035524328308	0.757915434667664	0.349584726781921	0.422195585241394	0.01103018131073	0.585096048070984	-0.421306569116516	0.165237643041687	0.526170819189148	0.400000171728211	0.796913075109558	0.886388222997742	0.0482222441159059	0.459804786291199	0.514954253027039	0.372685070837097	0.355674475561218	0.548132640050964	0.427308859167175	0.686568310766296	1.18560262424286	0.356931639928894	0.214782882177429	0.329715537817078	0.418920085424499	0.512099270849304	0.365716129430847	0.357012246374207	0.346092127416687	-0.00797207399932853	0.61734636679657	0.098654965246277	1.19272220847137	0.273587572485046	0.792630315404968	0.343097072607117	0.262302297216492	0.596530774389343	0.42167812851532	0.39587158164032	0.44748812851532	0.42167812851532	1.09164791513641	0.45874506560907	-0.180766475273742	0.387258830976257
TCF21-cg24157171-6-134210307	0.246060649267273	0.390342154028015	0.667611988256531	-0.296043669946594	0.536670572424011	0.38344173801239	0.424841916174011	0.520960851476746	0.416106686132507	0.501660939672546	0.401867786474304	-0.243235787866516	0.961242234960632	0.459322479467468	1.00955585568817	0.354538950231628	0.158477479711609	0.509167141149597	0.408397525304871	0.653427381261902	0.228741931493835	0.864734348608093	0.439882512548523	0.800122283727722	1.154731971716	0.637880061254578	1.13164795718964	0.118803932592468	0.512322503271179	0.608553299963074	0.472385467626648	1.13972135300262	0.401091559057312	0.365557452123718	0.333956534093933	0.917449444433289	0.914530736547546	0.453197595007019	0.491846191076355	0.620743057836609	-0.442897559350891	-0.0600913471926879	0.585131828954773	-0.125634818506164	0.848995084875183	1.01503323276337	-0.324257746118469	0.397627796056824	0.485824262792664	0.395879080602722	0.370240485326843	0.351047649816589	0.1299698689328	1.13955732053192	0.368904634008484	0.398218649694519	-0.408340108056946	-0.166369452417297	0.437741095190124	-0.354597719385071	0.379751139196472	0.366918256139832	0.866938137182312	0.120046935766296	0.302341376562195	0.654684975011902	0.565730218237	-0.385712417749329	0.672545325170593	0.370303082372742	0.492586306982117	0.0332617841549683	0.42167812851532	0.57664258164032	0.26671712851532	0.42167812851532	0.415088102128601	0.676164252601257	0.135051711718445	0.432585897968445
TCF7L2-cg00159523-10-114713187	-0.378334042993469	0.400797461767273	0.958334295995789	-0.156267362207336	0.580550880163269	0.438845045751648	0.535909223913269	0.119189159216003	0.191737993871765	0.425958247411804	0.350681094213562	0.579115519872742	0.39127754269989	0.447101787206726	0.264005163427429	0.498143257970886	0.689179787450867	0.522479448888855	0.442533833044128	0.40348268900116	0.321340239233093	0.416315656347351	-0.343310179712219	0.58272659146698	0.440890279455261	-0.151289631006165	0.381552264928894	0.722430240331726	0.565533811010437	0.383505607702332	0.454749775365906	0.400406660741882	-0.0536551332034301	0.386960759862976	-0.373096158166809	0.822144752172546	0.382832044286804	-0.423029097253723	0.913470498815613	0.636807365575867	0.504077748388367	0.74365196054657	0.324956136694031	0.290893489233093	0.523974392614441	0.457481540502625	0.479311561620789	0.611241103796081	0.0705095705319214	0.44595938834198	1.1722367930661	0.398378957555847	0.220386176672058	0.290053628271179	0.400899941747742	0.433845957433777	0.543264199682312	-0.16446614467804	-0.453376597070618	0.575900588354187	0.39440044693573	0.439854563879089	0.68644444492157	0.750681243505554	0.296909684301453	0.19545328275116	0.416863525976257	0.459886889989929	0.437852632909851	0.389122390112	0.530086614721374	0.377967091894226	0.42167812851532	0.46236258164032	0.38099712851532	0.42167812851532	0.920749475136414	0.32746962560907	0.222859084726257	0.518534270976257
TCTEX1D1-cg25339566-1-67218165	0.526170501928406	0.437637006689148	0.0992258409176637	0.530342182714539	-0.323999574914856	0.430354590673523	0.470835768835144	0.701507704137879	0.45252453879364	0.324714792333679	0.327951639135437	0.0609770647946168	0.406195087621765	0.484258332128601	0.860764708349304	0.504355802892761	0.488682332372742	-0.32431600618927	0.404719377966003	0.418329233923035	0.522937784154968	0.423423201269226	0.471599365209656	0.380173136388855	0.419422824377136	0.74431891391571	0.409261809850769	0.164754785253601	-0.295437644067688	0.416032152624207	0.502611320287781	0.420681205663757	0.513717411718445	0.414298304784851	0.494169386755066	0.216209297094421	0.835673589208679	0.437022447668152	0.656496043737488	0.626638910497742	0.545349293310242	0.694355505468445	0.334376681615906	0.661786034154968	0.068843937536316	0.8653650854245	0.468416106542664	0.461945648717957	0.132114115453796	0.426479933263855	0.415652337987976	0.393183502477722	0.227468721593933	0.286381173193054	0.421449486669617	0.420760502355652	0.335763744604187	0.742860400243835	0.489308947851257	-0.170232866723938	0.420586991857605	0.412468108800964	1.15601298984344	0.163213788427429	0.474663229223328	0.00436582767303473	0.484847070898132	0.486103434911804	0.413456177831726	0.410844935033875	0.533677159643249	0.221097636816101	0.42167812851532	-0.0183114183596801	0.86167112851532	0.42167812851532	0.163857478042664	0.37547662851532	0.470556087632507	0.566652094882507
TET1-cg23350336-10-70321554	0.420312024877625	0.393354529638367	0.779760363866882	0.438913705663757	0.498262948034363	0.397541113622742	0.434327291784363	0.502279227087097	0.102092061742859	0.245352315282898	0.350808162084656	-0.214958412256165	0.364530610570984	0.37626185507782	0.211752231298523	0.39944932584198	0.0462448553219604	0.442775516759949	0.334908900915222	0.507808756872253	0.330423307104187	0.406221724218445	-0.387269111841126	0.495151659338074	1.01861434732635	0.0244914368649291	0.541228332799988	0.55200730820282	0.449562878881531	0.361592675573425	0.353398843237	0.483434728612976	0.420661934667664	0.42460682773407	0.419189909704285	0.90561582004364	0.837064112157898	0.290677970617371	0.782102566686707	0.44264543344696	0.42552581625946	0.542832028417664	0.333563204565125	-0.109647442895813	0.821290460485535	0.410916608373718	0.393596629491882	0.502047171667175	0.0604006384030151	0.387221456213074	0.369176860937195	0.377936025426941	0.708595244543152	0.619834696142273	0.590955009618835	0.375793025304871	0.466456267553406	-0.165898076806946	0.422086470800476	0.446089656225281	0.354602514806824	0.426723631750183	0.558020512792664	0.0179793113766479	0.412289752172546	0.275846350622253	0.486370593847351	0.444818957861023	0.456331700780945	0.427020457983093	0.534737682592468	0.0824291597653197	0.42167812851532	0.48812158164032	0.35523812851532	0.42167812851532	0.633650244675476	0.242293395148132	0.40000985426532	0.44292740751532
TFAP2A-cg20540714-6-10415873	0.528791977758484	0.507809482519226	0.930671316747742	-0.262707341455383	0.482298900915222	0.447337066503601	0.506021244665222	0.316210179967957	0.505201014623718	-0.176298731836243	0.772927114965515	0.277167540624695	0.437748563451843	-0.298400192041321	0.295150184179382	-0.104289721277161	0.27370780820282	0.290143469640808	0.432778853796082	0.485296709753113	0.479343259985046	0.432676677099304	-0.303882158960266	0.406853612218933	0.489027300207214	0.108045389745789	0.860821285680847	0.663875261083679	-0.26437916823761	0.414698628454285	0.377526796117859	0.455053681493835	0.399927887548523	1.26926778061493	0.497835862585144	0.305963772924499	0.632466065038757	0.39183692349823	0.051539519567566	-0.21444161367218	0.49495476914032	-0.051593018701477	0.422527157445984	-0.0776424900149536	0.0533394133663941	1.24525856125458	0.454195582372742	0.298100124548035	0.0931745912838746	0.421408409093933	0.428252813818054	0.4024949783078	1.03362919742401	0.303862649023132	0.425069962499695	0.43641397818573	-0.334611779565735	0.408968876073914	0.473019423681335	-0.22034039089386	0.430754467687683	0.404702584631042	0.302949465673523	0.668936264257507	1.13457270505341	-0.0163696964968871	0.86693354672821	-0.359171089258118	0.504815653661804	0.459087410863953	-0.140928364526672	0.905055112646179	0.42167812851532	0.58851658164032	0.25484312851532	0.42167812851532	0.191831528636414	0.34050767910907	0.547060138226257	0.505496217476257
TFAP2E-cg18131141-1-36043002	0.488605182958679	0.400173687719421	0.0794295219479371	0.490362863744812	0.523166106115418	0.396301271703796	0.398929449865418	0.764937385168152	0.421671219823914	0.479338473363953	1.00848332016571	0.52521174582489	0.385919768652039	0.425973013158875	0.240952389379578	0.214305483923035	0.701349013403015	0.466728674841003	0.389190058996277	0.395463914953308	0.486000465185242	0.4018058822995	0.452051046239929	0.379426817419128	0.45738850540741	-0.123323405054016	0.383275490881043	0.582851466283875	0.458186036962585	0.66906283365448	0.466404001318054	0.405672886694031	0.510038092748718	0.391493985815125	0.415926067785339	0.213514978124695	0.398672270238953	0.448940128698425	0.371076724767761	-0.226043408471985	0.461986974340515	0.129558186498718	0.427686362646179	0.664886715185242	0.815222618566589	0.544195766454773	0.472339787572937	0.36041432974823	0.49049379648407	0.395234614294128	0.44426501901825	0.355940183507996	0.481931402624207	1.14004985422333	0.38118116769989	0.381202183385925	0.511817425634461	0.485776081274109	0.473148628881531	0.270426814306335	0.391478672887879	0.377224789831238	0.251956670873718	0.511871469457703	0.290049910253601	0.737544508703308	0.392484751928406	0.419061115942078	0.386246858862	0.380926616064148	0.327913840673523	0.642614317846375	0.42167812851532	0.37644258164032	0.46691712851532	0.42167812851532	0.585301901675476	0.330284052148132	0.45743051126532	0.38550675051532
TFAP2E-cg24685006-1-36043014	0.489024959447937	0.398881464208679	0.0742902984371949	0.46464364023407	0.544922882604675	0.390136048193054	0.396164226354675	0.75379716165741	0.410608996313171	0.45290724985321	0.990039096654968	0.495813522314148	0.472176545141296	0.400196789648132	0.233178165868835	0.427477260412293	0.671941789892273	0.426428451330261	0.382788835485535	0.378128691442566	0.462342241674499	0.376200658788757	0.404784822729187	0.380437593908386	0.531363281896667	-0.116232628564758	0.3712312673703	0.591678242773132	0.434654813451843	0.772740610143738	0.453315777807312	0.395770663183289	0.489248869237976	0.373101762304382	0.400211844274597	0.245854754613953	0.41710904672821	0.428208905187683	0.437240501257019	-0.222690631982727	0.479946750829773	0.135478962987976	0.800349139135437	0.654711491674499	0.796159395055847	0.443438542944031	0.457635564062195	0.392383106237488	0.497255572973328	0.383384390783386	0.376971795507507	0.370235959997253	0.632469179113464	1.13826963071259	0.370090944189148	0.375641959875183	0.478774202123718	0.467638857763367	0.453584405370788	0.262271590795593	0.383049449377136	0.371643566320496	0.239371447362976	0.46029524594696	0.280124686742859	0.706033285192566	0.378037528417664	0.433278892431335	0.376268635351257	0.367669392553406	0.403630617162781	0.666425094335632	0.42167812851532	0.37522758164032	0.46813212851532	0.42167812851532	0.862043760175476	0.369566910648132	0.45183436976532	0.39110289201532
TLX1-cg12118269-10-102893980	0.503294363988953	0.427232868749695	0.0961397029782105	0.489681044775085	0.593289287145691	0.42645945273407	0.469405630895691	0.213455566198425	0.442743400854187	0.463672654394226	0.648128501195984	0.514454926855164	0.399006949682312	0.414557194189148	0.276331570409851	0.492339664953308	0.197582194433289	0.458598855871277	0.39535624002655	0.410250095983582	0.529647646215515	0.412871063329773	0.447650227270203	0.403250998449402	0.415482686437683	0.667116775976257	0.415784671911316	0.147825647314148	0.566108217992859	0.416555014684753	0.465039182348328	0.416784067724304	0.549716273778992	0.411440166845398	0.451832248815613	0.270811159154968	0.412381451269226	0.448743309728699	0.0135089057980347	0.101823772558289	0.556538155370789	0.334849367528992	0.413921543676453	0.696959896215515	0.0909537995968627	0.631345947485046	0.499408968603211	0.517403510778504	0.131869977514343	0.418371795324402	0.451610200048523	0.548140364538269	0.70281358365448	0.538131035253601	0.411396348730164	0.414906364416199	0.540485606664734	0.450609262304382	0.474921809911804	0.0427659953366089	0.414576853918152	0.411891970861511	0.278711851903992	0.302904650487976	0.308861091283875	0.589289689733582	0.402500932958679	0.526012296972351	0.414340039892273	0.481453797094421	0.544531021703796	0.176257498876648	0.42167812851532	0.58363908164032	0.25972062851532	0.42167812851532	0.388227613136414	0.43466476360907	0.578841222726257	0.411339132976257
TLX1-cg14861089-10-102895043	0.428991705663757	0.3180762104245	0.831134044653015	0.44134138644989	0.480969628820496	0.336657794408875	0.410197972570496	0.58347990787323	0.404947742528992	0.433758996069031	0.802619842870788	0.504143268529968	0.280117291357117	0.400400535863953	0.473953912084656	0.420423006628113	0.319167536108093	0.404584197546081	0.395291581701355	0.315404437658386	0.38992998789032	0.341234405004578	0.421415568945007	0.421894340124207	0.955277028112488	0.646264117651062	1.11435101358612	0.422315988988953	0.471067559667664	0.392424356359558	0.436001524023132	0.306786409399109	0.401963615453796	1.0740385085202	0.417052590490417	0.277247500829773	0.768342792944031	0.402480651403503	0.0691872474728393	0.563858114233093	0.413460497045593	0.727855709203796	0.308739885351257	0.64419523789032	0.115695141271667	0.998560289159851	0.393427310278015	0.450903852453308	0.556606319189148	0.329797136999207	0.318752541723328	0.273429706213074	0.875635925329285	1.01892137692841	0.298727690404968	0.312910706091003	0.417292948339539	0.660475603979187	0.384708151586609	0.488391337011414	0.758488195592957	0.295234312536316	0.939643193578796	0.554956992162781	0.641285432958679	0.755152031408386	0.273371274633484	0.395836638647156	0.293573381567078	0.307650138769226	0.460577363378601	0.520341840551453	0.42167812851532	0.54710558164032	0.29625412851532	0.42167812851532	0.245863171636414	0.31035532210907	0.555680781226257	0.535648574476257
TLX1;TLX1NB-cg03020810-10-102890984	-0.343101959863586	0.443438544897156	0.115136379125671	-0.203314279077454	-0.285378036706848	0.442766128881531	0.541066307043152	0.584806242345886	0.323301077001648	0.0476083305416871	0.315314177343445	0.421978603002625	0.415905625829773	-0.047885129663391	0.292567246557312	0.454990341100769	0.359736870580749	-0.307713467981262	0.413337916174011	0.426061772131043	0.557141322362976	0.432210739477234	-0.318967096582337	0.396388674596863	0.423694362585144	-0.109008547876282	0.795137348058777	0.166842323461609	0.48514589414032	0.423450690832214	0.506173858495789	1.29222874387177	0.564529949926453	1.16955984299286	0.140653924963074	0.972257835302429	1.26761312741669	0.52481898587616	0.889260581945496	0.12938744870575	0.57271283151825	0.0359440436764528	0.347017219823914	0.600173572362976	0.0366854757443239	0.400661623632507	0.547114644750671	0.525648186925964	0.114046653661804	0.436698471471863	0.480058876195984	0.41310204068573	1.00565025980194	0.297129711401062	0.428656024877624	0.42885804056366	0.390595282812195	0.114088938451843	0.111978486059265	0.62083367148407	0.431449530065613	0.427360647008972	0.835444528051453	0.386539326635437	0.327659767431335	0.392425365881042	0.41906560910614	0.541296973119812	0.428852716039734	0.421740473241882	0.227486697851257	0.392577175024109	0.42167812851532	0.44693058164032	0.39642912851532	0.42167812851532	0.307808651995789	0.542960802468445	0.632809261585632	0.240484543835632
TLX1NB-cg15468521-10-102883343	0.424854470922546	0.428244975683289	0.342190809911804	0.456855151708679	0.326805394079285	0.417409559667664	0.429140737829285	0.103715673132019	0.416669507787781	0.36112176132782	0.299524608129578	0.461878033788757	0.398394056615906	0.407273301122742	0.852658677343445	0.444747771886902	0.721577301366882	0.421052962804871	0.396644346960144	0.401009202917175	0.501603753149109	0.403072170263367	0.437269334203796	0.408140105382996	0.433813793371277	0.683994882909851	0.40409077884491	0.141537754247742	0.502416324926453	1.03651412161835	0.470825289281921	0.412776174657898	0.119445380712585	0.403429273778992	0.453124355749207	0.223442266088562	0.41114155820282	0.430355416662292	0.255232012731628	0.457113879491882	0.528707262304382	0.810880474462585	0.544325650610046	0.659034003149109	0.0565939065304566	0.37436105441864	0.459224075536804	0.443727617712097	0.0904460844479371	0.413279902257996	0.422493306982117	0.412729471471863	0.958306690588074	0.273138142187195	0.570106455663757	0.400907471349792	0.425618713598328	0.519864369237976	0.458967916845398	0.576577102270203	0.913963960851746	0.415559077795105	0.270448958837585	0.35198075742157	0.767932198217468	0.427671796667175	0.394849039892273	0.434438403905945	0.405236146825867	0.402196904028015	0.49871012863739	0.277537605810242	0.42167812851532	0.50044908164032	0.34291062851532	0.42167812851532	0.211134478042664	0.37726762851532	0.468765087632507	0.488458497882507
TLX1NB-cg16448058-10-102880841	0.452901139501648	0.36736264426239	0.906662478490906	0.104389820287781	0.494881062658386	0.405910228246765	0.459108406408386	0.190761341711121	0.458446176366882	0.312051429906921	0.246026276708679	0.471295702367859	0.842957725195007	0.495494969701843	0.211391345922546	-0.323772559533997	0.221051969945984	0.292347631383972	0.364688015539246	0.385860871496277	0.41784842172821	0.394738838842468	0.476937002782898	0.349856773962097	0.831051461950378	0.677861551488953	0.360320447424011	0.494935422826843	0.469652993505554	0.663478790197449	0.463453957861023	0.458081843237	0.422874049291687	0.359095942358093	0.458046024328308	0.987822934667664	0.547712226781921	0.421297085241394	0.48808968131073	0.604356548070984	0.393508930883484	-0.097419856958313	0.309974319189148	-0.0641133282717896	0.293697575109558	1.14119472299774	0.430844744115906	0.449177286291199	0.0566737530270386	0.449781570837097	0.358887975561218	0.353991140050964	0.167957359167175	1.0722328107663	0.367776124242859	0.356527139928894	0.138822382177429	0.659166037817078	0.419818585424499	-0.0124742291506958	0.361160629430847	0.361923746374207	0.690888627416687	0.532856426000671	0.98028086679657	0.662664465246277	0.389383708471375	0.443095072485046	1.05399681540497	1.18261557260712	0.323472797216492	0.283782274389343	0.42167812851532	0.35915808164032	0.48420162851532	0.42167812851532	0.342827651995789	0.507941802468445	0.742590261585632	0.145653809835632
TMCO3-cg03479204-13-114193155	0.410261588110046	0.587480092870788	-0.0485540729006957	0.427416268896179	0.455285511266785	1.18251067685516	0.373212855016785	0.872341790319519	-0.112056375024719	-0.27649812148468	1.06386372531708	-0.277387849023743	0.403180173803406	0.421841418310242	1.04228379453094	-0.483460110925598	0.772254418554382	-0.401238920007629	1.16627346414764	0.595294320104675	-0.397714129663391	1.17733028745087	0.419163451391296	0.411220222570496	0.342119910558777	-0.239769999902649	1.18049089603241	0.913741871435242	-0.363536557886048	0.468939238805847	0.408172406469421	0.265390291845398	0.345149497900085	1.17924839096649	0.381585472936706	0.156023383276062	0.25465767539032	0.360086533849792	0.786586129919128	0.544523996679382	0.371139379491882	0.707024591650085	0.601988767797546	-0.090281879663391	0.789515023717956	1.15235817160614	-0.220460807275696	0.498188734899597	0.840821201635437	0.354688019445496	0.415798424169617	1.09040658865936	0.905979807775574	0.417551259374695	1.16568457285126	0.527016588537292	0.392712830785828	-0.267827513574524	0.343882034032898	0.454699219457703	1.19489307803925	0.378595194982605	1.03420207602509	0.69976687460907	1.06529831540497	0.335343913854675	1.16899615707977	-0.208230478906555	1.17770126401337	1.16356802121552	-0.33321275417511	-0.0923052770022582	0.42167812851532	0.20040908164032	0.64295062851532	0.42167812851532	0.642150605034851	0.848260755507507	0.205552214624695	-0.382782032125305
TMCO3-cg08699341-13-114193224	0.417948936864929	0.524179441625671	-0.0281307241458129	0.451441617651062	0.482972860021668	1.12009802561005	0.341113203771667	0.889050139074402	-0.179104026269836	-0.354458772729797	1.07186307407196	-0.29753350026886	0.301547522558289	0.411662767065125	1.04714014328583	-0.475712762170715	0.792134767309265	-0.425005571252747	1.17859681290253	0.636064668859558	-0.465533780908508	1.17918963620575	0.406250800146179	0.363435571325378	0.30768925931366	-0.232895651147766	1.18791624478729	0.924506220190125	-0.399479209131165	0.42252658756073	0.421245755224304	0.287949640600281	0.340623846654968	1.19510673972137	0.389019821691589	0.116024732030945	0.286059024145203	0.351433882604675	0.799659478674011	0.571008345434265	0.382783728246765	0.718667940404968	0.516398116552429	-0.153018530908508	0.798103372472839	1.17959552036102	-0.305696458520813	0.52438108365448	0.82921055039032	0.316548368200379	0.3504017729245	1.10322793741425	0.888597156530457	0.304008608129578	1.19276692160614	0.422892937292175	0.391802179540711	-0.261399164819641	0.333995382787781	0.471328568212585	1.21938742679413	0.348004543737488	1.03375842477997	0.691135223363953	1.06536566415985	0.480263262609558	1.19455150583466	-0.285284130151672	1.18272161276825	1.1607053699704	-0.349805405420227	-0.0773269282473754	0.42167812851532	0.20658408164032	0.63677562851532	0.42167812851532	0.650716105034851	0.865162255507507	0.196986714624695	-0.226508253125305
TMCO3-cg14534144-13-114150007	-0.404659046777649	0.328033457983093	0.925482292211609	0.486762634008484	-0.307133123620911	0.698848041967468	0.436920220129089	0.946854155431824	-0.455597009912414	0.486623243627624	1.11705109042938	0.358984516088562	0.77132153891571	-0.300068216577454	0.46984515964325	0.458768254186706	0.604307783666687	-0.274998554895325	0.690618829259949	0.37085568521698	0.404502235448914	0.672380652563171	0.318632816503601	0.6960425876828	0.505620275671082	-0.186236634790344	0.380000261144714	0.562241236547546	-0.119121192773743	0.327129603918152	0.478485771581726	0.400733656957703	0.40942586301239	1.0524367560788	0.177556838049011	0.274684748388367	0.316566040502624	-0.477625101037903	0.845706495031433	0.400513361791687	0.430642744604187	0.16683095676239	0.894728132909851	0.0117804854489136	0.850233388830261	0.284851536718445	0.423774557836609	0.575494100011902	0.904037566747742	1.1963713845578	1.02313578928192	0.624684953771668	0.166067172887878	0.167808624486999	1.13557793796356	0.598432953649597	0.416972195898132	-0.239411148462219	-0.514623600854797	0.519571584570007	0.34097444315155	0.50878656009491	0.45090944113739	0.737256239721375	0.234030680517273	-0.02931172103302	0.687666522192078	0.21972888620575	0.711798629125671	0.34631138632782	-0.180225389062805	0.0200490881100464	0.42167812851532	-0.18122141835968	1.02458112851532	0.42167812851532	0.423101605034851	0.794927755507507	0.424601214624695	0.408415254874695
TMCO3-cg21561701-13-114193150	0.420902923925476	0.528426428686218	-0.039922737085266	0.449372604711609	0.482922847082214	1.16253101267059	0.375722190832214	0.896989126134949	-0.110373039209289	-0.342293785669251	1.07883706113251	-0.296333513208313	0.310458509618835	0.418398754125671	1.06094213034637	-0.494206775110168	0.781732754369812	-0.4407175841922	1.19150179996307	0.574773655920105	-0.458778793847961	1.1913446232663	0.416267787206726	0.353337558385925	0.315812246374207	-0.247249664087219	1.19669323184784	0.923579207250671	-0.414103222070618	0.422545574621277	0.419872742284851	0.281308627660828	0.344142833715515	1.19703472678192	0.377184808752136	0.0890427190914918	0.26925001120575	0.365465869665222	0.811262465734558	0.570148332494812	0.387700715307312	0.721133927465515	0.612779103612976	-0.133425543847961	0.809825359533386	1.18533650742157	-0.243509471460266	0.522198070715027	0.852286537450867	0.308725355260925	0.344243759985046	1.14036292447479	0.858957143591004	0.348778595190125	1.20739890866669	0.498291924352722	0.384030166601257	-0.270582177759094	0.352024369848328	0.475634555273132	1.21466841385468	0.351924530798035	1.04499541184052	0.7004552104245	1.0749136512204	0.471546249670105	1.1949154928952	-0.240343143091125	1.1905415998288	1.15416435703094	-0.37429941835968	-0.0798579411868285	0.42167812851532	0.20066708164032	0.64269262851532	0.42167812851532	0.647402105034851	0.866533255507507	0.200300714624695	-0.392101028125305
TMCO3-cg23167246-13-114150035	-0.376769442285462	0.320103062475281	0.904834896703796	0.463937238500671	-0.293286519128723	0.797184646459656	0.416952824621277	0.927430759924011	-0.476133405420227	0.474474848119812	1.10767969492157	0.43257412058075	0.861284143407898	-0.256844612085266	0.474428764135437	0.448544858678894	0.557022388158875	-0.191171950403137	0.660962433752136	0.375016289709168	0.383695839941101	0.737647257055359	0.284901420995789	0.651207192174988	0.529921880163269	-0.210900030298157	0.425857865636902	0.638956841039734	0.119382411718445	0.320799208410339	0.458516376073914	0.40959726144989	0.383674467504578	0.841851360570984	0.132007442541199	0.265228352880554	0.323390644994812	-0.496709496545715	0.827568099523621	0.178646966283874	0.404281349096374	0.194865561254578	0.833000737402039	0.0333370899411011	0.835403993322449	0.270264141210632	0.401764162328796	0.561259704504089	0.877761171239929	1.20579598904999	1.14314639377411	0.636084558263855	0.230077777380066	0.175963228979187	1.20839754245575	0.668055558141785	0.43769380039032	-0.235273543970032	-0.50313799636261	0.506737189062195	0.354319047643738	0.504120164587097	0.636566045629578	0.679160844213562	0.23062028500946	-0.0298791165408325	0.699083126684265	0.214615490697937	0.659169233617859	0.360765990820007	-0.0509127845706178	-0.00997530739776609	0.42167812851532	-0.10269791835968	0.94605762851532	0.42167812851532	0.472773605034851	0.830556755507507	0.374929214624695	0.365205403874695
TMEM106A-cg18222083-17-41364007	-0.366247915796204	0.427441588964539	0.678993423193054	0.559432764989929	-0.230396992639465	0.416672172948914	-0.369030648889465	0.092579286413269	0.526730121069031	0.56590137460907	0.285772221410828	0.610657647070007	0.391977669897156	-0.336199085596008	1.05049329062469	0.545415385168152	0.635326914648132	-0.312651423913879	0.389351960241394	0.403721816198425	0.526232366430359	0.405926783544617	0.479730947485046	0.386990718664246	1.19683140665253	-0.137005503808899	0.39915939212616	0.133589367528992	0.545588938207703	0.403408734899597	0.564076902563172	0.412553787939148	0.531956993993836	0.403960887060242	0.531696969030457	0.766473879369812	0.40473617148407	-0.406713970056457	0.912828626012878	0.654185492773132	-0.400874124414368	0.866067087743835	0.541085263891296	-0.0964813835696409	0.725338519811707	1.30369066769989	-0.419666311181946	0.454340230993347	1.01854969772919	0.411891515539246	0.436386920263367	0.379768084753113	0.160271303869324	0.917739755468445	0.672834068945007	0.406105084631042	0.565812326879578	-0.142857017480774	-0.424392469873352	-0.306424284448547	0.411352574132996	0.465161691076355	0.272544572118835	0.48816937070282	0.316855811498718	0.832744409948425	0.396729653173523	0.478901017187195	0.468866760107117	0.402395517309265	0.55303474191864	0.769527219091492	0.42167812851532	0.64419758164032	0.19916212851532	0.42167812851532	0.153962537136414	0.34697268760907	0.506648146726257	0.499031208976257
TMEM106A-cg19548479-17-41363737	-0.350673516138	0.439026988622742	0.919278822851258	0.516130164648132	-0.0707795929812622	0.432777572607117	-0.358030249231262	0.111098686071472	0.416114520727234	0.556087774267273	0.307420621069031	0.51841504672821	0.439331069555359	-0.323007685937805	1.0245816902829	0.412508784826355	0.598529314306335	-0.319530024255676	0.401623359899597	0.426657215856628	0.463438766088562	0.41825618320282	0.39994234714325	0.420054118322449	1.13739880631073	-0.123421104150696	0.413563791784363	0.149039767187195	0.501876337865906	0.4135441345578	0.499287302221375	0.425872187597351	0.470749393652039	0.412142286718445	0.45197836868866	0.586597279028015	0.412229571142273	-0.392381570398254	0.824411025671081	0.633823892431336	-0.389444724756165	0.824177487402039	0.3609046635495	-0.0944599839114378	0.60347591946991	1.22330806735809	-0.400923911523743	0.41177763065155	0.94941909738739	0.422264915197449	0.64953831992157	0.388235484411316	0.172127703527527	0.483825155126648	0.65336646860321	0.422805484289246	0.487150726537781	-0.126997617822571	-0.413601070215149	-0.284349884790344	0.427857973791199	0.678202090734558	0.277881971777039	0.555217770361023	0.333473211156921	0.724800809606628	0.412645052831726	0.425178416845398	0.62767415976532	0.413697916967468	-0.0430988584231568	0.609112618749695	0.42167812851532	0.63539108164032	0.20796862851532	0.42167812851532	0.338000151995789	0.512769302468445	0.608706761585632	0.125714812835632
TMEM106A-cg24008544-17-41363899	-0.349519378442688	0.441173126318054	0.90363196054657	0.468014302343445	-0.18842445528595	0.435957710302429	-0.35627011153595	0.116512823766785	0.438817658422546	0.480836911962585	0.308402758764343	0.501176184423523	0.428088207250671	-0.313631548242493	1.03105282797821	0.494451922521667	0.554870452001648	-0.313788886560364	0.40747549759491	0.421897353551941	0.536436903783875	0.421845320898132	0.362136484838562	0.392133256017761	1.18678494400604	-0.118872966455383	0.414608929479675	0.147382904882507	0.476033475561218	0.420910272253113	0.516457439916687	0.425030325292664	0.541432531347351	0.422818424413757	0.416035506383972	0.603999416723328	0.418934708837585	-0.389506432702942	0.835309163366394	0.620758030126648	-0.385863587060852	0.825915625097351	0.369906801244812	-0.0904798462161255	0.643378057165222	0.641650205053406	-0.39838077382843	0.271136768346863	0.993440235082703	0.428577052892761	1.03061845761688	0.394629622106628	0.173345841222839	0.444100292821961	0.655892606298523	0.419151621984558	0.508775864233093	-0.124137480127258	-0.405167932519836	-0.290944747095032	0.430502111486511	0.55962122842987	0.287573109472351	0.421683908056335	0.337036348852234	0.650380947301941	0.410621190527039	0.34228855454071	0.479086297460632	0.417341054662781	0.350659279272156	0.675492756445007	0.42167812851532	0.63756358164032	0.20579612851532	0.42167812851532	0.196365978042664	0.39096612851532	0.455066587632507	0.501041062882507
TMEM106A-cg24940138-17-41363741	-0.357127269067688	0.439911235693054	0.92261106992157	0.536155411718445	-0.0488213459109497	0.432932819677429	-0.35452200216095	0.104056933141785	0.436425767797546	0.554000021337585	0.295051868139343	0.550655293798523	0.414225316625671	-0.324280438867493	1.01634293735321	0.557361031896667	0.720190561376648	-0.326785777185364	0.40537660696991	0.422772462926941	0.535743013158875	0.417630430273132	0.402880594213562	0.389071365392761	1.17803905338104	-0.130103857080383	0.410719038854675	0.147627014257507	0.536951584936218	0.422019381628113	0.548998549291687	0.421853434667664	0.538458640722351	0.414704533788757	0.493334615758972	0.950198526098328	0.411226818212585	-0.391543323327942	0.898581272741394	0.668771139501648	-0.389857477685852	0.866728734472351	0.362354910619812	-0.0948657368411254	0.710205166540222	1.29018231442841	-0.40543566445343	0.330153877721863	1.0120503444577	0.421527162267761	0.686376566991882	0.389101731481628	0.177159950597839	0.476275402196961	0.745591715673523	0.415255731359558	0.551167973608093	-0.131964370752258	-0.406738823144836	-0.281499637720032	0.427059220861511	0.786757337804871	0.279423218847351	0.487102017431335	0.344284458227234	0.834992056676941	0.402120299902039	0.44966466391571	0.943262406835632	0.416048164037781	0.489681388647156	0.778828865820007	0.42167812851532	0.63995308164032	0.20340662851532	0.42167812851532	0.193264544636414	0.38532369510907	0.488353154226257	0.460680201476257
TMEM90B-cg05347927-20-24449668	0.458363263647156	0.811951768407898	0.148009602636414	0.0447449444332885	0.592566186803894	0.427637352392273	0.502268530553894	0.116354465856628	0.51687430051239	0.483738554052429	0.503801400854187	0.575603826513367	0.427256849340515	0.284381093847351	0.490902470068054	0.551808564611511	0.398864094091492	0.36335075552948	0.407981139684753	0.424970995641785	0.393208545873718	0.426929962987976	0.259336126928406	0.389322898107605	0.401149586095886	0.62023467563446	0.601059571569519	0.243918546972351	0.316805117651062	0.698592914342957	0.558874082006531	0.412207967382507	0.519500173437195	0.407543066503601	0.483909148473816	0.227708058813171	0.401377350927429	0.502148209386902	0.716013805456238	0.576056672216492	-0.0409459449710083	0.866816267187195	0.504325443334656	0.594412795873718	0.244309699255066	1.26296884714325	0.330996868261414	0.406685410436707	0.262090877172546	0.414372694982605	0.402519099706726	0.399711264196472	0.360397483312683	0.711035934911804	0.407848248388367	0.418232264074402	0.440203506322937	-0.137139838037414	0.510714709570007	0.175106894994812	0.420002753576355	0.433615870519714	1.14690675156219	0.612427550146179	0.315580990942078	0.0943055893917847	0.402218832616882	0.506696196630554	0.406653939550476	0.399182696752625	0.575937921362	0.947841398534851	0.42167812851532	0.51053008164032	0.33282962851532	0.42167812851532	0.174612978042664	0.38536012851532	0.460672587632507	0.497065833882507
TMEM97-cg10494684-17-26645200	-0.130857807763977	0.339382696996765	0.855832531225281	-0.387273126977844	0.468651115392761	0.42390228098114	0.225909459142761	0.715546394445496	0.402736229101257	0.296516482641296	0.917342329443054	0.419285755102234	0.402515777929382	-0.374872977563782	0.383871398656921	0.392500493200378	0.624159022680359	0.401302684118347	0.886655068273621	0.336228924230652	-0.502277525537415	0.571502891576843	-0.404645944482727	0.913050826696472	1.14369551468475	-0.179139395776672	1.18395950015839	0.800142475561218	0.437893046239929	1.13003484293182	0.0154360105953979	1.16305189597137	0.376615102026062	1.12750899509247	-0.0120019229373171	0.994637987402039	1.1991752795163	-0.487213862024231	0.758535734045105	-0.241622399194641	-0.501093016382141	0.714993195776062	1.01274037192352	0.674409724462585	-0.0877883721560668	0.367879775732117	0.380964796850281	0.447163339025574	0.0109788057614134	0.757587623571472	0.301133028295593	0.896853192785339	0.57996741190155	0.974474863500672	0.535391176977234	0.427225192663269	-0.153379565088196	0.617278090551453	-0.389242361841125	-0.342682176416321	0.321437682165222	1.07539879910858	0.283794680151062	0.107490478735046	0.305401919530945	0.629832517980652	1.07408276120575	0.351035125219421	0.356110868139343	1.14373262534149	0.439479849950867	0.804775327123718	0.42167812851532	0.26410658164032	0.57925312851532	0.42167812851532	0.799798478042663	0.50975362851532	0.336279087632507	0.271088101882507
TNFAIP8L3-cg05905176-15-51385916	0.440484387792664	0.305985892553406	0.899456726781921	0.452598068578796	0.0579203109494019	0.295928476537781	0.421523654699402	0.582171590002136	0.394331424657898	0.433178678197937	0.167835524999695	0.427693950658875	0.940064973486023	0.405811217992859	0.997163594213562	0.171291688757019	0.0213832182369995	0.269257879674988	0.971649263830261	0.532841119787293	0.400316670019226	0.637120087133484	0.427569251073914	0.467950022253113	0.536328710241394	0.632465799779968	0.273531695715027	0.0376926711178589	0.43626824179657	1.04246603848846	0.432716206152039	0.286685091528015	0.404861297582703	0.282809190649109	0.418588272619324	0.267218182958679	0.278752475072937	0.41179933353241	0.569441929601746	0.345316796362	0.4218501791745	0.596369391332703	0.228002567480164	0.260463920019226	0.797435823400574	1.09800497128876	0.392564992406921	0.398905534582214	0.754152001318054	0.334453819128113	0.580324223852234	0.34072538834198	0.045236607458191	0.812272059057312	0.330886372533874	0.29858338821991	0.452519630468445	0.0345442861080932	0.388095833715515	0.42092201914032	0.984267877721863	0.507213994665222	0.888046875707703	0.355940674291687	1.03436711508759	0.758737713537293	0.27434495676239	0.424026320776062	0.320598063695984	0.439918820898132	-0.0381309544924928	0.595970522680359	0.42167812851532	0.48035908164032	0.36300062851532	0.42167812851532	0.361911151628601	0.652438302101257	0.335961761218445	0.485762848468445
TNNC2-cg04807470-20-44452801	-0.376223891748352	0.40699361301239	0.0793204472409058	-0.201594210962219	-0.241658968591614	0.408357196996765	0.480889375158386	0.688129310461121	0.484185145116882	0.542699398656921	0.351925245458679	-0.0667903288821412	0.403034693945007	-0.354127061548157	0.253314314672546	0.417623409216003	0.561218938695984	-0.226296399866028	0.381996984289246	0.438590840246277	0.51002939047821	0.403355807592468	-0.348900028467102	1.0690257427121	0.483408430700378	0.758471520238953	0.962366416174011	0.122858391576843	0.493297962255554	0.426055758947449	0.516925926611023	1.296135811987	0.523410018041687	1.13926991110809	0.444019993078308	0.862900903417664	0.862972195531921	0.221643053991394	0.84210865006073	0.104122516820984	0.516422899633484	-0.0751258882083131	0.317704287939148	0.43852664047821	0.00326754385955802	0.367829691747742	-0.394774287134094	0.474125255041199	0.133759721777038	0.429048539587097	0.495694944311218	0.383680108800964	0.685397327917175	0.281478779516296	0.386830092992859	0.405995108678894	0.536123350927429	0.736239006567077	0.4917245541745	-0.314974260400696	0.395622598180847	0.393614715124207	0.253366596166687	0.539319394750671	0.41068683554657	0.156006433996277	1.12126967722137	0.476652041235046	0.436685784154968	1.16231554135712	-0.272684234033508	0.926399243139343	0.42167812851532	0.39513308164032	0.44822662851532	0.42167812851532	0.444300151995789	0.406469302468445	0.259128761585632	0.546084702835632
TRABD-cg05297854-22-50623687	0.343090682958679	0.383709187719421	0.351815021947937	0.523431363744812	0.322369606115418	0.390985771703796	0.409415949865417	0.589612885168152	0.417189719823914	0.447700973363953	0.267280820165711	0.13524824582489	0.352805268652039	0.428161513158875	0.907207889379578	0.0215109839230347	0.0186735134030153	0.496463174841003	0.349642558996277	0.890492414953308	0.483392965185242	0.3659363822995	0.439993546239929	0.823816317419129	1.01218900540741	-0.179110905054016	0.355147990881042	0.344245966283875	0.400507536962586	0.66073933365448	0.397140501318054	0.378433386694031	0.497324592748718	0.363854485815125	0.429631567785339	1.03330547812469	1.15213877023895	0.464193628698425	0.319938224767761	0.582018091528015	0.392462474340515	-0.0753503135012816	0.500749862646179	0.300223215185242	0.0345981185665895	0.477745266454773	0.467682287572937	0.47884782974823	0.98182629648407	0.394711114294128	0.35771251901825	0.344027683507996	0.175986902624207	1.08587435422333	0.38498166769989	0.494200683385925	0.514279925634461	0.378462581274109	0.458345128881531	0.536199314306335	0.364271172887878	0.529323289831238	1.11511917087372	0.467123969457703	0.718111410253601	0.0466080087033083	0.602912251928406	0.423542615942078	0.361512358862	0.508176116064148	-0.147172659326477	0.933636817846375	0.42167812851532	0.40157108164032	0.44178862851532	0.42167812851532	0.948682188136413	0.36132533860907	0.356192797726257	0.484678557976257
TRAF5-cg10380585-1-211500971	-0.298569947290344	0.432227557470398	0.928413391698914	-0.211708266504211	0.563174975866394	0.448972141454773	0.0265693196163939	0.206710254919128	0.44832608957489	0.547941343114929	0.307126189916687	0.375315615575867	0.540801638403015	-0.293124117090149	0.283444259130554	0.500260353674011	0.421404883153992	0.44181154459198	0.404232928747253	0.436585784704285	-0.345120665063782	0.422672752050476	-0.282774084009094	0.418529687170105	0.422535375158386	-0.12187353530304	0.423812360632019	0.341287336034851	0.506222906713562	0.877625703405457	0.462399871069031	0.439213756445007	0.386225962499695	0.423223855566101	-0.357156062463684	1.02419784787567	0.433747139989929	-0.338540001550598	0.855898594518738	-0.0552735387210084	0.265651844091492	0.362084056249695	0.365841232397156	0.713178584936218	0.365481488317566	1.25720263620575	-0.399882342676086	0.408214199499206	0.121759666235046	0.438267484045105	1.25427688876923	0.485471053258972	0.446567272375183	0.351885723974304	1.02093603745087	0.416227053136902	0.512009295385437	-0.111739048974915	-0.366090501367493	0.0406986840573119	0.423078542638855	0.424691659582214	0.294631540624695	0.422814339208679	0.322896780004578	0.804244378454285	0.929703621679382	0.450541985693054	0.440313728612976	0.422326485815124	0.149207710424499	0.938302187597351	0.42167812851532	0.45495358164032	0.38840612851532	0.42167812851532	0.965983875636414	0.40945702610907	-0.201591514773742	0.436546870476257
TRIL-cg04823311-7-28997485	0.498539287572937	0.446439792333679	0.107161626562195	0.52344196835907	-0.291779789270325	0.436767376318054	0.442349554479675	0.57935148978241	0.369800324438171	0.522943577978211	0.320126424779968	0.086002850439148	0.414066873266296	-0.307819882226868	0.287868493993836	-0.276021411462707	0.0765881180172729	-0.317957220544739	0.728432163610535	0.429458019567566	0.5350765697995	0.422594986913757	0.419717150854187	0.380708922033386	0.419015610021667	0.744537699560242	0.4236905954953	0.158549570898132	-0.290374858423157	0.521206938268738	0.530537105932312	1.29377199130829	0.560385197362976	0.423263090429382	0.496829172399597	0.458640082738953	0.42266737485321	0.511618233312683	0.513145829382019	-0.218872303857727	-0.357492921045227	-0.00105770888702389	0.342902467260437	0.6753818197995	0.0338007231808471	0.433505871069031	0.491483892187195	0.0345974343624877	0.776183901098328	0.444282718908386	0.420287123632507	0.401111288122253	0.181704507238464	0.309834958837585	0.454629272314148	0.422652288000183	0.570639530248718	0.752142185888367	0.468783733495789	0.650990918920593	0.440275777502136	0.420620894445496	0.293906775487976	0.38943457407196	0.462590014867859	0.681639613317566	0.416575856542664	0.501325220556336	0.422135963476257	0.418289720678406	-0.264705054712219	0.122793422460632	0.42167812851532	0.28004908164032	0.56331062851532	0.42167812851532	0.441701401675476	0.301678552148132	0.40969401126532	0.43324325051532
TRIL-cg10479082-7-28996639	0.464084979833679	0.675047484594421	0.114285318822937	0.446142660619812	-0.153847097009582	0.419237068578796	0.409766246740417	0.662004182043152	0.392021016698914	0.289155270238953	0.39406411704071	-0.24507145730011	0.954977565527039	0.396462810033875	0.556548186254578	0.460825280798035	0.323082810278015	0.457368471716003	0.825854855871277	0.594738711828308	0.368786262060242	0.4347896791745	0.406652843114929	0.532725614294128	0.70921630228241	0.687970391820984	0.478659287756042	0.767290263158874	0.408426833837585	0.89129763052948	0.445698798193054	0.388238683569031	0.502462889623718	0.807050782690125	0.408815864660339	0.614235774999695	0.378434067113953	0.445760925573425	0.714649521642761	0.331083388403015	0.491249771215515	-0.0386480166262818	0.319176159521179	0.673570512060242	0.356447415441589	0.361087563329773	0.380333584447937	-0.25171987337677	0.35291359335907	0.563924411169129	0.40211081589325	0.372712980382996	0.222215199499207	0.265600651098328	0.38857596457489	0.399192980260925	0.204704222509461	0.708022878149109	0.423751425756531	0.543566611181335	0.989477469762879	0.417807586706238	0.296116467748718	0.575835266332703	0.848063707128601	0.106104305578308	0.385694548803406	0.440004912817078	0.511317655736999	0.382284412939148	0.471794637548523	0.873147114721374	0.42167812851532	0.21041508164032	0.63294462851532	0.42167812851532	0.444391605034851	0.305293755507507	0.403311214624695	0.440486084874695
TRIL-cg19929126-7-28998195	0.406318596899109	0.603573101659851	0.0807189358883667	0.390872277685242	0.0191455200558471	0.401692685644226	0.360624863805847	0.0827877991085816	0.280667633764343	0.429089887304382	0.27509273410614	0.41240515976532	0.387860182592468	-0.353010572900696	0.246442803320007	0.478689897863464	0.144462427343445	0.147181088781433	0.727811472936707	0.386084328893738	0.494608879125671	0.387571296239929	0.237362460180359	0.430112231359558	0.382172919347839	0.670776008886414	0.641036904821472	0.693372880224304	0.500648450903015	0.43372924759491	0.459106415258484	0.87740530063446	0.499844506689148	0.387011399755554	0.344371481725769	0.579795392065124	0.424717684179382	0.411008542638855	0.751657138708191	0.633872005468445	-0.135651611719055	0.572174600439148	0.843819776586609	0.621529129125671	0.00910803250701908	0.774611180395203	0.438802201513367	0.35016574368866	0.9507342104245	0.466099028234558	0.753998432958679	0.395320597448425	0.477960816564636	0.419702268163757	0.71251258164032	0.389115597326355	0.50033583957489	0.617189495214538	0.37266304282196	0.571055228246765	0.393710086828308	0.403743203771668	0.762007084814148	0.221662883398132	0.297484324194031	0.745193922643738	0.415751165868835	0.395075529882507	0.387125272802429	0.468791030004578	0.475168254613953	0.932862731786804	0.42167812851532	0.42960608164032	0.41375362851532	0.42167812851532	0.903354375675476	0.346060526148132	0.44506498526532	0.39787227651532
TRIM46-cg15497761-1-155147397	0.20752387460907	0.368335379369812	0.928820213598328	-0.365266444604798	0.359688797765808	0.376891963354187	0.472294141515808	0.668069076818543	0.466038911474304	0.504090165014343	0.999878011816101	0.568250437475281	0.393018460302429	0.460666704809265	0.222563081029968	0.469932175573425	0.761262705053406	0.509721366491394	0.376505750646668	0.371108606603699	0.426698156835632	0.41618357394989	0.49971273789032	0.888878509069519	0.6513461970578	0.0437672865963746	0.613994182531433	0.694873157934265	0.339207728612976	0.455304525304871	0.491716692968445	0.365946578344422	0.339238784399109	0.358620677465515	0.47855975943573	1.00947966977509	0.354027961889343	0.470737820348816	0.224927416418152	0.173529283178406	0.475556665990906	0.264984878149109	0.29945005429657	0.736506406835632	0.79602731021698	0.327079458105164	0.453642479223328	0.527937021398621	0.0848354881344606	0.390538305944519	0.39741671066864	0.377444875158386	0.644633094274597	0.240063545873718	0.377883859350281	0.397892875036316	-0.0736238827151489	0.670773772924499	0.444229320531921	0.533150505956726	0.347142364538269	0.372683481481628	0.274268362524109	0.571964161108093	0.288559601903992	0.827894200353699	0.352130443578796	0.461912807592468	0.40099155051239	0.974497307714538	0.477412532323914	0.0100980094967651	0.42167812851532	0.60707908164032	0.23628062851532	0.42167812851532	0.886018256175476	0.226076406648132	0.44896186576532	0.39397539601532
TRPM8-cg00793935-2-234847769	0.494243820776062	0.421865325536804	0.16907015976532	0.395184501562195	-0.3365172560672	0.895333909521179	0.4666990876828	0.158368022985535	0.512267857641296	-0.217454888818664	1.03738995798309	-0.206560616357727	0.703594406469421	0.550875650976257	1.05202202719696	0.558054121740417	0.495061651220398	-0.342932687341614	0.43795869681366	0.408853552770691	0.496107103002625	0.422574520116882	0.552871684057312	0.372438455236511	0.396447143224793	0.572839232763367	0.391898128698425	0.222280104101257	-0.238541325220032	0.400676471471863	0.495193639135437	0.808974524511413	0.413720730566101	1.22982962363251	0.472197705602722	1.07476361594208	0.406948908056335	0.523661766515808	-0.000487637414855968	0.514389229345398	0.473407612157898	0.0201738243161011	0.348400000463562	-0.103916646997375	0.102685256383972	0.434097404272156	0.50000242539032	0.240911967565613	0.0783424343014527	0.904816252111511	0.399075656835632	0.849030821325378	0.348554040441589	0.32265349204071	0.536831805517273	0.405827821203308	-0.224169936548157	-0.152887280908508	0.509259266698914	-0.323856547876282	0.413950310705261	0.497859427648621	0.578743308691101	0.199590107275085	0.944064548070984	0.768950146520691	0.426410389745789	0.51377775375946	0.404651496679382	0.397321253881531	-0.249689521509094	0.423451955663757	0.42167812851532	0.30648208164032	0.53687762851532	0.42167812851532	0.580102978042664	0.48528612851532	0.360746587632507	-0.167318748117493
TSPAN32-cg00472277-11-2327755	0.460236524511414	0.372077029272156	0.904564863500671	0.0859592052975464	0.309770447668152	0.587233613256531	0.429667791418152	0.0648777267208863	0.451794561376648	0.324982814916687	1.04980566171844	0.508315087377625	1.16283711020477	0.483214354711609	0.374075730932312	0.458253825475769	0.70993635495575	0.438192016393738	0.376567400549011	0.373570256506042	0.419740806737976	0.407278223852234	0.392803387792664	0.360755158971863	0.367450846960144	0.509454936498718	0.340475832433777	0.634426807836609	0.47358237851532	0.398072175207214	0.406484342870789	0.354971228246765	0.271291434301453	0.346524327367859	0.421160409338074	0.416269319677429	0.342922611791687	0.27572647025116	0.813940066320496	0.576343933080749	0.46624831589325	0.557262528051453	0.925687704198913	-0.159815943262024	0.854733960119324	0.669550108007507	0.200876129125671	0.545193671300964	0.116426138036804	0.367432955846863	0.358841360570984	0.39080552506073	0.610739744176941	0.729844195776062	0.358471509252624	0.46989752493866	0.478609767187195	0.304634422826843	0.329418970434265	0.37077015585907	0.869713014440613	1.14762013138397	1.07715501242645	0.181530811010437	0.515367251806335	0.724024850256042	0.37043309348114	0.435194457494812	0.377546200414734	0.351146957616882	0.494853182226257	0.868161659399109	0.42167812851532	0.35249858164032	0.49086112851532	0.42167812851532	0.595794978042664	0.49603012851532	0.350002587632507	-0.508449421117492
TUBB6-cg03507241-18-12307649	0.456634681005554	0.426764185766296	0.506805019994812	-0.332829638208313	-0.0565943958377075	0.418722769750671	0.426971947912292	0.100818883215027	0.434875717870789	0.432355971410828	0.941008818212586	0.530885243871765	0.413623266698914	0.419670511205749	0.279719887426453	0.39048998196991	0.68245551144989	0.460563172887878	0.477132557043152	0.418599413000183	0.264463963232117	0.432907380346374	0.236900544286804	0.416128315466003	0.407883003454285	-0.122460907007141	0.405790988927917	0.13674396433075	0.46774153500946	0.417711331701355	0.418652499364929	0.417518384740906	0.451487590795593	0.413048483861999	0.422442565832214	0.53640647617157	0.573074768285828	0.4508836267453	0.458997222814636	-0.04734391042511	0.44317747238739	0.143855684545593	0.346345860693054	0.673276213232117	0.346834116613464	1.19423426450165	0.464863285619812	0.477929827795105	0.904748294530945	0.420796112341003	1.16239351706512	0.417828681554871	0.588068900671082	0.275722352270203	0.419916665746765	0.4186186814328	0.490090923681335	0.475847579320984	0.116416126928406	0.52170831235321	0.411606170934753	0.406556287878113	0.279172168920593	0.557143967504578	0.321362408300476	0.242814006750183	0.636160249975281	0.432451613988953	0.423296356908875	0.407875114111023	0.505459338720398	0.91808481589325	0.42167812851532	0.38834358164032	0.45501612851532	0.42167812851532	0.175893978042664	0.39415312851532	0.451879587632507	0.473191024882507
UBAP2L-cg14859874-1-154238265	0.0369230679684449	0.495869572729187	0.103165406957703	0.141208748754578	-0.269967008874817	0.439128156713562	-0.368317665124817	0.111684270177918	0.123996104833679	0.601071358373718	0.754106205175476	-0.0897543691653443	0.596282653661804	0.000706898168640169	0.437367274389343	-0.3166276310672	0.965827898412781	-0.231058440149231	0.405149944006043	0.424605799963074	-0.413752649804993	0.424215767309265	0.590569931249695	1.23317570242889	1.26836939041717	0.356174479955749	0.495665375890808	0.37876135129364	0.550493921972351	1.28138871866425	-0.35127111367218	1.3197137717038	0.504117977758484	1.34965887082489	0.282109952795105	1.07728586313446	1.32683515524872	-0.387602986291809	0.508028609777527	-0.155735523462219	0.0827128593502808	0.00189007150848386	0.332707247655945	0.0319856001950073	0.948343503576355	0.448628651464539	0.305916672582703	-0.234471785242005	1.03701968149384	0.892643499303894	0.579673904028015	0.393206068517761	1.06382828763397	0.321778739233093	0.617406052709656	0.421093068395691	-0.326255689355774	0.365134966283874	-0.0622234861087036	0.626268699316101	0.904270557897644	1.290811674841	0.286209555883484	-0.0468146455325317	0.443033795263367	0.890672393713074	0.412613636938171	0.533722000951843	0.424362743871765	0.487618501073914	-0.275066274316711	0.0655762028561401	0.42167812851532	0.65150508164032	0.19185462851532	0.42167812851532	0.236151605034851	0.931564755507507	0.611551214624695	-0.228333101125305
UNC5A-cg00041599-5-176240038	0.48675559738739	0.372515102148132	0.0377149363766479	-0.360059721826477	0.250743520544128	0.366306686132507	0.460134864294128	0.100718799596863	0.450484634252625	0.173664887792664	0.330741734594421	0.583635160253601	0.39954018308075	0.411651427587585	0.871479803808289	0.496464898351746	0.816692427831726	0.506375089269714	0.348122473424988	0.354648329382019	-0.379561120386047	0.36326229672821	0.00171246066864011	0.461269231847839	0.671242919836121	0.457786009374695	0.411769905309753	0.827465880712585	0.485087451391296	0.692122248083191	0.179914415746765	0.886087301122742	-0.362586492822571	0.926117400243835	0.46500748221405	0.560398392553406	0.371867684667664	0.330509543127136	0.203239139196472	0.606071005956726	0.245660388769226	0.281491600927429	0.39277077707489	0.673348129613953	0.3426770329953	0.319213180883484	0.249594202001648	0.509488744176941	0.109995210912781	0.361288028722839	0.647076433446961	0.430109597936707	0.656531817052918	0.919934268652039	0.380017582128601	0.360518597814636	0.498457840063172	0.14079849570282	0.209063043310242	-0.359160771264953	0.359297087316589	0.502788204259949	0.790254085302429	0.695234883886414	0.882892324682312	0.859298923132019	0.375322166357117	0.463234530370789	0.56781327329071	0.649583030492859	0.559409255102234	0.818139732275085	0.42167812851532	0.62933458164032	0.21402512851532	0.42167812851532	0.612396648675476	0.250395799148132	0.43849925826532	0.40443800351532
VAX1-cg03048654-10-118893138	0.548303866308289	0.588952371069031	1.01500420529755	0.444587547094421	0.421024789465027	0.439147955053406	0.543742133215027	0.828191068517761	0.500879903173523	0.556578156713562	0.93349900351532	0.2454544291745	0.427779452001648	0.498414696508484	0.279044072729187	0.557336167272644	0.186324696752625	0.534274358190613	0.399782742345886	0.419489598302918	0.515789148534851	0.420786565649109	0.555912729589539	0.382738500768738	0.410918188757019	0.432427278295593	0.442754174230652	0.148352149633484	0.203153720312195	0.418276517004089	0.458078684667664	0.69964957004364	0.196773776098328	1.19632566916473	0.433425751134949	1.1043276614743	0.413834953588562	0.512054812048035	0.0416204081173707	0.166446274877625	-0.360759342309875	0.792419869848328	0.369349045995789	0.0155093985348512	0.0347033019161989	0.398355449804382	0.254990470922547	0.0673960130978394	0.582969479833679	0.426774297643738	1.20061270236786	0.416236866857605	0.176260085973816	0.279094537572937	0.9651768510495	0.423092866735535	0.13758210898407	-0.0188682353762817	0.50697231223114	-0.250746502344055	1.00535935623749	0.421352473180847	0.320453354223328	-0.000298847192687968	0.37228059360321	0.00265019205291755	0.412467435278015	0.536061799291687	0.429339542211609	0.429717299413757	0.237497524023132	0.822764001195984	0.42167812851532	0.33458158164032	0.50877812851532	0.42167812851532	0.271235478042664	0.47052162851532	0.375511087632507	0.705462716882507
VAX1-cg05667348-10-118892581	0.474601730932312	0.810354235693054	0.94749306992157	0.359958411718445	0.54282565408905	0.418575819677429	0.50100299783905	0.751712933141785	0.487385767797546	0.464837021337585	0.853054868139343	0.234143293798523	0.668442316625671	0.467021561132507	0.26731693735321	0.480376031896668	0.060409561376648	0.408872222814636	0.77492960696991	0.423748462926941	0.529991013158875	0.438533430273132	0.484282594213562	0.369836365392761	1.15614405338104	0.523330142919617	0.425052038854675	0.392538014257507	0.384412584936218	0.861654381628113	-0.0113914507083129	0.420877434667664	0.170164640722351	0.400606533788757	0.412661615758972	0.208271526098328	0.399536818212585	0.512996676672058	0.192590272741394	0.681602139501648	-0.00355147768585201	0.394916734472351	0.391457910619812	-0.102392736841125	0.379302166540222	0.468546314428406	0.10908933554657	0.518798877721863	0.132828344457703	0.473028162267761	0.405211566991882	0.494099731481628	0.767180950597839	0.322372402196961	0.401067715673523	0.447193731359558	0.538011973608093	-0.101582370752259	0.497548176855164	-0.245207637720032	0.428794220861511	0.409750337804871	0.722918218847351	0.435745017431336	0.982483458227234	-0.00704594332305897	0.402085299902039	0.36856066391571	0.441573406835632	0.396725164037781	-0.250449611352844	0.372581865820007	0.42167812851532	0.42046508164032	0.42289462851532	0.42167812851532	0.253789733636414	0.45742088410907	0.630857343226257	0.388583012476257
VAX1-cg06611922-10-118893174	0.508271914526062	0.479996419286804	0.96742325351532	0.268954595312195	0.5819308376828	0.440423003271179	0.5015211814328	0.131105116735535	0.480788951391296	0.470125204931335	0.813274051733093	0.382410477392273	0.406529500219421	0.426212744726257	0.43265512094696	0.441473215490418	0.095814744970398	0.410931406408386	0.40382179056366	0.420563646520691	0.495654196752625	0.427223613866882	0.527628777807312	0.376812548986511	0.420540236974792	0.309421326513367	0.587802222448425	0.148105197851257	0.269472768529968	0.413689565221863	-0.295426267114563	1.26468961826141	-0.393536175683899	0.426322717382507	0.421779799352722	1.02144570969208	0.421132001806335	0.485022860265808	0.100767456335144	-0.211757676904602	0.176843705907898	0.761921918066101	0.353959094213562	0.476070446752624	0.0301533501339722	0.397707498022156	0.15011951914032	0.132976061315613	0.806722528051453	0.427786345861511	1.12404375058563	0.404355915075378	0.198329134191589	0.29032358579071	0.423460899267273	0.418831914953308	-0.0433018427981567	-0.118094187158508	0.490131360448914	-0.295132454126282	0.421616404455261	1.03538152139862	0.328546402441101	-0.0409397989749145	0.655768641820984	0.247268240270691	0.450947483495789	0.49508184750946	0.427653590429382	0.562229347631531	0.563583572240906	0.471701049413757	0.42167812851532	0.42245058164032	0.42090912851532	0.42167812851532	0.342274651995789	0.508494802468445	0.270601261585632	0.669426358835633
VAX1-cg26783057-10-118891670	0.439575618993836	0.442564123754578	0.0483189579830933	0.386880299779968	0.482538542150574	0.355940707738953	0.440276885900574	0.0302108212033082	0.43700665585907	0.447693909399109	1.00708475620087	0.453870181860046	0.371282204687195	0.441184449194031	0.947619825414734	-0.394571080041809	0.121053449438171	0.44149511087616	0.320789495031433	0.438098350988464	0.394195901220398	0.385461318334656	0.442845482275085	0.326810253454285	0.339394941442566	-0.16197996901886	0.408169926916199	0.0804249023190308	0.477244472997742	0.786904269689636	0.41889743735321	1.19584032272919	0.0678125287838746	0.512606421850281	0.357527503820496	0.490325414159851	0.326850706274109	0.394251564733582	0.382466160802918	0.428240027563171	-0.252198589624329	0.758120622533875	0.326681798681336	0.566055151220398	0.367878054601746	0.337584202489929	0.276357223608093	0.506209765783386	0.726513232519226	0.349865050329285	0.582496455053406	0.422069619543152	0.557463838659363	0.561201290258484	0.338666603735046	0.452467619421082	0.432333861669617	-0.114542482690735	0.398903064916687	-0.366218749658508	0.749377108923035	0.346563225866394	0.775807106908875	0.0839349054928589	0.449948346288757	-0.0699440552615356	0.453648187963562	0.419764551977234	0.462668294897156	1.0975450520993	0.381597276708679	0.842782753881531	0.42167812851532	0.52687558164032	0.31648412851532	0.42167812851532	0.355406151995789	0.495363302468445	0.344471761585632	0.599531274835632
VAX2-cg10617784-2-71134586	0.440839090063171	0.420492594823914	0.852015429052429	0.421577770849304	0.45944201321991	0.376934178808289	0.39168035696991	0.108512292272644	0.367618126928406	0.417535380468445	0.993490227270203	0.500318652929382	0.396947675756531	0.419703920263367	1.00720129648407	0.377464391027527	0.366930920507507	0.402965581945496	0.379221966100769	0.3789418220578	0.371403372289734	0.710744789403992	0.457807953344421	0.363927724523621	0.372652412511902	0.604049502050476	0.369791397985535	0.579036373388367	-0.329727055932922	1.17575974075897	0.421128908422546	1.18413779379852	0.38987899985321	0.344899892919617	0.415926974889832	0.155869885229187	0.465622177343445	0.399126035802917	0.457986631872253	0.539432498632507	0.388161881445007	0.72708809360321	0.729201269750671	0.658646622289734	0.825542525671082	1.15744767355927	0.392210694677429	0.471134236852722	0.862501703588562	0.793543521398621	0.362332926122742	0.466781090612488	0.193523309728699	1.06058376132782	0.626070074804382	0.383204090490417	0.418388332738953	0.648917988378601	0.387819535986023	0.491001721410828	1.18492357999237	1.13046669693573	1.03875957797821	-0.0730266234378052	0.357438817358093	0.7417114158078	0.394202659032898	0.38797102304657	0.431458765966492	0.37933452316864	0.463971747778015	0.345066224950867	0.42167812851532	0.50549758164032	0.33786212851532	0.42167812851532	0.310737151995789	0.540032302468445	0.652070761585632	-0.0520235201643677
VAX2-cg13265869-2-71126973	0.452341157690125	0.366256662450867	0.905050496679382	-0.413999161523743	0.245558080846863	0.346085246435242	0.442127424596863	0.345635359899597	0.437807194555359	0.453802448095398	0.220515294897156	0.518091720556336	0.335102743383484	0.11882898789032	0.205572364111023	0.45822645865448	0.20609398813446	0.132474649572449	0.335108033727722	0.343428889684753	-0.504059560083313	0.335893857030945	-0.417002979028626	0.298958792150574	0.505885480138855	0.333384569677429	0.462966465612488	0.42012244101532	0.461894011694031	0.603693808385925	0.4733859760495	0.344181861425476	0.456671067480164	1.00355196054657	0.423948042516785	0.79123595285614	1.2555502449704	-0.0996778965701295	-0.0452243005007934	0.58795156625946	0.46875294907196	0.780472161230163	0.321080337377625	0.617224689916687	0.521802593298035	0.629616741186218	0.441888762304382	0.446438304479675	0.630722771215515	0.352739589025574	0.351174993749695	0.464596158239441	0.258696377355652	0.655024828954773	0.422551142431335	0.337843158117371	0.488627400365906	-0.0748989439944457	0.412448603612976	0.0933277890377807	0.358059647619324	0.357333764562683	0.813276645605164	0.460309444189148	0.268108884985046	0.0605924834347535	0.331437726659851	0.428215090673523	0.829883833593445	1.08178259079559	0.521662815404968	0.0211362925778198	0.42167812851532	0.42034958164032	0.42301012851532	0.42167812851532	0.324075151995789	0.526694302468445	0.640233761585632	-0.0261812831643676
VENTX-cg07370771-10-135050957	0.428574833227234	0.525027337987976	0.906346172216492	0.499022514013367	0.485933756383972	0.422143921972351	0.470741100133972	0.179895035436706	0.441882870092468	0.272891123632507	0.365874970434265	0.414593396093445	0.411835418920593	0.456045663427429	0.291735039648132	-0.37990286580841	0.21827966367157	-0.00818367489044186	0.534950709264832	0.412306565221863	0.498561115453796	0.780197532568054	0.455438696508484	0.403339467687683	0.399233155675964	-0.118935754785461	0.396269141149597	0.453125116552429	0.24182368723114	0.622028483923035	-0.317768348413391	0.396123536962585	-0.290168256982727	0.398617636083679	0.474568718053894	0.232586628393249	0.380342920507507	0.41827177896698	0.458351375036316	0.60713824179657	0.19501962460907	0.779028836767273	0.904900012914734	0.654876365453796	-0.00761773116485592	0.365159416723328	0.482679437841492	0.231068980016785	0.615565446752624	0.437838264562683	0.387068669286804	0.80561483377655	0.612879052892761	0.272103504491882	0.384475817968445	0.43654883365448	-0.386101924096985	0.460428731542664	0.466686279150085	-0.25749053542511	1.10654032315643	0.422867440099792	0.626538321142273	0.0661691197262574	0.301359560522156	0.380535158971863	0.46614040219696	0.444068766210632	0.485771509130554	1.1791542663327	0.541787490942077	0.0732629681149292	0.42167812851532	0.25363858164032	0.58972112851532	0.42167812851532	0.273494105034851	0.877823255507507	0.574208714624695	-0.219466536125305
WIT1-cg06845853-11-32461240	0.0665172865963746	0.516054791357117	0.298582625585632	0.437618967382507	0.469790209753113	0.494446375341492	0.423010553503113	0.725163488805847	0.352246323461609	0.199501577001648	0.483196423803406	0.293702849462585	0.776269872289734	0.45996011679657	0.655528493017273	-0.34868941243927	0.114319117040711	0.225597778478699	0.447542162633972	0.381051018591003	0.428499568822937	0.703803985937195	0.480298149877625	0.360979921056824	0.384616609045105	0.634908698583679	0.373024594518738	0.0989595699215698	0.468988140600281	0.406919937292175	0.40192810495575	1.20072799033173	0.0635841963864137	0.41028708945282	0.452490171423035	1.00422308176239	0.501666373876648	0.440885232336121	-0.0216491715945434	0.58223569516571	0.44308907797821	0.0370912901364136	0.351081466283875	-0.00320518117706298	-0.00915027779571531	0.525525870092468	-0.230024108789368	0.193548433385925	0.840141900121765	0.408016717931824	0.427342122655945	0.361988287145691	0.145261506261902	1.07048295786102	0.450924271337585	0.424075287023621	-0.344936470727844	0.694630184911804	0.431483732519226	0.348316917944031	0.532415776525574	1.02152789346893	0.252023774511414	0.096228573095398	0.762530013891296	0.205065612341003	0.388117855566101	0.426393219579773	0.421192962499695	0.407783719701843	0.453995944311218	0.0867494214840698	0.42167812851532	0.51798208164032	0.32537762851532	0.42167812851532	0.270563333628601	1.10309848410126	-0.142313056781555	0.577110666468445
WNK4-cg08409113-17-40937365	0.321304161108093	0.510780665868836	0.949599500097351	0.268210841894226	0.411336084264832	0.40271824985321	0.408257428014832	0.883489363317566	0.491704197973328	0.528602451513367	1.04426529831512	0.187532723974304	0.399098746801453	0.318903991308289	0.393559367528992	0.499148462072449	0.217961991552429	0.480366652990417	0.382388037145691	0.400523893102722	0.494695443334656	0.393261860448914	0.472020024389343	0.349217795568543	0.393851483556824	0.701468573095398	0.379781469030457	0.712546444433289	0.133213015112	0.412830811803894	-0.348225020532532	0.397160864843445	0.475930070898132	0.477987963964539	0.493389045934753	0.190155956274109	0.383506248388367	0.490901106847839	0.133508702917175	0.417384569677429	0.507181952489929	0.451763164648132	0.302201340795593	-0.123109306665344	0.901152596716003	0.709844744604187	0.499074765722351	0.110149307897644	0.345343774633484	0.425879592443543	0.381155997167664	0.45554916165741	0.227312380773621	0.749105832372742	0.390259145849304	0.496566161535339	0.429626403783875	0.593984059423523	0.477374607030945	-0.327483207544251	0.390296651037292	0.501794767980652	0.376894649023132	0.502098447607117	0.826065888403015	0.0161954868527222	0.39535073007782	0.447211094091492	0.450597837011414	0.486346594213562	0.605024818822937	0.955400295995789	0.42167812851532	0.39952008164032	0.44383962851532	0.42167812851532	0.228569978042664	0.43074212851532	0.415290587632507	0.558706889882507
WNK4-cg14457782-17-40937362	0.318809811864929	0.566807316625671	0.616328150854187	0.241604492651062	-0.210025264978332	0.433353900610046	0.373317078771667	0.858969014074402	0.475539848730164	0.193527102270203	1.00941694907196	0.30898537473114	0.426580397558289	0.241274642065125	0.334750018285828	0.412538112829285	0.190358642309265	0.485017303747253	0.418752687902527	0.415769543859558	0.507249094091492	0.42105451120575	0.448682675146179	0.389808446325378	0.41681113431366	0.620855223852234	0.409631119787292	0.632460095190124	0.437459665868835	0.41766046256073	-0.123997369775696	0.423304515600281	0.495391721654968	0.510106614721375	0.436941696691589	0.219596607030945	0.413436899145203	0.489237757604675	0.110292353674011	0.633804220434265	0.509801603246765	0.263409815404968	0.342424991552429	-0.0886226559085082	0.895663247472839	0.844434395361023	0.480002416479187	0.28836895865448	0.28767242539032	0.439683243200378	0.4147026479245	0.435174812414246	0.196375031530457	0.441922483129578	0.44157179660614	0.511038812292175	0.33192505454071	0.344969710180359	0.467787257787781	-0.289217556787414	0.421705301794128	0.435736418737488	0.362499299779968	0.190069098363953	0.676108539159851	0.0253651376095582	0.423579380834656	0.363807744848328	0.45361948776825	0.488351244970398	0.543080469579773	0.943569946752625	0.42167812851532	0.39821658164032	0.44514312851532	0.42167812851532	0.505411105034851	0.715849255507507	0.342291714624695	0.297211901874695
WNT3-cg19711530-17-44847427	0.467973369604187	0.435820874364929	0.606037708593445	0.49101605039032	0.568721292760925	0.403319458349304	0.395809636510925	0.61961057181366	0.424350406469421	0.412734660009461	0.943655506811218	0.440758932470398	0.419723955297546	0.412995199804382	0.274312576025085	0.433022670568542	0.598937200048523	0.416627861486511	0.414637245641785	0.423773101598816	0.49802565183075	0.535603068945007	0.370974232885437	0.420140004064636	0.715402692052918	0.542777781591492	0.84079867752655	0.200373652929382	0.462170223608093	0.405557020299988	0.418212187963562	0.457740073339539	0.510227279394226	0.419327172460632	0.427791254430847	0.214341164770203	1.24040245688446	0.404244315343933	-0.013861088586731	0.535363778173523	0.514987160986023	-0.043487626855774	0.378133549291687	0.65203590183075	-0.00340919478790291	0.367411953100281	0.472468974218445	0.340319516393738	0.913466983129578	0.429515800939636	0.385506205663757	0.417236370153503	0.898728589269714	0.262114040868835	0.392942354345398	0.406188370031433	0.446297612279968	0.631551267919617	0.408124815527038	0.559465000951843	0.394568859533386	0.418826976476746	1.03033585751923	0.44306365610321	0.300080096899109	0.217705695348816	0.414427938573914	0.391810302587585	0.423964045507507	0.386747802709656	0.338209027319031	0.848297504491882	0.42167812851532	0.24754058164032	0.59581912851532	0.42167812851532	0.206373224636414	0.40071537510907	0.460263834226257	0.445288521476257
WNT5A-cg05781968-3-55515607	-0.346740363061829	0.427821141698914	0.958988975927429	0.506486317724304	0.56538056009491	0.423576725683289	0.45853290384491	0.773059839147644	0.494050673803406	0.524520927343445	0.403367774145203	-0.120356800195618	0.403460222631531	0.503479467138367	0.27671684335907	0.533240937902527	0.756701467382507	0.251082128820496	0.403385512975769	0.4117793689328	0.515561919164734	0.420735336278992	0.387265500219421	0.367718271398621	0.736623959386902	-0.015543951074524	0.413880944860535	0.136991920263367	0.437125490942078	0.411878287633972	0.552017455297546	0.427512340673523	-0.23326945327179	0.418115439794617	0.481952521764831	0.307421432104187	1.32114472421844	0.509676582677917	0.907020178747253	-0.184293954492493	0.525602428320007	-0.0517783595217895	0.779924816625671	0.101075169164734	0.0170380725460815	0.441582220434265	0.520006241552429	0.499842783727722	1.01573425046356	0.425211068273621	0.428528472997742	0.421766637487488	0.931520856603699	0.27039730820282	0.421859621679382	0.414262637365417	-0.108662120386047	-0.070595464746399	0.499099082861023	-0.310018731714172	0.418031126867371	0.41503024381073	0.27210612485321	0.619755923437195	0.361167364233093	0.00812396268280036	0.400220205907898	0.46480956992157	0.418536312841492	0.41426407004364	0.507741294653015	0.956808771825867	0.42167812851532	0.45554108164032	0.38781862851532	0.42167812851532	0.761830478042663	0.42977862851532	0.416254087632507	0.377031590882507
WNT5A-cg26116485-3-55515411	-0.367457126611633	0.397073378149109	0.865598212377625	0.4425555541745	0.524898796545105	0.432512962133484	0.403527140295105	0.752686075597839	0.394638910253601	0.46437416379364	0.320174010595398	-0.113595563745422	0.421379459081726	0.399450703588562	0.265097079809265	0.414908174352722	0.586063703832703	0.133111365270691	0.944954749425964	0.409792605382996	0.481592155614929	0.491906572729187	0.371352736669617	0.540848507848816	0.795620195837097	0.480060285375671	0.88097918131073	0.163167156713562	0.450184727392273	0.399567524084168	0.474878691747742	0.409611577123718	-0.0950862168215942	1.04879267624481	0.421726758215027	0.375604668554382	1.29503096066864	0.455498819128113	0.811647415197449	-0.00958371804229746	0.501297664770203	-0.081720123071594	0.778295053075867	0.319304405614929	-0.0125606910037231	0.43478945688446	0.454289478002625	0.460960020177917	0.968762486913758	0.412861304723816	0.424772709447937	0.761110873937683	0.938367093053894	0.264602544653015	0.409581858129578	0.430538873815613	0.100894116064148	0.184339771703796	0.436463319311218	-0.321542495263977	0.779057363317566	0.399535480260925	0.270615361303406	0.58392715988739	0.405319600683289	-0.00347380086700427	0.401369442358093	0.397505806371765	0.401005549291687	1.00493230649384	0.39669253110321	0.937818008276062	0.42167812851532	0.39282658164032	0.45053312851532	0.42167812851532	0.907860978042663	0.45616112851532	0.389871587632507	0.340004363882507
WNT6-cg06862374-2-219736549	0.55112966769989	0.435375172460632	0.108149006689148	0.232998348486023	-0.232336409143372	0.421743756445007	0.514389934606628	0.759838869909363	0.463878704565124	0.585694958105163	0.375561804906921	0.540557230566101	0.42993425339325	0.498046497900085	0.275962874120789	0.534822968664246	0.0764694981442262	-0.131919840417786	0.396034543737488	0.545390399694519	0.531348949926453	1.17782436704071	0.50141853098114	0.373684302160339	0.416845990148621	0.140537079687195	0.414165975622253	0.451974951025085	0.520658521703796	0.417947318395691	0.542442486059265	0.432242371435242	0.512333577489929	0.425894470556335	0.50595255252655	0.245242462865906	0.423336754980164	0.506159613439636	0.0139712095089722	0.327761076269226	0.203208459081726	-0.0444363287600708	0.32789884738739	0.244394199926453	0.8340601033078	0.384873251195984	0.542212272314148	0.436632814489441	1.02712128122528	0.419581099035339	0.41201850375946	0.438504668249207	0.173458887365418	0.276143338964539	1.0012156524411	0.431968668127136	-0.356857089624329	0.75863256601532	0.511606113622742	0.00296029904754641	0.416651157629089	1.11713027457245	0.291764155614929	0.0315449541989136	0.313452394994812	0.839949993444519	0.401934236669617	0.522949600683289	0.46148034360321	0.418411100805359	0.157014325414734	0.0582888025875854	0.42167812851532	0.37665808164032	0.46670162851532	0.42167812851532	0.679427105034851	0.899453255507507	0.168275714624695	-0.505095014125305
XKR4-cg09075515-8-56192721	0.449084875463562	0.420157380224304	0.10176421445282	-0.194115443750305	-0.0576922013796997	1.06214696420868	0.4034141423703	0.368499077673035	0.452133912328796	0.381928165868835	0.449467012670593	0.319866438329773	0.587330461156921	0.463333705663757	0.81535408188446	0.422455176427918	0.464959705907898	0.482890367345886	0.50700875150116	1.19910660745819	-0.497268842309875	0.849581574804382	0.445522738744812	0.637598509924011	0.608686197912292	0.680434287450867	0.347400183385925	0.379679158788757	-0.288696270532532	0.357472526159363	-0.241096306177063	0.572655579198914	0.361867785253601	0.387897678320007	0.432249760290222	0.390395670629578	0.332178962743835	0.403753821203308	-0.016232582727356	-0.219015715967102	-0.466197333154602	-0.106635120996399	1.09115805515106	0.719957407690125	-0.0162956889285279	0.329485458959656	-0.45086351992218	0.552248022253113	0.0640264889889527	0.514259306799011	1.19373271152313	0.772042876012878	0.170334095129089	0.974020546728211	0.988892860204773	0.809677875890808	-0.414946881860657	-0.187289226221008	0.400784321386413	-0.263339493188782	0.391951365392761	1.20784348233612	0.329985363378601	0.728610161962585	0.663972602758484	0.504584201208191	0.897387444433289	0.41136980844696	0.666166551366882	0.866147308569031	0.513453533178406	0.0258600103512572	0.42167812851532	0.17661908164032	0.66674062851532	0.42167812851532	0.669789643136414	0.57983779360907	-0.175103747273743	0.266166102976257
ZDHHC1-cg09451235-16-67433458	0.421480419042664	0.405988923803406	0.0731617580319215	0.475233099828796	-0.0640416578005981	0.399576507787781	0.338344685949402	0.744467621252136	0.394713455907898	0.420085709447937	0.268782556249695	0.491457981908875	0.404299004736023	0.373910249242859	0.349463625463562	0.430587720007019	0.715335249487	0.450692910924988	0.440440295080261	0.388600151037293	0.493329701269226	0.405151118383484	0.419701282323914	0.376938053503113	0.819723741491394	0.643706831029968	0.484777726965027	0.585162702367859	0.45743927304657	0.899496069738464	0.454805237402039	0.390927122778015	0.469832328832703	0.388998221899109	0.408623303869324	0.432400214208679	1.23182150632294	0.43691436478241	0.701451960851746	0.548539827611999	0.4127582104245	0.0460484225827026	0.312074598730164	0.638099951269226	0.533402854650574	0.617799002538757	0.478964023656921	0.419595565832214	0.944199032568054	0.396672850378113	0.382884255102234	0.37418441959198	0.923552638708191	0.794223090307312	0.409670403783874	0.76495541946991	0.205331661718445	0.470943317358093	0.435538864965515	0.56781605039032	0.943184908971863	0.388999025915222	0.269916906957703	0.353145705541687	0.295942146337585	0.792479744787292	0.38201798801239	0.377151352026062	0.413231094945984	0.392205852148132	0.494007076757507	0.0939525539303588	0.42167812851532	0.58687158164032	0.25648812851532	0.42167812851532	0.750750478042663	0.40508262851532	0.440950087632507	0.385543923882507
ZEB2-cg12336777-2-145210222	0.425873986425476	0.366922491186218	0.860907325414734	0.449933667211609	0.454779909582214	0.357963075170593	0.406297253332214	0.787480188634949	0.37813702329071	0.40845927683075	0.718162123632507	0.519264549291687	0.345894572118835	0.399495816625671	1.03799119284637	0.411892287389832	0.684555816869812	0.4208484783078	0.537055862463074	0.337517718420105	0.369368268652039	0.374838685766296	0.394718849706726	0.347758620885925	1.14206430887421	-0.213713601587219	0.823288294347839	0.585316269750671	-0.358724159570618	0.344340637121277	0.408765804784851	1.15379869016083	0.381185896215515	0.322548789281921	0.371032871252136	0.997795781591492	1.19952407370575	0.382799932165222	0.799787528234558	0.510509394994812	0.401699777807312	0.714825989965515	0.429745166112976	0.637791518652039	0.809461422033386	0.41736156992157	0.402080591039734	0.440221133215027	0.0133965999508666	0.385875417760925	0.320581822485046	0.327232986974793	0.944028206091003	0.459473657690125	0.483786971166687	0.935992986852722	0.420116229101257	0.460600884740906	0.390150432348328	0.471059617773132	1.21036947635468	0.343738593298035	1.01440047434052	0.541245272924499	0.244616713720398	0.630268312170105	0.350144555395203	0.374130919408875	0.397265662328796	0.369145419530945	0.45610364414032	0.850164121313171	0.42167812851532	0.43140908164032	0.41195062851532	0.42167812851532	0.895936324175476	0.256138474648132	0.39139293376532	0.45154432801532
ZFP42-cg18034737-4-188916865	0.426176699560242	0.433092204320984	0.0584300385494996	0.310702380346374	0.34256162271698	0.387121788305359	0.44872596646698	0.295713901769714	0.434159736425476	0.238420989965515	0.966635836767273	0.395186262426453	0.431509285253601	0.417173529760437	1.06748290598114	0.472525000524597	0.343888530004578	0.478048191442566	0.421610575597839	0.376333431554871	0.426340981786804	0.432243398901062	0.451996562841492	0.408485334020691	0.850764022008972	-0.0915918884524536	0.364366007482605	0.628313982885437	0.527115553564148	0.377934350256042	0.173574517919617	0.375344403295593	0.0656476093502808	0.857249502416687	0.384131584386902	1.03815949472626	0.357233786840515	0.428092645299988	0.607789241369324	0.316467108129578	0.465336490942078	0.515840703100281	0.892754879247742	0.130181231786804	0.600748135168152	1.17066828305634	0.3231303041745	0.306915846349792	0.595164313085632	0.371477130895691	0.371164535619812	0.429457700109558	0.603827919225769	0.26820037082489	0.422854684301453	0.384742699987488	0.472038942236023	0.727360597875671	0.416623145483093	-0.328972669092102	0.466515189489441	0.9360493064328	1.06702218747528	0.291846986059265	0.316873426855164	0.467922025304871	0.379781268529968	0.44630963254364	0.393514375463562	0.36761913266571	0.510797357275085	0.054805834447937	0.42167812851532	0.20443258164032	0.63892712851532	0.42167812851532	0.767069870136414	0.61035102060907	-0.0082785202737426	0.235652875976257
ZFP64-cg02991469-20-50720731	0.470459957250671	0.432275462011414	0.115049296239929	-0.0374783619631959	0.56000588040741	0.433409045995789	0.46368522415741	0.331214159460144	0.477002994115906	0.433312247655945	0.513700094457703	0.491563520116882	0.410445542944031	0.534268787450867	0.61514216367157	0.0289402582150268	0.732622787695007	0.529972449132995	0.652242833288269	0.4388176892453	0.371197239477234	0.433297656591492	0.417610820531921	0.376957591711121	0.414122279699402	0.542343369237976	0.407634265173035	0.147392240575867	0.300190811254578	0.716817607946472	0.500624775610046	0.414250660986023	0.213290867040711	0.412178760107117	0.449785842077332	1.08099475241669	0.422468044530945	0.456419902990417	0.0913594990597534	0.326120365820007	-0.350673251367493	0.25108596079071	0.357528136938171	0.503612489477234	0.803052392858581	0.404177540746765	0.482346561864929	0.325613104040222	0.385388570776062	0.422938388586121	0.413170793310242	0.411963957799988	0.572381176916199	0.42171662851532	0.437009941991882	0.411780957677917	0.527420199926453	-0.046523144433899	0.479522403173523	-0.290047411401672	0.422673447179871	0.42901756412323	0.31024244516571	0.628734243749695	0.335802684545593	0.5476722829953	0.407755526220398	0.45067389023407	0.427109633153992	0.41427739035614	0.331064614965515	0.156264092138367	0.42167812851532	0.63749208164032	0.20586762851532	0.42167812851532	0.602007378675476	0.277670529148132	0.40565298826532	0.43728427351532
ZFP64-cg25480336-20-50720908	0.521541683691101	0.432170188451843	0.123157022680359	0.531530364477234	-0.298627393152161	0.434725772436218	0.438359950597839	0.540417885900574	0.468104720556335	-0.0312780259036255	0.353716820898132	0.508532246557312	0.40722126938446	0.466466513891296	0.385137890112	0.477082984655457	0.515958514135437	0.465342175573425	0.671451559728699	0.42021841568573	0.525352965917664	0.424774383031921	0.462201546972351	0.37874031815155	0.408643006139832	-0.118717904321594	0.414829991613464	0.172100967016296	0.378477537695007	0.420068334386902	0.426473502050476	0.637756387426453	0.35197059348114	0.414685486547546	0.473963568517761	0.935967478857117	0.415477770971375	0.489431629430847	0.0788372255001831	-0.219974907739563	-0.150615524927063	0.74364268723114	0.335858863378601	0.231498215917664	0.515148119299011	0.929688267187195	0.523229288305359	-0.0382821695193482	0.442015297216492	0.43484811502655	0.416492519750671	0.495315684240417	0.425252903356628	0.47132035495575	0.419036668432312	0.418373684118347	0.0271839263668823	0.160634582006531	0.494909129613953	-0.299253684961243	0.4271451736203	0.41517029056366	0.33062917160614	0.528948970190125	0.464822410986023	0.41571200943573	0.405656252660828	0.445284616674499	0.416378359594421	0.41443411679657	-0.247561658594055	0.729102818578796	0.42167812851532	0.58324058164032	0.26011912851532	0.42167812851532	0.221701084636414	0.39037723510907	0.520367694226257	0.455626661476257
ZIC1-cg01227537-3-147127012	0.453680255224304	0.401086759985046	0.921790594213562	0.524914936010437	0.468578178381042	0.406552343969421	0.424711522131042	0.830974457433777	0.284870292089539	-0.170269454370422	1.08409039243134	-0.262728181909485	0.422255840917664	-0.293419914575501	1.1182834616452	-0.0135594438113403	0.15677108566864	-0.161705252893372	0.397045131261902	0.421118987218933	0.459896537450867	0.567156954565124	-0.315246881494446	0.483385889684753	0.374982577673035	0.715585667211609	0.404885563146668	0.5229975385495	0.480787109228211	0.901680905920105	-0.377273926416321	1.25169295895966	-0.0718818349856566	0.371008058080749	0.450072140050964	0.19798705039032	0.367809342504578	-0.19346779903595	0.0142997970333863	0.26424966379364	0.47591304660614	0.227849258764343	0.484041434911804	0.658703787450867	-0.0206823091677856	0.688723838720398	-0.0197251401614378	0.487428402013855	0.0526258687496949	0.380885686559753	0.371804091283875	0.602996255773621	0.144019474889832	0.923111926488953	0.396132239965515	0.42452625565155	0.451017497900085	0.551033153539734	0.420749701147156	0.536601886571961	0.688774745153503	0.383675862096863	1.08262574313934	0.457439541723328	0.837424982519226	0.0512595809689332	0.431948824194031	0.436554188207703	0.514812931127624	0.405016688329773	-0.314710087060852	0.228200390112	0.42167812851532	0.38944608164032	0.45391362851532	0.42167812851532	0.286663605034851	0.685509755507507	0.561039214624695	0.0831480038746948
ZIC1-cg19029181-3-147130536	0.44337742929657	0.394366934057312	0.884656768285828	0.468440110082703	0.466641352453308	0.371522518041687	0.397189696203308	0.804369631506042	0.416558466161804	-0.104306280298157	1.0249685665036	-0.249530007837219	0.441786014989929	0.328606259496765	1.04677663571747	0.424360730260925	0.349184259740906	0.444330921178894	0.591817305334168	0.373703161291199	0.416693711523132	0.49599512863739	0.35818229257782	0.701564063757019	0.6944407517453	0.580518841283874	0.873323737218933	0.260584712621765	-0.365113716699524	0.895244079992371	0.447269247655945	0.329000133031921	0.405121339086609	1.04023123215302	0.36510031412323	0.149231224462585	1.14506351657684	0.440498375036316	0.0799949711056518	0.523839837865906	0.435528220678406	0.667814432836609	0.41035560898407	0.239155961523132	-0.0650641350955202	1.03000301279266	-0.197845966089172	0.149111576086121	0.932265042821961	0.459603860632019	1.01952926535614	0.409938429845886	0.214332648962097	0.601653100561218	0.347066414037781	0.415885429723816	-0.229973328027649	0.689524327612	0.395461875219421	0.205787060644226	0.953456919225769	0.357524036169128	0.900782917211609	0.584847715795593	0.827011156591492	-0.0175962449588012	0.342757998266296	0.436760362279968	0.36898110519989	0.355976862402039	-0.380395912988586	0.756688564184265	0.42167812851532	0.40394308164032	0.43941662851532	0.42167812851532	0.327759651995789	0.523009802468445	0.581792261585632	-0.112109805164368
ZIC4;ZIC1-cg23189410-3-147125712	0.497850460180359	1.3412919649411	0.955553799169617	0.561936140966492	-0.332239616662903	0.427210548925476	0.524618727087097	0.819906662389832	-0.132511502954407	0.367636750585632	1.20335259738739	0.27395402304657	0.386489045873718	0.528438290380554	1.01447666660126	-0.297772238855285	0.182417290624695	0.539851952062683	0.524361336217957	0.924684192174988	0.349766742406921	0.438314159521179	0.433088323461609	0.378383094640808	0.680747782629089	0.774483872167664	0.391592768102722	0.144215743505554	-0.321850685815735	1.13905911087616	0.251994278539734	0.404974163915711	0.505021369970398	0.400630263036804	-0.141228654992981	0.211920255346374	1.24203554746063	0.524333405920105	-0.010158998010559	0.639978868749695	0.514938251562195	0.806602463720398	0.371395639867859	0.264687992406921	0.0865538957882691	0.367712043676453	0.159370064794617	0.56978060696991	0.41943207370575	0.444015891515808	0.408672296239929	0.416892460729675	0.221307679845886	0.325127131445007	0.43643644492157	0.423879460607605	-0.38259729714386	-0.111760641504211	0.49419490610321	0.289552091528015	1.03189695010956	0.397366067052917	1.2045929480954	0.423946746679382	0.958425187475281	-0.0153202140750122	0.984292029150086	-0.257813606836243	0.575806136083679	0.399137893285828	-0.0788548821047973	0.458768595068054	0.42167812851532	-0.0720714183596802	0.91543112851532	0.42167812851532	0.556608156675476	0.320466307148132	0.48372076626532	0.35921649551532
ZIC5-cg10679688-13-100624965	0.470153342138367	0.478552846899109	0.186776681127625	0.3573050229245	-0.216577734704895	0.438688430883484	0.385256609045105	0.501582544347839	0.236746379003601	0.0701846325436402	0.905530479345398	0.107701905004578	0.398963927831726	0.400782172338562	0.379739548559265	0.477256643102722	0.104063172582703	0.461410834020691	0.465548218175964	0.839691074132996	0.406150624364929	0.463985041479187	0.419437205419617	0.413386976598816	0.400154664587097	0.692335754125671	0.42651065006073	0.148508625463562	-0.298670803857727	0.805394992834167	0.471357160497742	0.425201045873718	0.448751251928406	0.414236144994812	0.451409226965027	1.00904913730438	1.30300942941864	0.452900287878113	0.0456598839474487	0.629560750707703	0.478618133520203	0.0514803456784058	0.742298521825867	0.0687238743649292	0.0502187777462769	0.43291192563446	0.461671946752625	-0.00904551107208257	0.394128955663757	0.424921773473816	1.18736317819794	0.429187342687683	0.259607561803894	0.307551013403015	0.418422326879578	0.416421342565613	-0.303345415185852	0.707972240453796	0.421874788061218	0.485908973486023	0.839517832067566	0.399277949010925	1.10460883005341	-0.0200913713626098	0.351074069433289	0.489532667882996	0.420348911108093	0.200748275121765	0.455887018041687	0.415639775243835	-0.251316000146789	0.907814477026062	0.42167812851532	0.35949108164032	0.48386862851532	0.42167812851532	0.241124478042664	0.48197962851532	0.364053087632507	0.550621965882507
ZIC5-cg20985450-13-100621382	0.506848261694031	0.443311766454773	0.567139600683289	0.489822942480164	0.234664184850769	0.396200350439148	0.434297528600769	0.726688463903504	-0.115707701440735	0.493776552099304	0.952605398901062	0.240106824560242	0.38283484738739	0.421944091894226	0.241601468114929	0.469864562658386	0.0406900921383668	0.499426753576355	0.597284137731628	0.38525899368866	0.502671543920593	0.382446961034851	0.460523124975281	0.34482289615448	0.381124584142761	0.469720673681335	0.519303569616394	0.657428545019226	-0.0699938843020629	0.380679912389832	0.472586080053406	0.386587965429382	0.51136517148407	0.394557064550476	0.469504146520691	0.294614056860046	1.3267793489743	0.428097207433777	-0.0261711964968871	0.638548670263367	0.523363053075867	0.74703426523407	0.355931441381531	-0.122073206079407	-0.010490302698059	0.458927845190125	0.463809866308289	-0.259640591516418	0.0860578752194215	0.41242569302948	0.379382097753601	0.368618262243347	0.143123481359558	0.269686932958679	0.407933246435242	0.391286262121277	0.125905504369812	0.73110516000946	0.465046707616882	0.561186893041687	0.62881875162323	0.427093868566589	1.06112674960907	0.473633548193054	1.02960198898895	-0.0353184125613402	0.374280830663757	0.418748194677429	0.405932937597351	0.4576406947995	-0.281542080591126	0.183153396581726	0.42167812851532	0.26716708164032	0.57619262851532	0.42167812851532	0.380304105034851	0.580724255507507	0.467398714624695	-0.0586012021253052
ZMIZ1-cg14371731-10-81003175	-0.382439975122375	0.407938529638367	0.0841583638668824	0.403865705663757	-0.346281051965637	0.402069113622742	0.369222291784363	0.707165227087097	0.413568061742859	0.422010315282898	0.476362162084656	0.509375587743836	0.507750610570984	0.36048885507782	0.250104231298523	0.42449732584198	0.681813855321961	-0.347328483240051	0.374518900915222	0.389106756872253	0.463042307104187	0.902117724218445	-0.0891661118411256	0.391061659338074	0.509605347326355	0.420939436864929	0.877395332799988	0.68299830820282	0.490660878881531	0.390173675573425	0.424637843237	1.25283072861298	0.503084934667664	1.14572882773407	0.390303909704285	0.19606882004364	0.388928112157898	0.402621970617371	0.793822566686706	-0.0334805665530397	0.47738381625946	-0.0764689715823363	1.00841520456512	0.253141557104187	0.00143746048553461	0.365021608373718	0.436690629491882	0.434430171667175	0.946888638403015	0.889115456213074	1.12307186093719	0.557613025426941	0.933371244543152	0.248888696142273	0.427223009618835	0.398328025304871	0.447563267553406	0.645823923193054	0.013787470800476	-0.325581343774719	0.395079514806824	0.388892631750183	0.857423512792663	0.544490311376648	0.520604752172546	0.313714350622253	0.402856593847351	0.440321957861023	0.387381700780945	0.423668457983093	-0.296190317407532	0.58314815976532	0.42167812851532	0.21871908164032	0.62464062851532	0.42167812851532	0.721524727128601	0.795380877601257	0.101654336718445	0.126149272968445
ZNF154-cg01268824-19-58220818	-0.36915875039093	0.367307754369812	0.361027588598328	-0.427328069604797	0.497799172765808	0.360899338354187	0.425057516515808	0.742818451818543	0.442457286474304	0.450005540014343	0.694441386816101	0.557771812475281	0.362084835302429	0.237346079809265	0.428492456029968	0.450846550573425	0.564368080053406	0.443219741491394	0.787996125646668	0.348289981603699	0.347835531835632	0.34415094894989	0.46473611289032	0.499364884069519	0.3318725720578	-0.101458338403626	0.577069557531433	0.660371532934265	0.494257103612976	0.576260900304871	0.448766067968445	0.358633953344421	0.404570159399109	1.09207505246552	0.28214213443573	0.760578044775086	0.323970336889343	0.371550195348816	0.462406791418152	0.583324658178406	0.429546040990906	0.195842253149109	0.24894542929657	0.238460781835632	0.81749168521698	0.784045833105164	0.413647854223328	0.538992396398621	0.913190863134461	0.345577680944519	0.32133708566864	0.305107250158386	0.904509469274597	0.522342920873718	0.331255234350281	0.339671250036316	0.438750492284851	0.0967921479244995	-0.00295630446807849	0.481788880956726	0.328430739538269	0.335233856481628	1.10340973752411	0.609524536108093	0.334940976903992	0.307944575353699	0.326762818578796	0.415924182592468	0.32981292551239	0.334593682714539	0.519789907323914	0.876278384496765	0.42167812851532	0.47650608164032	0.36685362851532	0.42167812851532	0.871341241175476	0.244623391648132	0.43556485076532	0.40737241101532
ZNF154-cg08668790-19-58220662	-0.108762117334289	0.398132387426453	0.142419221654968	-0.348115436548157	0.495472805822449	0.423847971410828	0.411122149572449	0.720356084875183	0.420956919530945	0.460697173070984	0.804334019872742	0.430884445531921	0.56691046835907	-0.0951412871340942	0.491887089086609	0.435963183630066	0.476328713110046	0.447844374548035	0.589292758703308	0.421687614660339	0.140350164892273	0.398947582006531	0.419378745946961	0.71815351712616	0.397321205114441	-0.126277705346985	0.413099190588074	0.485406165990906	0.473675736669617	0.389690533361511	0.451368701025085	0.394539586401062	0.42837779245575	1.13817568552216	0.291046767492371	0.500761677831726	0.381133969945984	0.270283828405456	0.554607424474792	0.583739291235046	0.371660674047546	0.0300318862057496	0.33928306235321	-0.064474585107727	0.859235318273621	0.890125466161804	0.431168487279968	0.482515029455261	0.911177496191101	0.40920931400116	0.753357718725281	0.376886883215027	0.308366102331238	0.536986553930359	0.386842867406921	0.410932883092957	0.102443125341492	0.38546778098114	-0.019601671411438	0.542967514013367	0.39204237259491	0.431058489538269	0.99734137058075	0.594423169164734	0.662527609960632	0.202743208410339	0.384684451635437	0.434393815649109	0.379332558569031	0.391815315771179	0.240513540380554	0.598058017553406	0.42167812851532	0.40736008164032	0.43599962851532	0.42167812851532	0.957168478042663	0.36504362851532	0.480989087632507	0.256120909882507
ZNF397OS-cg03437479-18-32847251	-0.367486712915344	0.421145791845398	0.169267626073914	0.455630967870789	0.504631210241394	0.417404375829773	0.408985553991394	0.686341489294128	-0.36619467605011	0.445171577489929	0.481560424291687	-0.209695150049133	0.410318872778015	0.162111117284851	0.268526493505554	-0.278920411950989	0.369798117528992	0.43556277896698	0.405028163122253	0.500839019079285	0.371831569311218	0.445926986425476	0.415462150365906	0.422042921545105	0.432116609533386	0.68116869907196	1.21546959500702	0.753426570409851	-0.311444858911438	0.414148937780457	0.402978105444031	0.629492990820007	0.396869196874695	0.404886089941101	-0.382146828088684	0.231384082250671	0.781956374364929	0.428000232824402	0.724762828893738	0.581046695653992	0.449203078466492	-0.0644067093753052	0.777735466772156	0.670884819311218	0.768353722692566	1.02456687058075	0.424200891698914	0.260122433874207	0.593380900610046	0.993328718420105	0.400604123144226	0.488355287633972	0.468309506750183	0.267605958349304	1.11560727182587	0.410866287511902	0.466829529760437	0.491639185400085	0.416143733007507	0.531144918432312	0.413329777013855	0.420296893957214	0.279041774999695	0.220518573583679	0.449050014379578	0.0827166128292847	0.789793856054382	0.451371220068054	0.406537962987976	1.12773572019012	-0.2826620552005	0.223542421972351	0.42167812851532	-0.0201544183596802	0.86351412851532	0.42167812851532	0.960027389675476	0.349345540148132	0.41336199926532	0.42957526251532
ZNF397OS-cg16657538-18-32847566	-0.364725598901672	0.42367990585907	0.0981107400875854	0.52387608188446	0.574917324255066	0.423611489843445	0.437442668005066	0.7047026033078	-0.368463562036438	0.496487691503601	0.719877538305359	-0.223172036035461	0.403293986791687	0.115531231298523	0.265840607519226	0.512865702062683	0.0707772315426636	0.464918892980652	0.394798277135925	0.403554133092957	0.52523268332489	0.512472100439148	0.448223264379578	0.364287035558777	0.403924723547058	0.714304813085632	1.24548670902069	0.758398684423523	-0.310404744897766	0.421726051794128	0.522472219457703	0.423272104833679	0.536915310888367	0.409435203954773	-0.370937714075012	0.210926196264343	1.3362134883786	0.502066346838074	0.40333294290741	0.628290809667664	0.531858192480164	-0.0649305953616334	0.601133580785828	0.69696993332489	0.704946836706238	0.420936984594421	0.500523005712585	-0.251591452112121	0.210377014623718	0.905040832433777	0.408980237157898	0.414121401647644	0.167015620763855	0.269274072362976	0.769046385839539	0.412782401525574	-0.359734356225891	0.681254299413757	0.491009847021179	0.626213032445984	0.416007891027527	0.409578007970886	0.274893889013367	-0.0453773124026489	0.534762128393249	-0.00528427315704338	0.400710970068054	0.454689334081726	0.412083077001648	0.820354834203796	-0.289863941186829	0.606252535986023	0.42167812851532	-0.0140574183596802	0.85741712851532	0.42167812851532	0.529496018636414	0.35478116910907	0.346353628226257	0.491222727476257
ZNF445-cg17219326-3-44517846	-0.312410262842102	0.41943224191864	0.882331076147156	0.476227417944031	0.535951660314636	0.453497825903015	0.461325004064636	0.101753939367371	-0.320318225976868	0.445391027563171	0.314251874364929	0.061041300024109	0.397959322851257	0.390685567358093	0.306994943578796	0.437808038122253	0.160555567602234	0.446128229040222	0.454833613195496	0.508283469152527	0.374297019384461	0.438663436498718	0.324783600439148	0.363309371618347	0.408240059606628	-0.134100850854798	0.399950045080261	0.151299020483093	0.479891591161804	0.426389387853699	0.470130555517273	0.43649944089325	0.380685646947937	0.427707540014343	0.270306621984558	0.828679532323913	0.479199824438171	0.164277682897644	0.29685627896698	0.599700145727234	0.425174528539734	0.785761740697937	0.450646916845398	0.0198252693844604	0.787265172765808	0.421729320653992	-0.403726658227844	0.406006883947449	0.199259350683289	0.580761168493347	0.423745573217468	0.405151737707214	0.230259956823425	0.330901408422546	1.05280272189911	0.422759737585144	0.445977979833679	-0.109326364526672	-0.411867816919251	0.524707368505554	0.409136227087097	0.451313344030457	1.10681022507294	0.246257023656921	0.37207346445282	0.129630062902527	0.409918306127625	0.450446670141296	0.431606413061218	0.477293170263367	0.520036394872742	0.432537872045593	0.42167812851532	0.44065908164032	0.40270062851532	0.42167812851532	0.544560523136414	0.48975467360907	-0.225515867273743	0.356249222976257
ZNF469-cg03314029-16-88496788	0.0355913505612183	0.43657385532196	0.703759689550476	0.501957031347351	0.577529273717956	0.383994439306335	0.407190617467956	0.795958552770691	0.441795387426453	0.516603640966492	0.99103248776825	0.370375913427429	0.668175936254578	0.456098180761414	0.224339556982117	0.503114651525574	0.193846181005554	-0.0690771575564575	0.352559226598816	0.472571082555847	0.490408632787781	0.366332049902039	0.446072213842468	0.466732985021667	0.359138673009949	0.643272762548523	0.358162658483582	0.171480633886414	0.400995204565124	0.420694001257019	-0.398125831079407	0.81112905429657	0.502609260351257	0.364802153417664	0.425051235387878	0.170127145727234	0.359571437841492	0.464693296300964	0.7576038923703	-0.256842240869446	0.513241141943054	0.384181354101257	0.693050530248718	0.323142882787781	-0.00356421383087158	0.812214934057312	0.474370955175476	0.422686497350769	0.749916964086609	0.372805781896668	0.933715186620789	0.344833351110535	0.135096570226746	0.240198021825867	0.362070335302429	0.435262350988464	-0.388316406763	0.739417248876648	0.46397279648407	0.588509981908874	0.378414840490417	0.365291957433777	0.259448838476257	0.203572637060242	0.98564907785614	0.408765676305847	0.380805919530945	0.464105283544617	0.369643026464539	0.763922783666687	0.353713008276062	0.638934485448914	0.42167812851532	0.19173408164032	0.65162562851532	0.42167812851532	0.0939211691754761	0.819409319648132	0.40593477876532	0.43700248301532
ZNF710-cg02454890-15-90544015	-0.343279835473938	0.441839669286804	0.11675150351532	-0.284474154687805	-0.3078169123172	0.435937253271179	0.5608514314328	0.389512366735535	0.542431201391296	0.595454454931335	0.295686301733093	0.682583727392273	0.417426750219421	0.526745994726257	1.13780837094696	0.556227465490418	0.259096994970398	0.603998656408386	0.40504504056366	0.417196896520691	0.515949446752625	0.430630863866882	0.0767240278073121	1.16259379898651	0.422501486974793	-0.123123423486633	0.411610472448425	0.144525447851257	0.613272018529968	0.417172815221863	0.581896982885437	0.430998868261414	0.539224074316101	0.422478967382507	0.551821049352722	0.531731959692078	0.418955251806335	0.0659241102658081	0.290042706335144	-0.221293426904602	0.408709955907898	0.892514168066101	0.351398344213562	0.672339696752625	0.910637600133972	0.381435748022156	0.04202776914032	0.607838311315613	0.111727778051453	0.436133595861511	0.428378000585632	0.402502165075378	0.189777384191589	1.07626483579071	0.416898149267273	0.611165164953308	0.573109407201843	-0.109043937158508	0.491738610448914	0.644119795873718	0.419824654455261	0.421124771398621	0.286659652441101	0.700608451025085	0.314593891820984	0.348589490270691	0.403932733495789	0.54952109750946	0.574870840429382	0.416292597631531	0.612733822240906	1.00507329941376	0.42167812851532	0.61864308164032	0.22471662851532	0.42167812851532	0.878912701175476	0.199786851648132	0.36301031076532	0.47992695101532
cg00037457-17-59531744	0.412456245458679	0.803430750219421	0.172169584447937	0.451704926244812	0.495650168615417	0.326732334203796	0.366565512365417	0.329888447668152	0.426689282323914	0.293387535863953	0.978678382665711	0.23040980832489	0.421227831152039	0.403049075658874	1.00555545187958	0.441533546423035	0.086538075903015	0.451833737341003	0.396578121496277	0.980521977453308	0.409932527685242	0.362790944799499	0.443733108739929	0.450717879919128	0.35142656790741	0.473149657445984	0.311256553381042	0.132226528783874	0.298987099462585	0.67094089615448	0.317476063818054	1.24536194919403	0.425251155248718	1.10443704831512	0.404435130285339	0.180633040624695	0.316483332738953	0.410950191198425	0.766310787267761	-0.317156345971985	0.431978036840515	0.463582248998718	0.915618425146179	0.600476777685242	0.719301681066589	0.412497828954773	0.421771850072937	0.43916239224823	0.91604685898407	0.697170676794128	0.416765081518249	0.841124246007996	0.877062465124206	0.757721916723328	0.38232323019989	0.357082245885925	0.0925574881344603	0.692881143774109	0.410224691381531	0.520707876806335	1.20377673538788	0.366000852331238	0.448045733373718	-0.00925846804229746	0.810378972753601	0.714044571203308	1.05248281442841	0.377379178442078	0.343875921362	0.410388678564148	0.0607599031735227	0.00337938034637436	0.42167812851532	0.40084308164032	0.44251662851532	0.42167812851532	0.658164633675476	0.301729784148132	0.41782124326532	0.42511601851532
cg00106345-7-27138396	0.300819392309265	0.335730897070007	0.912130731298523	0.423054073095398	-0.438008684533997	0.508525481054382	0.412190659216003	0.121470594518738	-0.0245475708255006	0.465399682714539	0.805892529516296	0.166297955175476	0.337736978002625	0.35800922250946	0.208034598730164	0.396183693273621	0.789759222753601	0.131313884191589	0.416750268346863	0.314508124303894	0.398691674535828	0.576732091650085	-0.00533174440948486	0.462002026769714	0.383157714757996	-0.24182119570343	1.19712070023163	0.47924267563446	0.499741246313171	0.297577043005066	0.45219221066864	1.16480209604462	0.406837302099304	0.76850719516571	0.130050277135925	1.03522918747528	1.19299347958954	0.404837338049011	0.827741934118347	0.586050800878601	0.426628183691101	0.613043395849304	0.485388571996765	0.265346924535828	0.624473827917175	0.675198975805359	0.404230996923523	0.497392539098816	0.898089005834656	0.399755823644714	0.550536228368835	0.747610392858582	0.953753611974792	0.168402063573914	1.15213437705048	0.468877392736511	0.438959634985046	-0.248735709375305	0.368843838232117	0.511156023656921	0.334043882238464	0.637010999181824	0.169140880224304	0.738850678808289	0.211518119604187	0.667567718053894	0.423312961278992	0.418965325292664	0.377005068212585	0.322465825414734	0.214472050024109	-0.0129244728030396	0.42167812851532	0.33874758164032	0.50461212851532	0.42167812851532	0.881391109175476	0.275451259648132	0.46428271876532	0.37865454301532
cg00228017-18-53447841	-0.320191614404602	0.41103089035614	0.930441724584656	0.219928066381531	-0.285005691247864	0.416936474340515	0.464884652502136	0.0872435878048707	0.283822422460632	0.477081676000671	1.01578552280243	-0.220518051538391	1.15944197128876	0.454861215795593	0.998096592016296	0.493502686559753	0.466223216039734	0.379705877477722	1.008029261633	1.11319011759003	0.18021666782196	0.412981084936218	0.492894248876648	1.00884602005585	0.397592708044128	0.709518797582703	1.13124969351776	0.739635668920593	-0.325742760400696	0.408847036291199	0.308640203954773	0.38970308933075	-0.365973704614563	0.372777188451843	0.430238270422058	0.275474180761414	1.22909047287567	-0.167210668664856	0.50214092740448	0.618009794164734	0.312863176977234	0.037532389135437	0.325826565282898	-0.113358082178039	0.0290138212033081	0.352253969091492	0.463403990209656	-0.0688244676150513	0.0575719991207885	0.810551816930847	0.383403221654968	0.455022386144714	0.144622605260925	0.299814056860046	0.398737370336609	1.00809038602264	0.488280628271179	0.739424283910828	0.44274283151825	0.427282016943054	0.391062875524597	1.15321299246796	0.300678873510437	0.578276672094421	1.16767611289032	0.222733711340027	0.797444954565125	0.172133318578796	1.04713606149872	0.573097818700867	0.507433043310242	0.923105520483093	0.42167812851532	0.42368258164032	0.41967712851532	0.42167812851532	0.284832651995789	0.565936802468445	0.682807261585632	-0.147195339164368
cg00253658-16-54210496	0.45290621066864	0.342632715429382	0.220318549657898	0.425467891454773	-0.0528148661746216	0.349338299413757	0.408246477575378	0.541237412878113	0.431803247533875	0.0648595010739136	1.06203734787567	0.429795773534851	0.323254796362	0.457118040868836	0.793801417089539	0.454858511632996	0.637314041112976	-0.452133297449036	0.353270086706238	1.11773194266327	0.383675492895203	0.34201991000946	0.43415307394989	0.747703845129089	0.367211533117371	0.679663622655945	0.308135518591003	0.476917493993836	0.357174064672546	0.294348861364441	0.435604029028015	0.858931914403992	0.387976120458679	0.350179013525085	0.4319300954953	0.957461005834656	0.753926297948914	0.354352156408386	0.754678752477722	0.585013619237976	0.412875002050476	0.317278214208679	0.45947839035614	-0.166147257104797	0.80644964627655	0.543588794164734	0.240219815282898	0.496311357458191	-0.0251331758059692	0.354118642004089	0.30463204672821	0.345656211217957	0.326256430334168	0.177436881933289	0.510057195409851	0.453075211095886	0.431099453344421	0.56617610898407	0.380886656591492	-0.0794581579837037	0.335399700597839	0.328045817541199	0.183991698583679	-0.0774865028323366	0.330487937963562	0.494836536413269	0.623894779638367	0.415213143652039	0.97570588657196	0.773469643774109	0.523608868383484	0.645344345556335	0.42167812851532	0.26725708164032	0.57610262851532	0.42167812851532	0.466452495128601	0.254068645601257	0.465245104718445	0.381221504968445
cg00295794-13-100641409	0.514289816991882	0.994169321752625	0.10695915598114	0.494780497778015	0.431826740148621	0.532706905737	0.426600083898621	0.599520019201355	0.453056853857117	0.179723107397156	0.989363954198914	0.327134379858093	0.439189402685242	0.386454647192078	0.542993023412781	-0.347372882043762	0.361667647436218	0.472451308874207	0.39364669302948	0.425114548986511	0.516466099218445	0.412248516332703	0.432786680273132	0.398580451452332	0.402166139440613	0.307995228979187	0.404278124914246	0.179263100317078	-0.308727329004212	0.397787467687683	0.519636635351257	0.411266520727234	0.535690726781921	0.401451619848328	0.429904701818543	0.420481612157898	0.397063904272156	0.492213762731628	0.600060358800964	0.270273225561218	0.535189608373718	0.605706820531921	0.389466996679382	-0.090674650781555	0.00176625259979246	0.374678400487976	0.53145142160614	0.119034963781433	0.998835430517273	1.01076624832733	0.396987653051453	0.396273817541199	0.42150903665741	0.595522488256531	0.427973801733093	0.402271817419128	0.490566059667664	0.748169715307312	0.484095262914734	0.615971448339539	0.842417306921082	0.402531423864441	1.08752030490692	0.332807103490906	0.958761544286804	-0.00401185726348868	0.645328385961609	0.346107749975281	0.400923492895203	0.394641250097351	-0.264795525293274	0.0506789518795776	0.42167812851532	0.31934408164032	0.52401562851532	0.42167812851532	0.825803978042664	0.52069612851532	0.325336587632507	-0.0930969111174925
cg00377344-10-43857301	-0.358638888330383	0.300404616430359	0.876820450658875	0.37602179245575	0.173626034826355	0.560565200414734	0.434193378576355	0.634074313879089	0.438384148534851	0.0892704020748902	0.879747248876648	0.236755674535828	0.560139697362976	0.388565941869812	1.05329131809052	0.352261412633972	0.621374942113953	-0.293731396448059	0.337812987707214	0.407781843664246	0.386981393896179	0.630772811010437	0.436638974950867	0.853060746130066	0.346588434118347	-0.243513476343079	1.04458641959198	0.519800394994812	0.411544965673523	0.280186762365418	0.421522930028992	0.296309815404968	-0.241596978540344	0.434635914526062	0.416396996496277	0.362441906835632	0.28512819894989	0.407358057409363	0.0121546534786988	0.581321520238953	0.298702903051453	0.745159115209656	0.449234291357117	0.256209643896179	0.688323547277527	1.14557769516571	0.366738716283875	0.478965258459167	0.569785725195007	0.875071543005066	0.752375947729187	0.422831112218933	0.294315331335144	0.237938782934265	1.03060609641083	0.433690112096863	0.449439354345398	0.644451009985046	0.395982557592468	0.143120743017273	0.300483601598816	0.311924718542175	0.939313599584656	0.42471639816864	0.584085838964539	0.240596437414246	0.631958680639343	0.419383044653015	0.428946787572937	0.398610544775085	0.47314076938446	0.054688246557312	0.42167812851532	0.44985408164032	0.39350562851532	0.42167812851532	0.963366000636414	0.35999015110907	-0.340126389773742	0.486013745476257
cg00473416-3-127176006	0.506328488500671	0.443568993261414	0.114814827489929	0.459139169286804	0.56673241165741	0.441624577245789	0.44696475540741	0.131693690710144	0.403993525365906	0.340430778905945	0.306633625707703	0.412836051366882	0.415719074194031	0.398942318700867	0.28907669492157	0.427145789465027	0.382360318945007	0.432486980382995	0.433485364538269	0.4235422204953	0.522290770727234	0.427407187841492	0.387714351781921	0.382430122961121	0.419146810949402	-0.036861099512024	0.469208796423035	0.224353771825867	0.465303342504578	0.423962139196472	0.281567306860046	0.770183192236023	0.24250639829071	0.463758291357117	0.457053373327331	0.578014283666687	0.427345575780945	0.519224434240417	0.0353000303097534	0.570806897070007	0.146795279882507	-0.0356415079592896	0.361785668188171	-0.0510579792727661	0.0395479241085815	0.395384071996765	0.483879093114929	-0.114227364709778	0.103484102026062	0.463715919836121	0.430684324560242	0.411181489049988	0.435348708166199	0.29477515976532	0.422936473241882	0.424093488927917	0.447632731176453	0.528958386816101	0.474739934423523	0.0764741198483276	0.428877978429871	0.46414909537323	0.31841397641571	0.375209774999695	0.322805215795593	0.7454128142453	0.418748057470398	0.41276942148407	0.426689164403992	0.42162092160614	0.523472146215515	0.114461623388367	0.42167812851532	0.57218758164032	0.27117212851532	0.42167812851532	0.234130978042664	0.43635712851532	0.409675587632507	0.497148976882507
cg00498591-3-9904557	0.502834325658874	0.431836830419617	0.197934664648132	0.515326006445007	-0.317882751184387	0.431230414403992	0.443879592565613	0.120332527868347	0.448678362524109	0.517272616064148	0.640386462865906	0.497927888525085	0.406084911352234	0.46187915585907	0.722306532079773	0.30741462662323	0.109360156103211	0.280810817541199	0.402915201696472	0.417621057653503	0.539513607885437	0.416719024999695	0.458512188940125	0.520005960119324	0.447020648107605	-0.124327262353821	0.410007633581238	0.74601960898407	0.503389179662781	0.555542976354675	0.52081814401825	0.585970029394226	0.545770235448914	0.42167812851532	0.476985210485535	0.22594612082489	0.436949412939148	0.509153271398621	0.465532867467957	0.21323673422821	0.14680011704071	0.800709329198914	0.331243505346374	0.0219108578854371	0.0250207612667847	0.388865909154968	0.524476930273132	0.405437472448425	1.02180693918427	0.423157756994324	1.01234616171844	0.390375326208191	0.241411545324402	0.934013996923523	0.418613310400085	0.446755326086121	0.533258568334656	0.390571223974304	0.503739771581726	0.348996957006531	0.420852815588074	0.413861932531433	0.924335813573913	0.012723612157898	0.316454052953796	0.370856651403503	0.409078894628601	0.466348258642273	0.420220001562195	0.416963758764343	-0.0666510166262818	0.10088446054657	0.42167812851532	0.48509858164032	0.35826112851532	0.42167812851532	0.404443138128601	0.340887288601257	0.489065747718445	0.443230861968445
cg00740088-18-19745316	-0.283464685693665	0.391249819067078	0.833101653295593	-0.323917004907532	0.463577237463074	0.412381403051453	0.418634581213074	0.676249516515808	0.42630235117157	0.422890604711609	0.468124451513367	0.491493877172546	0.503374899999695	0.348196144506531	0.275315520727234	0.405232615270691	0.752012144750671	0.42809980618866	0.503261190343933	0.453166046300964	0.383176596532898	0.501340013647156	-0.319211822412415	0.584351948766785	0.479237636755066	-0.17487827370636	0.439980622228699	0.577476597631531	0.426128168310242	0.401368965002136	0.405498132665711	0.382545018041687	0.403153224096375	0.610242117162781	-0.340260800867004	0.269393109472351	0.663071401586609	-0.412201739953918	-0.0485111438845826	-0.0343712771243288	0.425514105688171	-0.119916682153625	0.606211493993835	0.436422846532898	-0.0368862500857544	0.351166897802429	0.412448918920593	0.387688461095886	0.671397927831726	0.379446745641785	0.581577150365906	0.542501314855652	0.950604533971863	0.261991985570984	0.881232299047546	0.528203314733582	0.416404556982117	-0.167629787378235	0.359675760229187	0.499141945653992	0.328728804235535	0.468589921178894	0.234293802221374	-0.0509163991946411	0.239116041601257	0.754639640050964	0.374951883276062	0.404537247289734	0.565151990209656	0.450670747411804	0.511222972021179	0.869369449194031	0.42167812851532	0.51250108164032	0.33085862851532	0.42167812851532	0.535320191636414	0.52609134210907	0.311496801226257	0.319912554476257
cg00742920-13-27050512	0.052955819189148	0.43336532394989	0.908333158178406	-0.348097500024719	0.496674742345886	0.427540907934265	-0.153316913904114	0.195653021398621	-0.0382541439456177	0.370497109594421	NA	-0.023333617944641	1.13139040488251	0.332419649389343	NA	0.462014120153503	0.175080649633484	-0.153862688928528	0.507529695226746	1.17150555118378	-0.0291008985842895	0.414177518529968	0.392845682470398	0.539353453649597	1.16335714163788	0.677892231176453	1.26896012711151	0.133590102514343	0.543934673193054	0.388192469884949	0.408852637548523	0.4051055229245	0.456037728979187	NA	0.457100704015808	0.960795614355164	NA	0.0670157649288941	0.82406836099823	0.600824227758484	0.452612610570984	NA	0.312013998876648	-0.0676106485842895	0.870951254797058	0.362426402685242	NA	0.435167965978699	0.144720432714539	0.414432250524597	0.396196655248718	0.798503819738464	0.456687038854675	0.271195490453796	0.422174803930359	0.390842819616394	-0.0149049381350708	NA	0.426174265111999	0.557710450536804	0.415095309118347	0.444576426061706	0.535565307104187	0.182608105688171	1.08415754648407	0.815365144933777	0.390415388158874	0.426070752172546	0.507327495092468	0.401032252294617	-0.255985523096008	0.562740954076843	0.42167812851532	0.42167467539032	NA	0.42167812851532	0.350584651995789	0.500184802468445	0.142032261585632	0.520790289835632
cg00748494-13-23412343	0.244195147680359	0.367299652441101	0.135076486669617	0.445030828466492	-0.338764929162903	0.450865236425476	0.397415414587097	0.118489349889832	0.368456184545593	0.437108438085632	0.43724228488739	0.16651871054657	0.873993733373718	0.380384977880554	0.210473354101257	0.419155448644714	0.511152978124695	0.447342639562683	1.05794802371796	0.546673879674988	0.444601429906921	0.370614847021179	0.360905010961609	0.523069782140808	0.462035470129089	0.601580559667664	0.352412455602722	0.291203431005554	0.512343001684265	0.35627479837616	0.247791966039734	0.35510885141571	-0.090645942529602	0.476534950536804	0.453267032507019	0.316565942846375	0.377963234960632	0.470107093420105	0.724210689489441	-0.187514443750305	0.418381939062195	0.743608151220398	0.703552327367859	-0.0678613200930787	0.809698583288269	0.332532731176453	0.409329752294617	0.46492529446991	0.95168876120575	0.864224579015808	0.560485983739929	0.586964148229675	0.113181367345886	0.877424818945007	0.34671113242157	0.589578148107605	0.46535539035614	0.700133045995788	0.40319359360321	0.561495779028015	0.401021637609558	0.588795754552917	0.225649635595398	0.211934434179382	0.314790874975281	-0.0660615265750122	0.423610716650085	0.429665080663757	0.645889823583679	0.411016580785828	0.502325805395203	0.0151012825680542	0.42167812851532	0.34284158164032	0.50051812851532	0.42167812851532	0.172762243175476	0.873976393648132	0.40628985276532	0.43664740901532
cg00778807-1-43524347	0.501417928808289	0.386628433569031	0.0611572677975464	-0.267744390405579	0.541388851965027	0.456950017553406	0.464415195715027	0.307663131017761	0.454125965673523	0.470898219213562	0.37570106601532	0.4153884916745	0.370239514501648	0.497123759008484	0.519574135229187	0.494178229772644	0.355617759252625	0.516007420690613	0.390143804845886	0.404528660802917	-0.048494788965149	0.428125628149109	0.505695792089539	0.344690563268738	0.364265251257019	0.624545340795593	0.361670236730652	0.363729212133484	0.524232782812195	0.372257579504089	0.492477747167664	0.95429663254364	0.384257838598328	0.619826731664734	0.451119813634949	0.169187723974304	0.376615016088562	0.429884874548035	0.787054470617371	0.547486337377625	0.473702720190124	0.632958932348328	0.293446108495789	-0.126359538965149	0.0143903644161987	0.412016512304382	0.0416745334225465	0.533123075597839	0.0920285423336792	0.454148360143738	1.03424776486786	0.352864929357605	0.430063148473816	1.10270160007294	0.402549913549499	0.411604929235535	0.50064917148407	0.637147827123718	0.45085837473114	0.311399560155945	0.392462418737488	0.400908535680847	1.00089541672333	-0.085076784692688	0.77723465610321	0.806871254552918	0.349956497778015	0.471769861791687	0.383452604711609	0.375463361913757	0.563610586523132	0.0499050636959839	0.42167812851532	0.47263608164032	0.37072362851532	0.42167812851532	0.146290978042663	0.32869012851532	0.517342587632507	0.523764278882507
cg00902104-10-124901908	0.362570309423523	0.407696814184265	0.907412648412781	0.350736990209656	0.506287232580261	0.52341339816864	0.442554576330261	0.176830511632996	0.440852346288757	0.469196599828796	0.695718446630554	0.394582872289734	0.407273895116882	0.448579139623718	0.356838515844421	-0.0511373896121216	0.081908139867859	0.408049801305847	0.549103185461121	0.423507041418152	0.401889591650085	0.433064008764343	0.419483172704773	0.382988943883972	0.430040631872253	0.502521721410828	0.428846617345886	0.521974592748718	0.508632163427429	0.459589960119324	0.406601127782898	0.429463013158875	-0.0772087807864379	0.407292112279968	0.377856194250183	0.209601104589539	0.417020396703796	0.361989255163269	0.376841851232605	0.244982717992859	0.432194100805359	0.480532312963562	1.00766948911102	0.413618841650086	0.773449745031433	0.400823892919617	0.344368914037781	0.545290456213074	0.0620639229489137	0.463693740758972	0.400893145483093	0.401330309972839	0.20438852908905	0.807159980688171	0.401522294164734	0.450289309850769	0.439518552099304	0.432911207738953	0.418102755346374	0.516358940771179	0.444295799352722	0.455183916296082	0.631544797338562	0.248282595922546	0.484382036718445	0.762808635168152	0.38822687839325	0.435846242406921	0.424145985326843	0.415529742528992	-0.117362032861633	0.0516114443112182	0.42167812851532	0.51869508164032	0.32466462851532	0.42167812851532	0.223850813636414	0.37087596410907	0.518788423226257	0.475127932476257
cg00941836-22-27834549	-0.425035792016907	0.531002712743835	0.930674546972351	-0.399007111230774	-0.397800868860168	0.500755296728211	0.368427474889831	0.852585410192566	0.366156244848328	-0.415162501611633	0.548524345190124	0.323181770849304	0.998146793676453	-0.314539961816711	0.306516414403992	-0.416115491052551	0.664695038427429	-0.371767300134582	0.611955084020691	0.454568939977722	0.275465490209656	0.607195907323913	-0.105859928735657	0.622144842443543	0.590694530431824	0.328835619970398	0.403700515905457	0.547310491308289	0.340534061987	0.384555858678894	0.510211026342468	0.343142911718445	-0.457463882226868	0.448136010839539	0.383699092809753	1.04247400314911	0.364478295263367	0.456321153722839	0.126647749792175	0.615047616552429	-0.455890000635071	0.761838211523132	0.561761387670593	-0.0845852597903443	-0.0432433564089966	0.333930791479187	-0.0465141874026488	0.468670354772644	0.0114198215084839	0.440970639318543	0.393559044042664	0.59464320853241	0.991091427648621	0.200444879247742	0.376035192724304	0.620738208410339	0.476597450658874	-0.0403168937014771	0.442751653905945	-0.386099160669251	0.376324697912293	0.786774814855652	0.248162695898132	0.695775494482117	0.574037935278015	0.451395533727722	0.61205477695282	0.457902140966492	0.484831883886414	0.531899641088562	0.528198865697937	0.0241473428707886	0.42167812851532	0.40683708164032	0.43652262851532	0.42167812851532	0.832250400675476	0.249373551148132	0.43893501026532	0.40400225151532
cg00969119-3-13325360	0.442793752538757	0.3288082572995	0.183511091528015	0.40417243332489	-0.343954324304504	0.717534841283875	0.439531019445496	0.23195795474823	0.421955789403992	0.249523042944031	0.474040889745789	0.496442315404968	0.308038338232117	0.428354582738953	1.04695695895966	0.448713053503113	0.714069582983093	0.427235244421082	1.05299962857635	0.945721484533386	0.38534503476532	0.354087451879578	0.401266615820007	0.457966386999207	0.333517074987488	0.680359164526062	0.315168060461121	0.622511035863953	-0.290724393457336	0.421202403234558	-0.429474429101868	1.02199645627411	0.397764662328796	0.317852555395203	0.385592637365418	0.181244547704773	1.05010783981903	0.153714698278504	0.721965294347839	0.574747161108093	0.244370543920593	0.750247756078797	0.380465932226257	0.67501628476532	0.583313188146668	0.305870336034851	0.413173357153015	0.515278899328308	0.0191283660641481	0.328049183874207	0.957832588598328	0.322759753088074	0.875957972204285	1.00729342380341	0.435423737279968	0.343625752966003	0.445657995214539	0.236904650854187	0.402678198461609	0.226973383886414	0.311727242467957	0.507719359411316	0.918952240453796	0.497090039037781	0.240451479833679	0.793684078283386	0.427222321508484	0.422824685522156	0.381162428442078	0.331395185644226	-0.318631589746399	0.641725887426453	0.42167812851532	0.51460808164032	0.32875162851532	0.42167812851532	0.869404478042664	0.62919462851532	0.216838087632507	-0.158839083117493
cg00970396-16-9107199	0.467834950536804	0.429852455297546	0.0987842895260621	0.483403631322937	0.562423873693543	0.431493039281921	0.390931217443542	0.713471152746277	0.389572987402039	0.317697240942078	0.971684087743836	0.427822513403015	0.405918536230164	0.395763780737	0.930239156957703	0.43092325150116	0.60561178098114	0.465449442419128	0.406804826574402	0.413218682531433	0.494320232763367	0.424934649877625	0.431222813818054	0.414062584997253	0.412304272985535	0.685078362524109	0.400849258459167	0.147976233861999	-0.10821319545929	0.412034601232605	0.465450768896179	0.423591654272156	0.231078860326843	0.40777075339325	0.422403835363464	0.22186174570282	0.444355037817078	0.44013089627655	0.750355492345886	-0.22493064089386	0.50083074191864	0.265235954076843	0.373521130224304	0.544813482763367	0.801741386144714	0.950712534032898	0.460151555151062	0.425832097326355	0.765497564062195	0.419725381872253	1.06568978659637	0.434137951086121	0.270580170202332	0.390280621801453	0.408363935278015	0.41882595096405	0.362814193212585	0.541631848852234	0.453508396459656	0.41635958188446	0.417218440466003	0.410955557409363	0.285577438451843	0.553282237035828	0.580163677831726	0.118067276281433	0.404454519506531	0.425068883520203	0.421396626440125	0.414740383642273	0.113986608251648	0.1327430854245	0.42167812851532	0.37708308164032	0.46627662851532	0.42167812851532	0.215927478042664	0.38072562851532	0.465307087632507	0.478794131882507
cg01020413-2-66810487	0.0252674390621948	0.564865943822937	0.785648778051453	-0.390607880151672	-0.258309637781067	0.400354527807312	0.441896705968933	0.817814641271667	0.467778475927429	0.487621729467468	1.03039457626923	-0.224443998071594	0.799962024755554	0.50687526926239	0.239009645483093	0.0359277400265502	0.602556269506531	-0.344419069055481	0.347070315099792	0.352650171056824	0.454521721288757	0.361499138403015	0.507055302343445	1.06446107352264	1.02691876151092	0.215915851049499	1.04424674698456	0.11655272238739	-0.00277870693389903	0.345274089757996	0.46498325742157	0.369088142797546	-0.0488906511477661	1.20477324191864	0.471630323888855	0.16633223422821	0.352560526342468	0.428510384801941	0.776506980871277	0.621861847631531	0.476048230444031	-0.118858557397766	0.412131618749695	-0.132138028711243	0.869960874670105	0.322861022558289	0.428561043676453	0.455887585851746	0.0295570525875855	1.16102187039764	1.16898327512176	0.416164439611511	1.00978865872772	0.222424110326843	1.17578342380341	0.371316439489441	0.494486681737976	-0.161143662622376	0.457932884985046	0.538932070409851	0.594286928991394	0.357604045934753	0.235255926977234	-0.104614274438782	0.260971166357117	0.426819764806824	0.345799008031921	0.477859372045593	1.08457411496551	0.359321872167664	-0.144094903222962	0.00272657394989001	0.42167812851532	0.0448010816403199	0.79855862851532	0.42167812851532	0.937501297636413	0.39716844810907	-0.397341092773743	0.448835448476257
cg01067151-1-63792863	0.43145572629364	0.457278231054382	0.871964065282898	0.354053407079773	-0.162867350549622	0.463966815038757	0.415106993200378	0.636032928503113	0.440831763158874	0.460125016698914	0.671627863500671	0.372681289159851	0.407118311986999	0.446601556493835	0.252445932714539	-0.303786972742004	0.0727965567379761	0.409649218175964	0.972216602331238	0.402924458288269	0.425882008520203	0.41561042563446	0.41992558957489	0.430675360754089	0.414022048742371	0.610114138280945	0.380154034216003	0.165341009618835	0.447118580297546	0.376476376989441	-0.0194924553469848	0.390624430028992	0.410617636083679	0.381401529150085	0.4283256111203	0.621822521459656	1.26713481357391	0.424523672033386	-0.0208727318972778	-0.254373865137024	0.459389517675476	0.710896729833679	0.95877190598114	-0.0915477414797972	0.0275011619015503	1.17943030978973	0.424240330907898	0.0209248730831909	0.132545339819031	0.423229157629089	0.41109056235321	0.440013726842957	0.157356945959167	0.721779397558289	0.428362711034851	0.434253726720886	0.452717968969421	0.62765362460907	0.413648172216492	0.198611357641296	0.420861216222839	1.0864703331662	1.08466721420868	-0.0359939872073364	0.379773453588562	0.273584052038269	0.409526295263367	0.114285659277039	0.45520040219696	1.17348415939911	0.499277384008484	0.770083861181335	0.42167812851532	0.25494908164032	0.58841062851532	0.42167812851532	0.081344140175476	0.552036290648132	0.36966774976532	0.47326951201532
cg01072076-5-1930801	0.396381149267273	0.337940654028015	0.732938488256531	0.453828830053406	0.496300072424011	0.34793123801239	0.419425416174011	0.647607351476746	0.421523186132507	0.454877439672546	0.691290286474304	0.539922712133484	0.808563734960632	0.453334979467468	0.993125355688171	0.189547450231628	0.578676979711609	-0.0313733588504028	0.413919025304871	0.309963881261902	0.367114431493835	0.364888848608093	0.419075012548523	0.362408783727722	0.322623471716004	0.670464561254578	0.312812457189636	0.741541432592468	0.471244003271179	0.940225799963074	-0.346320032373352	0.320204853002625	0.058844059057312	0.317550952123718	0.407448034093933	0.159931944433289	0.299403236547546	0.411728095007019	0.781418691076355	0.576041557836609	0.403565940649109	0.367162152807312	0.305836328954773	0.703348681493835	0.826721584875183	0.300709732763367	-0.464084246118469	0.376061296056824	0.794728762792664	0.855289580602722	1.04100798532684	0.709302149816589	0.9502653689328	0.448692820531921	0.439376134008484	0.328657149694519	0.442301391943054	0.606220047582703	0.388958595190125	-0.406267219385071	0.754438639196472	0.835739756139832	0.603984637182312	0.509653435766296	0.699842876562195	0.0710704750119019	0.784699718237	0.280006082250671	0.368822825170593	0.313134582372742	0.372076806982117	0.456974284154968	0.42167812851532	0.41264658164032	0.43071312851532	0.42167812851532	0.300952151995789	0.549817302468445	0.747016761585632	0.279714887835632
cg01141339-5-72530198	0.471706470312195	0.388843975072937	0.523574809301453	-0.382349848901672	0.561666393468933	0.388271559057312	0.432418737218933	0.683553672521668	0.449851507177429	0.489331760717468	0.745619607519226	0.485785033178406	0.373233056005554	0.40879830051239	0.266769676733093	0.46384577127655	0.417401300756531	-0.019058037805481	0.453810346349793	0.387559202306824	0.385691752538757	0.400867169653015	0.211886333593445	0.380820104772644	0.393457792760925	0.0278658822994994	0.492978778234558	0.50661975363739	0.488816324316101	0.362482121007996	0.20160028867157	0.525704174047546	0.288931380102234	0.42545527316864	0.331680355138855	1.00721926547821	0.575390557592468	0.357511416051941	0.480295012121277	0.417725878881531	0.439683261694031	0.182154473852234	0.336360649999695	0.703112002538757	0.439418905920105	0.498344053808289	0.416601074926453	0.259600617101746	0.0684480838375855	0.382277901647644	0.580622306371765	0.425039470861511	0.887570689977722	0.358957141576843	0.656754455053406	0.543148470739441	0.432498712987976	0.322760368627624	0.441753916235046	-0.336231898340149	0.411019960241394	0.381817077184753	0.303382958227234	0.581433756811218	0.372991197607117	0.798116796056824	0.381769039281921	0.450522403295593	0.636898146215515	0.468696903417664	0.463768128027039	0.27735160519989	0.42167812851532	0.59406208164032	0.24929762851532	0.42167812851532	0.445343809675476	0.293029960148132	0.40931741926532	0.43361984251532
cg01268590-12-54346975	0.480163228002625	0.547244732763367	0.639894566991882	0.332334908788757	0.445334151159363	0.430171316747742	0.420009494909363	0.601828430212097	0.451742264867859	0.484322518407898	0.263962365209656	0.371688790868835	0.370295813695984	0.42089905820282	0.242564434423523	0.49526352896698	0.15135605844696	0.463979719884949	0.848518104040222	0.790466959997253	0.476194510229187	0.387137927343445	0.465819091283875	0.342787862463074	0.371306550451355	0.403871639989929	0.405143535924988	0.17218051132782	0.0839680820065308	0.412968878698425	0.505299046362	0.382871931737976	0.497547137792664	0.37113703085907	0.459808112829285	0.52016302316864	0.414763315282898	0.439139173742371	0.00607076981170662	0.40120563657196	0.50410701938446	0.788424231542664	0.644787407690125	-0.121654239770813	-0.00995133638946533	0.799432811498718	0.469267832616882	0.337594374792175	0.0686458415280152	0.388959659338074	0.392629064062195	0.368308228551941	0.535939447668152	0.381187899267273	0.802319212743835	0.590930228429871	-0.253758529321594	0.649662126318054	0.470611673925476	0.583270859350281	0.390117717931824	0.407701834875183	0.951207715917663	0.385411514501648	0.577932955297546	-0.0342314462527465	0.546782796972351	0.445573160986023	0.375988903905945	0.374941661108093	0.146680885717468	0.81809336289032	0.42167812851532	0.53164608164032	0.31171362851532	0.42167812851532	0.548126105034851	0.756830255507507	0.299576714624695	-0.102912940125305
cg01324372-22-42679577	-0.401991952295227	0.339703552465515	0.693757386694031	0.469421728490906	0.521664970861511	0.33731913644989	0.360224314611511	0.736161249914246	0.339506084570007	0.419799338110046	0.664733184911804	0.439181610570984	0.318220633398132	0.405670877904968	0.202324254125671	0.425487348669128	0.526855878149109	0.333050539587097	0.713420923742371	0.423421779699402	0.429849329931336	0.320983747045593	0.394691910986023	0.297503682165222	0.330672370153503	0.619311459692078	1.21627035562714	0.561608331029968	0.451700901708679	0.335156698400574	0.406547866064148	0.325391751440124	0.441243957494812	1.18621785056122	0.440510932531433	0.952158842870789	0.333714134985046	0.410207993444519	0.827927589513855	0.575447456274109	0.438822839086609	0.552318051244812	0.240292227392273	-0.181661420068664	0.024950483312683	0.286786631200867	0.418643652319031	0.433733194494324	0.0502726612301636	0.322751479040222	0.314660883764343	0.299837048254089	0.5121132673703	0.701535718969421	0.341663032445984	0.318739048132019	0.439561290380554	0.586846946020203	0.413526493627624	0.537063679052429	0.322862537633972	0.905951654577332	1.03840053561981	0.520043334203796	0.555834774999695	0.710686373449402	0.3136156166745	0.408397980688171	0.315698723608093	0.316349480810242	0.464611705419617	0.886420182592468	0.42167812851532	0.46570758164032	0.37765212851532	0.42167812851532	0.473577077675476	0.219683228148132	0.40296168726532	0.43997557451532
cg01496199-19-39755181	0.460788226781921	0.476281731542664	0.905214565771179	0.467512907568054	0.41366314993866	0.416967315527039	0.41189649368866	0.201609428991394	0.410257263647156	0.457401517187195	0.379814363988953	0.394295789648132	0.802928812475281	0.399662056982117	0.39444643320282	0.451607527746277	0.468748057226257	0.183545718664246	0.606505102819519	0.53117195877655	0.455216509008484	0.444062926122742	0.419449090063171	1.10041286124237	1.14121054923065	0.156307638769226	0.354389534704285	0.157861510107117	0.439548080785828	0.375575877477722	0.252237045141297	0.364571930517273	0.47428013657196	0.368060029638367	0.421453111608582	0.492460021947937	0.682848314062195	0.443658172521668	0.0112657685910034	0.0589176353512572	0.486717018163757	-0.0107667696780396	0.298162406469421	-0.146407240991516	-0.0284953376101684	0.970259810278015	0.461719831396179	0.267226373571472	0.419964840307312	0.389816658117371	0.947272062841492	0.919047227331238	0.937955446447449	0.66121789804657	0.366022211523132	0.440674227209167	0.426292469457703	0.687225125097351	0.434622672704773	-0.158160141870422	0.886433716711121	0.38874983365448	1.10442071469696	0.0479235132809448	1.04430795407684	0.17645955252655	0.756192795751648	0.43384515976532	0.419617902685242	0.36403965988739	0.213808884496765	0.0925133616696167	0.42167812851532	0.40738708164032	0.43597262851532	0.42167812851532	0.343393151995789	0.507376302468445	0.644793761585632	0.133369046835632
cg01513307-6-108479557	0.454100983495789	0.384590488256531	0.0537683224850465	0.433149664281921	0.0993659066525268	0.400018072240906	0.394829250402527	0.631091185705261	0.409905020361023	0.033618273901062	0.93605212070282	0.421682546362	0.383428569189148	0.429100813695984	0.298246189916687	0.420004284460144	0.668213813940125	0.410250475378113	0.609885859533386	0.392847715490418	0.440057265722351	0.424600682836609	0.401914846777039	0.905109617956238	0.401296305944519	0.684332395483093	0.386526291418152	0.173188266820984	0.459001837499695	0.749030634191589	0.397840801855164	0.38200468723114	0.441669893285828	0.413632786352234	0.408218868322449	0.312145778661804	0.474432070776062	0.440431929235535	0.451257525304871	-0.0954826079348753	0.468694774877625	0.763190987035828	0.588430163183289	0.617402515722351	0.330732419103699	1.18048056699188	0.447193588110046	0.393417130285339	0.0721195970211792	0.446341414831238	0.378361819555359	0.899763984045105	0.790261203161316	0.378247654760437	0.592086968237	0.815627983923035	-0.35699777382843	0.665089881811218	0.41384742941864	0.221826614843445	0.374805473424988	0.404108590368347	0.341137471410828	0.611982269994812	0.325046710790711	0.594811309240418	0.414089552465515	0.428855916479187	0.989071659399109	0.456750416601257	0.508358641210632	0.0581551183834839	0.42167812851532	0.53700858164032	0.30635112851532	0.42167812851532	0.350578151995789	0.500191302468445	0.522007761585632	-0.170487568164368
cg01528052-6-30095728	0.434632293066101	0.427190797826843	0.276469632055359	-0.326091026147766	0.553964216222839	0.433832381811218	0.436994559972839	0.126848495275574	0.413656329931335	0.324907583471375	0.299467430273132	0.519266855932312	0.415442878759461	0.440984123266296	0.311063499487	-0.0535664059695435	0.713343123510437	0.418214784948425	0.415510169103699	0.41482502506073	0.408841575292664	0.427514992406921	0.433958156347351	0.48793292752655	0.976114615514832	0.451692705053406	0.409879600988464	0.148133576391296	0.279879147070007	0.465305943761902	0.204902111425476	0.413809996801453	0.37966720285614	0.420430095922546	0.404230177892761	1.00990008823212	1.13120638034637	0.464185238805847	0.758589834875183	-0.221465298364563	0.412050084447937	0.15149029660614	0.336375472753601	0.644395825292664	0.877051728674011	0.380562876562195	0.453288897680359	0.438211439855652	0.703429906591492	0.41572872440155	0.870707129125671	0.487817293615418	0.859798512731628	0.36577096433075	0.470622277807312	0.424557293493347	0.311251535741882	0.678999191381531	0.469583738988953	-0.306958075586243	0.4130037829953	0.40153789993866	0.28038178098114	0.574600579565125	0.324257020361023	0.68887061881073	0.507327862035828	0.4434042260495	0.411314968969421	0.77605572617157	0.248124950780945	0.610179427953796	0.42167812851532	0.33383308164032	0.50952662851532	0.42167812851532	0.705657792175476	0.324755942648132	0.46434440176532	0.37859286001532
cg01603290-17-40805956	-0.359612180810852	0.42759232394989	0.866979158178406	-0.337006500024719	0.192946742345886	0.438460907934265	0.392243086095886	0.118894021398621	0.399898856054382	0.449734109594421	0.323370956396179	0.312224382055359	0.420089404882507	0.448340649389343	0.289075025610046	0.446367120153503	0.126936649633484	0.425570311071472	0.430556695226746	1.14159455118378	0.356813101415711	0.464193518529968	0.442747682470398	0.820464453649597	0.669281141637878	0.244564231176453	0.921843127111511	0.682520102514343	0.459273673193054	0.407605469884949	0.405035637548523	0.4216715229245	0.401073728979187	0.414771622045593	0.446242704015808	0.222906614355164	0.565663906469421	0.419020764928894	0.66426736099823	0.589984227758484	0.463625610570984	0.685900822729187	0.479351998876648	0.30451635141571	0.562268254797058	1.11722840268524	0.430882423803406	0.378072965978699	0.297826432714539	0.422545250524597	0.411714655248718	0.458416819738464	0.685283038854675	1.0698034904538	0.529769803930359	0.453488819616394	0.180265061864929	0.362336717504578	0.416183265111999	0.431747450536804	0.420211309118347	0.422069426061707	0.288803307104187	0.144942105688171	0.32002354648407	0.627505144933777	0.433984388158875	0.398841752172546	0.422571495092468	0.800804252294617	0.186225476903992	0.202660954076843	0.42167812851532	0.50160608164032	0.34175362851532	0.42167812851532	0.942729321175476	0.337006471648132	0.42231293076532	0.42062433101532
cg01680010-7-96647117	0.470599565282898	0.39747307004364	0.647419904272156	0.399070246069031	0.506542488439636	0.386239654028015	0.466903832189636	0.652750767492371	0.474755602148132	0.469777855688171	0.420881702489929	0.535177128149109	0.351689150976257	0.436594395483093	0.903213771703796	0.445626866247253	0.00961639572723388	0.513041057165222	0.339207441320496	0.342870297277527	0.397581847509461	0.418812264623718	0.465383428564148	0.381998199743347	0.515761887731628	0.124646977270203	1.13812987320526	0.0804338486080933	0.525274419286804	0.384939215978699	0.478772383642273	0.83096626901825	-0.452529524927063	0.694597368139343	0.453650450109558	1.02107736044891	1.24081065256317	0.397716511022644	0.31524210709198	0.420617973852234	0.454001356664734	0.707616568822937	0.307313744970398	-0.0982569024905394	0.848425000890808	0.551111148778992	0.368717169897156	0.568797712072449	0.930160178808289	0.374883996618347	0.336797401342468	0.380191565832214	0.181756784948425	0.772237236547546	0.373789550024109	0.359964565710144	0.476391807958679	0.547446463598328	0.417610011205749	0.495388196630554	0.368727055212097	0.344416172155457	0.253900053197937	0.122221851781921	0.36055629257782	0.419836891027527	0.350745134252625	0.456099498266296	0.416581241186218	0.538197998388367	-0.289382777002258	0.881031700170593	0.42167812851532	0.47435858164032	0.36900112851532	0.42167812851532	0.299592151995789	0.551177302468445	0.129189761585632	0.636074075835632
cg01682504-12-57620607	0.493627001928406	0.400145506689148	0.0647173409176636	0.407998682714539	0.519352925085144	0.392170090673523	0.482630268835144	0.491472204137879	0.49739003879364	0.524670292333679	1.02377013913544	0.494848564794617	0.409639587621765	0.468532832128601	0.281608208349304	0.502515302892761	0.442433832372742	0.51061949381073	0.619231877966003	0.388033733923035	0.484919284154968	0.422294701269226	0.485017865209656	0.417533636388855	0.380863324377136	0.57482241391571	0.405007309850769	0.735012285253601	0.145848855932312	0.638247652624207	0.250865820287781	0.388040705663757	0.0647029117184449	0.410735804784851	0.512970886755066	0.516460797094421	0.376839089208679	0.464944947668152	0.605675543737488	-0.195657589502258	0.452405793310242	-0.0515189945315552	0.391312181615906	0.697970534154968	0.488521437536316	0.8224225854245	0.421441606542664	0.549318148717956	0.170019615453796	0.406420433263855	0.376866837987976	0.405560002477722	0.757809221593933	0.248674673193054	0.422577986669617	0.467680002355652	0.292436244604187	0.612268900243835	0.472028447851257	-0.0852713667239379	0.394398491857605	0.383935608800964	0.339459489843445	0.162118288427429	0.748676729223328	0.390772327673035	0.376617570898132	0.496202934911804	0.412086677831726	0.385997435033875	0.435824659643249	0.0231561368161011	0.42167812851532	0.33008158164032	0.51327812851532	0.42167812851532	0.579906739675476	0.324411890148132	0.37593334926532	0.46700391251532
cg01721569-2-66810570	0.129746536352234	0.500688041112976	0.889985875341492	-0.333637782861633	-0.176565540491028	0.624217625097351	0.466105803258972	0.674501738561707	0.458147573217468	0.512704826757507	0.906481673559265	-0.183909900781555	0.589709122045593	0.486361366552429	0.278720742773132	0.416478837316589	0.52583636679657	-0.281174971765442	0.390047412389832	0.406175268346863	0.502871818578796	0.415481235693054	0.457969399633484	0.996145170812683	1.15819685880096	0.203444948339539	1.1340078442746	0.142979819677429	-0.0812526096438599	0.402674187048035	0.462751354711609	0.406309240087585	0.066567446142273	1.16088933920868	0.458386421178894	0.22448033151825	0.410028623632507	0.41238048209198	0.867654078161316	0.61679094492157	0.52231632773407	-0.0671534601077269	0.481659716039734	-0.0988959314212033	0.893070971960144	0.380002119848328	0.444758140966492	0.424963683141785	0.0846151498776246	1.16177896768768	1.1754603724118	0.39404353690155	0.984459756017761	0.271416207616882	1.07196652109345	0.41343953677948	0.530645779028015	-0.0133795653323364	0.481852982275085	0.58009516769989	1.19371802628143	0.398771143224793	0.282127024267273	-0.0589491771487426	0.305699263647156	0.371897862096863	0.396564105321961	0.483593469335632	1.03073121225555	0.395791969457703	-0.140062805932922	0.0535286712399292	0.42167812851532	0.0967945816403199	0.74656512851532	0.42167812851532	0.946346559636414	0.39479671010907	-0.352887830773743	0.451207186476257
cg01765111-1-37784244	0.533270363988953	0.416360868749695	0.0872637029782105	0.277457044775085	0.529667287145691	0.42317645273407	0.462188630895691	0.106759566198425	0.466766400854187	0.461576654394226	0.479111501195984	0.364553926855164	0.411244949682312	0.512235194189148	0.285630570409851	0.138491664953308	0.0764201944332886	0.472057855871277	0.41620524002655	0.436742095983582	0.443796646215515	0.409134063329773	0.504204227270203	0.398918998449402	0.407882686437683	0.724418775976257	0.493701671911316	0.193639647314148	0.529597217992859	0.427149014684753	0.513911182348328	0.415620067724304	0.494644273778992	0.538737166845398	0.388899248815613	0.591607159154968	0.428306451269226	0.451216309728699	0.0622079057980346	-0.214307227441711	0.509842155370789	-0.0608226324710083	0.366544543676453	0.0309328962155151	0.0557137995968628	0.397020947485046	0.475313968603211	0.500597510778503	0.966504977514343	0.421654795324402	0.393599200048523	0.386153364538269	0.19455358365448	0.262062035253601	0.401754348730164	0.417479364416199	0.516523606664734	0.184268262304382	0.472459809911804	-0.233508004663391	0.436882853918152	0.406138970861511	1.13830785190399	0.182096650487976	1.15077109128387	0.131971689733582	0.458008932958679	0.481262296972351	0.669696039892273	0.710921797094421	0.503838021703797	0.0800994988766479	0.42167812851532	0.39201408164032	0.45134562851532	0.42167812851532	0.445681651995789	0.405087802468445	0.168295261585632	0.543843756835632
cg01959123-15-65197576	0.425871247045593	0.427371751806335	0.0396095860348512	0.366978927831726	-0.388364829797668	0.73555133579071	0.389987513952331	0.694984449255066	0.409366283910828	0.271293537450867	0.695465384252625	0.503979809911804	0.361743832738953	0.435300077245789	0.983756453466492	0.414882548009949	0.655929077489929	0.431688738927917	0.597324123083191	0.344535979040222	0.379890529272156	0.501938946386414	0.385636110326843	0.348555881506042	0.532474569494324	-0.208651340967102	0.343442554967957	0.641368530370789	0.486721101049499	0.519457897741394	0.441179065404968	0.879299950780945	0.408357156835632	1.10346104990204	0.391701131872253	0.153300042211609	1.21282833432587	0.418397192785339	0.522998788854675	-0.222500344385071	0.420450038427429	-0.103935749414368	0.284628426733093	0.206732779272156	0.398599682653503	0.729638830541687	0.391134851659851	0.434729393835144	0.891883860570984	0.352997678381042	1.17849408310516	0.79315524759491	0.924512466711121	0.232184918310242	1.0783392317868	0.947905247472839	0.430013489721375	0.471559145361023	0.392757692968445	0.511874878393249	0.347923736974793	0.370248853918152	0.585314734960632	0.454505533544617	0.245775974340515	0.421236572790222	0.49598881601532	0.251738180028992	0.374643922948914	0.414889680151062	0.0936879047604369	-0.00874261806671145	0.42167812851532	0.58344958164032	0.25991012851532	0.42167812851532	0.913018522675476	0.353401673148132	0.41189513226532	0.43104212951532
cg02026141-10-23492470	0.440825639501648	0.52783314426239	0.115012978490906	-0.242586679712219	-0.348686437341614	0.464955728246765	0.461416906408386	0.249753841711121	0.468330676366882	0.403609929906921	1.06536177670868	0.0820682023678589	1.16867522519501	0.436083469701843	0.550460845922546	0.427657940466003	0.531858469945984	0.440783131383972	0.375714515539246	0.443908371496277	0.0991539217282105	0.938969338842468	0.437006502782898	0.401758273962097	1.17085296195038	-0.134914948511047	0.393507947424011	0.173007922826843	0.0814784935055541	0.675674290197449	0.323589457861023	1.213363343237	-0.444914450708313	0.402501442358093	0.465989524328308	0.198073434667664	0.384682726781921	0.416247585241394	-0.00403081868927002	-0.269672951929016	-0.418185569116516	0.341879643041687	0.353229819189148	0.69310617172821	0.547938075109558	0.387511222997742	-0.429507755884094	0.496859786291199	0.470159253027039	0.426804070837097	0.383587475561218	0.464212640050964	0.146342859167175	0.526070310766296	0.449670624242859	0.500705639928894	-0.388514117822571	0.390858537817078	0.424868085424499	0.389159270849304	0.382177129430847	0.445515246374207	0.357287127416687	0.454347926000671	0.48431936679657	0.0206379652462769	0.683124208471374	0.328803572485046	0.939863315404968	1.17515707260712	0.529953297216492	0.0225527743893432	0.42167812851532	0.22789108164032	0.61546862851532	0.42167812851532	0.348118105034851	1.07702225550751	0.499584714624695	-0.357307787125305
cg02155398-2-45160490	0.462626202612	0.437490707372742	0.872569541601257	0.409766883398132	0.421567125768738	0.428847291357117	0.394200469518738	0.730075404821472	0.404658239477234	0.396162493017273	0.810877339819031	0.458036765478211	0.422294788305359	0.423677032812195	0.547007409032898	0.442004503576355	0.129224033056336	0.385059694494324	0.417158078649597	0.433665934606628	0.527345484838562	0.43617390195282	0.43202706589325	0.453197837072449	0.41220152506073	0.241228614599304	0.414139510534363	0.178252485937195	-0.118671943384094	0.4177908533078	0.504412020971375	0.419793906347351	0.243454112402039	1.15588900546844	0.41749508743866	0.601523997778015	0.422648289892273	0.481067148351746	0.532553744421081	0.566481611181335	0.528315993993835	0.812055206152039	0.379486382299499	0.282362734838562	0.84869363821991	0.385652786108093	0.456600807226257	0.40738434940155	0.10271681613739	0.424633633947449	0.42715703867157	0.415076203161316	0.401852422277527	0.285588873876648	0.41833818735321	0.426996203039246	-0.341498554712219	0.325076100927429	0.474941648534851	-0.305490166040344	0.442738692541199	0.415089809484558	0.292076690527039	0.465504489111023	0.321184929906921	0.711812528356628	0.412390771581726	0.426780135595398	0.43327987851532	0.535537635717468	0.411379860326843	0.0845393374996948	0.42167812851532	0.40313908164032	0.44022062851532	0.42167812851532	0.666272817636414	0.47489196810907	0.118567427226257	0.371111928476257
cg02174092-10-43846539	-0.327916961694641	0.476889543066101	0.384986377294617	0.568435719091492	0.0778639614620972	0.418433127050476	0.511429305212097	0.861011240514832	0.490448075170593	-0.309716671289368	0.67367317551239	-0.21451839882843	0.792957623998718	0.484965868505554	0.266337244726257	0.495424339269714	0.812527868749695	-0.306065469812317	0.388575914342957	0.417673770299988	0.486006320531921	0.492384737646179	0.483154901586609	0.411815672765808	0.406429360754089	0.593904450292663	0.399312346227722	0.290105321630554	0.550744892309265	0.47122968900116	-0.362056143335266	0.64090174204071	0.492504948095398	0.802539841161804	0.525088923132019	0.218952833471375	0.403515125585632	0.500971984045105	0.0142765801144409	0.532824446874695	-0.260075170312805	0.455842041845398	0.325855217992859	-0.0879674294680786	0.00806547391326906	0.377216621801453	-0.252543357080383	-0.25697981490509	0.0829836518307495	0.418954469640808	0.395698874364929	0.424821038854675	0.978460257970886	1.21027170957001	0.42984902304657	0.739545038732605	-0.37258771901886	0.598073936620789	0.51114448422821	0.250291669653015	0.926345528234558	0.504775645177918	0.282461526220398	0.360055324804382	0.823163765600281	-0.0102736359500122	0.435220607275085	0.524312971288757	0.419287714208679	1.26933147141083	0.263813696020203	0.0431721731930542	0.42167812851532	0.35424408164032	0.48911562851532	0.42167812851532	0.190855105034851	1.03085725550751	0.656847714624695	-0.139443310125305
cg02245004-15-76634887	0.51221121848114	0.401169723241882	0.599988557470398	0.516118899267273	-0.346983858362122	0.410945307226257	0.445070485387878	0.837408420690613	0.482059255346375	0.103337508886414	0.991170355688171	0.442117781347351	0.4265198041745	0.465492048681335	0.429069424902039	0.118009519445496	0.0700230489254762	-0.222292289636536	0.403326094518738	0.693297950475769	0.499895500707703	0.40255091782196	0.42921508176239	0.472777852941589	0.422949540929871	0.0126956304684448	0.401299526403503	0.235722501806335	0.312375072485046	0.464772869176941	0.531080036840515	0.407294922216492	0.496893128271179	0.419293021337585	0.4944941033078	0.420928013647156	0.372263305761414	0.502310164220886	-0.00766223970977775	0.617318627050476	0.182964009862976	0.571805222021179	0.38856639816864	-0.00373824929229732	0.88993965408905	0.524891801977234	0.463412823095398	-0.0451126347293091	0.995907832006531	0.391607649816589	0.39149005454071	0.448754219030457	0.228363438146668	0.243516889745789	0.411311203222351	0.402664218908386	0.496131461156921	0.67687111679657	0.472834664403992	0.596572849828796	0.430672708410339	0.383995825353699	0.863500706396179	-0.00937849501983634	0.801050945776062	0.378159544225769	0.382396787450867	0.120242151464539	0.38244089438446	0.433196651586609	-0.216970123804016	0.371286353368835	0.42167812851532	0.22627058164032	0.61708912851532	0.42167812851532	0.272090978042664	0.48248312851532	0.363549587632507	0.612148651882507
cg02253760-3-147077616	0.315931245092468	0.64049474985321	0.935738584081726	0.517525925878601	0.517308168249206	0.436083333837585	0.449228511999206	0.758462447301941	0.487203281957703	0.521483535497742	0.229923382299499	0.338803807958679	0.497618830785828	0.488852075292664	0.816176451513367	0.480605546056824	0.0312730755368043	0.219124736974792	0.346490121130066	0.491350977087097	0.447827527319031	0.405198944433289	0.500388108373718	1.00040087955292	0.363773567541199	0.661884657079773	0.341034553014832	0.177437528417664	0.492351099096374	0.880865895788269	0.491084063451843	0.35276694882782	0.459470154882507	0.346391047948914	-0.238381870080872	0.154475040258484	0.343488332372742	0.482779190832214	0.47967878690155	-0.271136346338196	0.481777036474304	0.795206248632507	0.368324424779968	0.301363777319031	-0.0129443192996215	1.24012682858856	-0.466042150293274	0.406860391882019	0.302751858617859	0.440895676427917	0.360902081152039	0.370222245641785	0.105810464757996	1.12000291635712	0.352931229833679	0.386720245519714	0.376090487768249	0.213250143407898	0.46213069101532	0.544202876440124	0.592023735021667	0.661748851965027	1.08270773300751	0.254262531591492	1.11585797238739	0.326077570837097	0.391507814062195	0.449124178075867	0.364552920995789	0.349006678197937	-0.0900980971926879	0.223033379980164	0.42167812851532	0.33806708164032	0.50529262851532	0.42167812851532	0.434847651995789	0.415921802468445	0.322428261585632	0.593405200835632
cg02483735-1-37051530	0.446520523901062	0.346912028661804	0.0241868628903198	-0.260878795312805	-0.3988625529422	0.611761612646179	0.4562497908078	0.524494726110535	0.439123560766296	-0.410734185693665	1.12433866110809	0.162754086767273	0.919274109594421	0.451955354101257	0.45142773032196	0.331036824865417	0.277617354345398	0.00462601578338617	0.57782039993866	0.814247255895691	0.0438848061276245	0.956850223241882	0.444663387182312	0.602774158361511	0.439974846349792	0.658327935888367	0.447580831823425	0.452709807226257	-0.0254806220950318	0.372402174596863	0.377977342260437	0.322991227636414	-0.338042566308899	0.354014326757507	0.465094408727722	1.04093431906708	0.312757611181335	0.435936469640808	0.538850065710144	-0.290772067529602	0.408438315282898	-0.138484472558899	0.409259703588562	0.699166056127625	-0.00772204049102782	0.306868107397156	0.42167812851532	0.378787670690613	-0.00564486257354735	0.489168955236511	0.362828359960632	0.553913524450378	0.144417743566589	0.18984819516571	0.421107508642273	0.522353524328308	0.467110766576843	0.681679422216492	0.417037969823913	-0.304137844751282	0.352897013830261	0.430491130773621	0.543231011816101	0.382015810400085	0.538248251195984	0.725976849645691	0.747641092870789	0.38585845688446	0.754218199804382	0.403195957006531	0.510396181615906	-0.0242033412112427	0.42167812851532	0.32463058164032	0.51872912851532	0.42167812851532	0.208149151995789	0.642620302468445	0.661634761585632	-0.253581329164368
cg02503159-6-5026324	-0.35245920351593	0.443445301244812	0.960179135473328	0.420208477270203	-0.309418280359192	0.430938885229187	0.522257063390808	0.150800998693543	0.484486833349304	0.541356086889343	0.331841933691101	-0.133633640649719	0.437675382177429	0.483376626684265	0.332954002904968	0.516756097448425	0.134563626928406	0.414845288366394	0.439160672521668	0.418852528478699	0.540607078710632	0.43219549582489	0.47709365976532	0.385140430944519	0.5091061189328	-0.113253791528625	0.414315104406433	0.147037079809265	0.417141650487976	0.416798447179871	0.556872614843445	0.431990500219421	0.531341706274109	0.415590599340515	0.45838068131073	0.227545591650085	0.413995883764343	0.522017742223816	0.929459338293152	-0.122696794946594	0.558852587865906	0.347719800024109	0.91736597617157	0.302923328710632	0.90684423209198	1.28312937998016	0.521762401098328	0.460979943273621	0.0972874100094605	0.425168227819519	0.41023363254364	0.399608797033386	0.220155016149597	0.285218467748718	0.425881781225281	0.429649796911316	-0.292349960840149	-0.00967930520050053	0.514293242406921	0.602681427831726	0.432356286413269	0.422729403356628	0.289022284399109	-0.0415869170169068	0.340732523778992	0.658073122228699	0.411709365453796	0.484373729467468	0.43682547238739	0.415019229589539	-0.259105545801086	0.0669309313717651	0.42167812851532	0.45736808164032	0.38599162851532	0.42167812851532	0.776527818675476	0.302378969148132	0.33491242826532	0.50802483351532
cg02582848-1-224075899	0.455977169408875	0.349618674169617	0.893191508398133	0.181269850195007	0.186468092565613	0.471382258153992	0.444317436315613	0.405987371618347	0.415753206274109	0.215645459814148	0.397174306615906	0.327835732275086	0.459877755102234	0.47144699960907	1.02817737582977	0.43747847037323	0.137204999853211	0.440703661291199	0.490362045446472	0.401231901403503	0.411979451635437	0.599860868749695	0.451994032690125	0.510263803869324	0.495009491857605	-0.225387418603821	0.334928477331238	0.44491345273407	0.495292023412781	1.21837682010468	0.43581098776825	0.355183873144226	0.398262079198914	0.38535697226532	0.458052054235535	0.39888696457489	0.319404256689148	0.414563115148621	0.0103807112179566	-0.32438142202179	0.43623796079071	-0.0761028270510863	0.411654349096375	0.689534701635437	0.813532605016785	0.311187752904968	0.418893774023132	0.525855316198425	0.149314782934265	0.412829600744324	1.14201200546844	0.556666169958191	0.0933533890744019	0.795438840673523	0.463794154150085	0.570640169836121	0.450532412084656	0.415337067724304	0.417434615331726	0.497441800756531	0.339870659338074	1.18307477628143	0.215227657323914	0.221055455907898	0.250891896703796	0.778127495153504	0.519673738378601	0.428565102392273	0.551763845312195	0.337655602514343	0.422347827123718	-0.0126106957034302	0.42167812851532	0.40248058164032	0.44087912851532	0.42167812851532	0.582514994128601	0.623598144601257	0.101173603718445	0.265159005968445
cg02644510-7-121946608	0.471228089941101	0.371133594701843	0.527626428930359	0.427439770727234	-0.0381049869021606	0.370281178686218	0.471672356847839	0.674277292150574	0.453997126806335	0.224051380346374	0.813798227148132	0.296317652807312	1.08573067563446	0.327741920141296	0.728872296362	-0.0213706090945434	0.0729349203854371	-0.0999494181765745	0.341019965978699	0.35953582193573	0.464816372167664	0.757192789281921	0.409103953222351	0.33376972440155	0.853064412389831	0.713345501928406	0.348960397863464	0.548233373266296	-0.122238056054993	0.459497740636902	0.506125908300476	0.363121793676453	0.47811199973114	0.816770892797546	0.468930974767761	0.767069885107117	0.385500177221374	0.444845035680847	-0.0366643682498169	-0.252745501489563	0.491576881322937	0.13670309348114	0.649525269628601	0.453038622167664	-0.0306774744509887	0.485801673437195	0.424186694555359	0.458234236730652	0.957189703466492	1.04246752127655	0.351884926000671	0.345440090490417	0.197296309606628	0.221579761205749	0.360971074682312	0.419035090368347	0.0952833326168824	0.674557988256531	0.427822535863953	0.0675957212887573	0.4680135798703	0.42884769681366	0.77418457785614	0.365248376440124	0.897604817236023	-0.000469584314270022	0.380798658910828	0.369692022924499	0.361103765844421	0.35610452304657	0.108451747655945	0.907735224828796	0.42167812851532	0.48517008164032	0.35818962851532	0.42167812851532	0.472069605034851	0.353388755507507	0.375633214624695	0.560394825874695
cg02676167-2-66810606	0.0762647989254761	0.423985303686218	0.904848137914734	-0.354462520288391	-0.264186277917786	0.396836887670593	0.473553065832214	0.721304001134949	0.47354483579071	0.430482089330749	0.468701936132507	-0.209159638208313	0.519105384618835	0.490970629125671	0.258889005346374	0.463967099889832	0.440673629369812	-0.3199117091922	0.362869674963074	0.380496530920105	0.448622081152039	0.390909498266296	0.480598662206726	1.06088643338593	1.18762312137421	0.187007210912781	0.751651106847839	0.111217082250671	0.0917916529293822	0.378318449621277	0.422727617284851	0.376046502660828	-0.00644529128448484	1.16034860178192	0.471485683752136	0.189579594091492	0.39589388620575	0.346131744665222	0.819600340734558	0.623970207494812	0.465980590307312	-0.0821251975344849	0.713650978612976	-0.134113668847961	0.855911234533386	0.36179538242157	0.432562403539734	0.458479945715027	0.0607644124508667	1.17247123026093	1.20486963498505	0.387898799474792	0.993352018591003	0.240753470190124	1.07043978366669	0.383892799352722	0.497408041601257	-0.0510423027590943	0.433422244848328	0.545465430273132	0.673071288854675	0.370860405798035	0.258250286840515	-0.0939929145755005	0.418551526220398	0.026604124670105	0.376728367895203	0.477922731908875	1.0627814748288	0.420178232030945	-0.19923254335968	0.0196329338131713	0.42167812851532	0.10037458164032	0.74298512851532	0.42167812851532	0.899681969636414	0.37515712010907	-0.370529420773743	0.470846776476257
cg02793828-16-85196116	0.463792633886414	0.384342138647156	0.492765972875671	0.0123033146725464	-0.367974442956848	0.520535722631531	0.468080900793152	0.223477836095886	0.486193670751648	-0.0492740757083128	1.10457977109344	0.0939161967526246	0.475647219579773	0.302887464086609	0.285132840307312	0.485407934850769	0.19616946433075	0.477816125768738	0.492893509924011	0.482540365881043	-0.331839083887024	0.604938333227234	-0.0226915028323363	0.494059268346863	0.457488956335144	0.652244045873718	0.372197941808777	0.957669917211609	0.43509248789032	0.380709284582214	0.511486452245789	0.365267337621765	0.338799543676453	0.399619436742859	0.415749518713074	0.864830429052429	0.366430721166687	0.41035957962616	0.665118175695496	0.10214304245575	0.38676542526825	0.0100686374264528	0.681725813573914	-0.125095833887024	-0.0274719305056762	0.322029217382507	-0.465992761499329	0.507919780675964	0.0299632474118043	0.467997065221863	0.380261469945984	0.48480163443573	0.134287853551941	0.795355305151062	0.444144618627625	0.52626963431366	0.464241876562195	-0.190161467798157	-0.457132920190735	0.57761526523407	0.392849123815613	0.882114240758972	0.562283121801453	0.162772920385437	0.309843361181335	0.798703959631043	0.53153620285614	0.425350566869812	0.473344309789734	0.399939066991882	0.607981291601257	0.0197797687741089	0.42167812851532	0.26501108164032	0.57834862851532	0.42167812851532	0.578804940175476	0.407465090648132	0.42116054976532	0.42177671201532
cg02971581-1-10895950	0.473203509374695	0.409047014135437	0.100899848363953	0.428829190160828	-0.214794567468567	0.816542598119812	0.437299776281433	0.755023711584167	0.422741546239929	0.292501799779968	0.342208646581726	0.515549072240906	0.412097095068054	0.41004933957489	1.00330271579559	0.48164181033905	0.723468339819031	0.363520001257019	0.378654385412292	0.665572241369324	0.488957791601257	0.392138208715515	0.418303372655945	0.362147143835144	0.373566831823425	0.673412921361999	0.380153817297058	0.34711279269989	0.466863363378601	0.388443160070496	0.16929632773407	0.389723213110046	0.507828419164734	0.37835931223114	0.464500394201355	0.35231730454071	0.366336596654968	0.449373455114441	0.748910051183777	0.556066917944031	0.493500300756531	0.300643512914734	0.326906689062195	-0.127605958398743	0.602965944982605	0.339708092870789	0.459557113988953	0.440326656164246	0.164799122900086	0.533283940710144	0.365919345434265	0.374068509924011	0.683945729040222	0.514924180639343	0.403301494115906	0.381496509801941	0.491424752050476	0.729420407690125	0.471860955297546	0.591028140722351	0.380890999303894	0.399134116247253	0.885220997289734	-0.0267612041262817	0.448443236669617	0.646278835119324	0.481083078344421	0.436517442358093	0.393600185278015	0.369228942480164	0.460522167089539	0.0174746442623901	0.42167812851532	0.37133858164032	0.47202112851532	0.42167812851532	0.693634518675476	0.268297669148132	0.37516412826532	0.46777313351532
cg02976588-1-150135546	0.403531930273132	0.365437435033875	0.81845226926239	-0.410747388940735	0.320460853429871	0.44223901901825	0.438536197179871	0.137303132482605	0.457450967138367	-0.397199779321594	0.923964067480164	-0.183508506860657	0.426235515966492	0.426870760473328	0.229282136694031	0.439472231237488	0.782988760717468	0.448477422155457	0.49709180631073	0.424203662267761	0.380642212499695	0.438189629613953	0.448652793554382	0.476715564733582	0.388537252721863	-0.129595657739563	0.466083238195496	0.0775472135983276	0.351580784277039	0.363574580968933	0.0233437486325074	0.615331634008484	0.00294484006317142	0.364381733129578	0.413168815099792	0.164344725439148	0.384321017553406	0.357643876012878	0.618699472082214	0.530838338842468	0.260749721654968	-0.104117066186828	1.03972010996063	0.446176462499695	0.799699365881043	1.07755551376923	0.12502253488739	0.481516077062683	0.623459543798523	0.755260361608582	0.348193766332703	0.458676930822449	0.48882314993866	1.04498560153778	0.569535915014343	0.508862930700378	0.418227172948914	0.655721828588562	0.403900376195984	0.474479561620789	0.357756420202332	0.369911537145691	0.238505418188171	-0.0315037832278443	0.247315657568054	0.738339256017761	0.419759499242859	0.402559863256531	0.459440606176453	0.383894363378601	0.491919587987976	0.126823065160828	0.42167812851532	0.51969808164032	0.32366162851532	0.42167812851532	0.908598976636414	0.34455512710907	-0.293677413773743	0.501448769476257
cg03036592-10-101287839	0.488837749242859	1.0496192540036	0.0859560882321166	0.217685430028992	0.271341672399597	0.418623837987976	0.495871016149597	0.425123951452332	0.462466786108093	0.529506039648132	0.81254888644989	-0.22246568789093	0.897351334936218	0.450454579443054	0.997636955663757	-0.296363949792786	0.0612965796871949	0.502789241125183	0.767203625280456	0.398673481237488	0.483280031469421	0.466904448583679	0.463588612524109	0.406153383703308	0.392711071691589	-0.0937868387698365	0.394476057165222	0.473252032568054	-0.010342396753235	0.65012939993866	-0.352811432397766	1.29284345297821	0.511647659032898	1.0813905520993	0.503360634069519	0.197317544408874	0.414601836523132	0.468975694982605	0.0298832910519409	0.676246157812195	0.202306540624695	-0.0409892472171022	0.914315928930359	0.631420281469421	0.00153418485076906	0.368922332738953	0.392382353857117	0.38405489603241	0.691128362768249	0.404458180578308	0.408046585302429	0.391664749792175	0.230398968908386	0.270067420507507	0.39722273398407	0.908476749670105	-0.34972400808136	-0.0925253524417116	0.48369919516571	0.129521380590515	0.905115239172058	0.397585356115417	1.0825052371579	0.0837620357418822	0.532657476537781	0.0872470749874878	0.579654318212585	0.341287682226257	0.852598425146179	1.18098518234833	0.575041406957703	0.841982884130554	0.42167812851532	0.22536408164032	0.61799562851532	0.42167812851532	0.264889066636414	0.47549421710907	0.594573676226257	0.370509679476257
cg03047813-4-190939452	0.460747969579773	0.428752474340515	0.880973308569031	0.463907650365906	-0.189831107263489	0.44936605832489	0.456244236486511	0.307329171789246	0.495994006445007	0.0505142599850463	0.396581106786804	0.535917532445984	0.398249555273132	0.452147799779968	0.356734176000671	-0.266769729455872	0.509986800024109	0.486391461462097	0.430785845617371	0.427980701574402	0.412271251806336	0.435827668920593	0.416494832861023	0.387752604040222	0.415950292028503	0.00992938156707751	0.435644277502136	0.746389252904968	0.181722823583679	0.423687620275574	-0.333739212060852	0.423044673315125	0.470699879369812	0.432679772436218	0.420953854406433	0.247216764745789	0.400444056860046	0.449533915319519	0.0351815113888549	-0.202410621850891	0.254740760961609	0.444984973119812	0.364498149267273	0.401804501806335	0.838802405187683	0.384341553075867	0.452817574194031	0.506443116369324	0.113081583105164	1.22617640091522	0.414670805639343	0.421214970129089	0.2600511892453	0.797144640844421	0.406704954320984	1.06818297000702	0.437074212255554	-0.0297941321047975	0.465131415502624	0.519175600927429	0.918462459508972	0.429780576452332	0.287365457494812	0.353855256078796	0.668752696874695	0.0221612953244019	0.413460538549499	0.114746902563171	0.432952645483093	0.410698402685242	0.201295627294617	0.0822441044674682	0.42167812851532	0.20326158164032	0.64009812851532	0.42167812851532	0.311417651995789	0.539351802468445	-0.0735677384143676	0.635352237835632
cg03051384-15-65197883	0.495312202611999	0.449007707372742	0.0557735416012575	0.469516883398132	-0.358644874231262	0.384899291357117	0.410028469518738	0.750902404821472	0.403290239477234	0.526866493017273	0.785623339819031	0.47965776547821	0.361463788305359	0.415184032812195	0.985837409032898	0.483611503576355	0.421277033056335	0.426954694494324	0.421935078649597	0.366178934606628	0.474773484838562	0.37497990195282	0.41826206589325	0.382900837072449	0.38231952506073	-0.169043385400696	0.437602510534363	0.688989485937195	0.496597056615906	0.3725018533078	0.487461020971375	0.629057906347351	0.500591112402039	0.447869005468445	0.42082008743866	0.179951997778015	0.886553289892273	0.450857148351746	0.533259744421082	-0.268442388818665	0.370353993993835	-0.0689747938479613	0.2863763822995	0.420150734838562	0.0155876382199098	0.788566786108093	0.450763807226257	0.46813834940155	0.98611981613739	0.375678633947449	0.54797403867157	0.403178203161316	0.714983422277527	0.245056873876648	0.781629187353211	0.838781203039246	0.516459445287781	0.188556100927429	0.458576648534851	0.602772833959656	0.374545692541199	0.374761809484558	0.692767690527039	0.326292489111023	0.271590929906921	0.422079528356628	0.423615771581726	0.285567135595398	0.38631687851532	0.417691635717468	-0.104712139673157	0.0213053374996949	0.42167812851532	0.62028808164032	0.22307162851532	0.42167812851532	0.487193227175476	0.278147377648132	0.38556983676532	0.45736742501532
cg03143164-7-155283886	0.451558603857117	0.401115108617859	0.861480942846375	-0.362987715356751	0.528224527013855	0.420492692602234	0.427996870763855	0.174517806066589	0.427298640722351	0.32816289426239	0.255002741064148	0.359224166723328	0.853214189550476	0.356140434057312	0.649805810278015	0.430992904821472	0.0779044343014527	0.451872095739441	0.601619479894714	0.432394335851746	0.463658886083679	0.402628303197937	0.417676467138367	0.627933238317566	0.364657926305847	0.475637015844421	0.98812391177948	0.422377887182312	0.211615457861023	0.370662254552917	-0.0403425777835082	0.370149307592468	-0.134953486352844	0.500189406713562	0.415489488683777	0.240320399023132	0.38124769113739	0.452781549596863	0.683566145666199	0.552635012426453	-0.115478604761047	0.754869607397156	0.323210783544617	-0.132168863916321	0.833192039465027	0.92819118735321	0.442515208471375	0.338906750646667	0.501218217382507	0.369028035192566	1.13963343991669	0.360117604406433	0.458131823522644	0.885382275121765	0.374277588598328	0.372907604284363	0.387423846532898	0.376853502172546	0.424288049779968	-0.160147764795227	0.439845093786316	0.944756210729675	0.263010091772156	0.28620789035614	0.714130331152039	0.0257859296017456	0.461230172826843	0.449351536840515	0.371503279760437	0.784243036962585	0.49518926157196	0.037110738744812	0.42167812851532	0.56780158164032	0.27555812851532	0.42167812851532	0.658976700675476	0.367735851148132	0.36519331026532	0.47774395151532
cg03191045-20-36040903	0.515203638036804	0.406636142797546	0.0838539770260621	-0.295097681177063	-0.292009438806457	0.426961726781921	0.484443904943542	0.0856368402462768	0.496431674902039	0.406548928442078	0.276137775243835	0.500990200903015	0.724103223730164	0.506609468236999	0.252941844457703	0.51168293900116	0.70407346848114	0.546562129919128	0.375689514074402	0.404476370031433	0.415593920263367	0.406346337377624	0.499209501318054	0.679975272497253	0.885475960485535	-0.145200949975891	0.507820945959167	0.129827921361999	0.55753049204071	0.390894288732605	0.440849456396179	0.394850341772156	-0.0439014521731567	0.387641440893249	0.478519522863464	0.30723843320282	0.402800725317078	0.28090058377655	0.342854179845886	0.67058604660614	0.50016942941864	0.000930641576843305	0.451966817724304	0.697483170263367	0.506784073644714	0.611111221532898	0.352432242651062	0.493131784826355	0.0711282515621949	0.404910069372253	0.384325474096375	0.363706638586121	0.676630857702332	0.882950309301453	0.555834622778015	0.38844263846405	0.135831880712585	0.291007536352234	0.493773083959656	0.59526526938446	0.405142127966003	1.06746624490936	1.13019712595184	-0.00543507546417238	0.371451365331726	0.838900963781433	0.718968207006531	0.492403571020203	0.395151313940125	0.473947071142273	0.567352295751648	0.353448772924499	0.42167812851532	0.48881158164032	0.35454812851532	0.42167812851532	0.141196978042663	0.31933112851532	0.526701587632507	0.532605650882507
cg03257575-1-46951318	0.541435528051453	0.429660032812195	0.0937778670407104	0.527225208837586	-0.313300548791809	0.42187361679657	0.480803794958191	0.332607730260925	0.511264564916687	0.529999818456726	1.09040766525848	0.539302090917664	0.402975113744812	0.488334358251648	0.284397734472351	0.229216829015808	0.585340358495789	0.307794019933777	0.39561640408905	0.405139260046082	0.527332810278015	0.405954227392273	0.491959391332703	0.363765162511902	0.496715850500183	0.730233940038757	0.410759835973816	0.600065811376648	0.357292382055359	0.530922178747253	0.526463346410828	0.417492231786804	0.509139437841492	0.670270330907898	0.497524412878113	0.213946323217468	0.408617615331726	0.505170473791199	0.414805069860535	0.670132936620788	0.544404319433289	0.274273531591492	0.485440707738953	-0.0497469397219849	0.0186839636593628	0.679930111547546	0.521151132665711	0.380549674841003	0.0871251415768433	0.427554959386902	0.404219364111023	0.377951528600769	0.95063774771698	0.275366199316101	0.405354512792664	0.407215528478699	0.542243770727234	0.738341426366882	0.519858973974304	0.640361159399109	0.423177017980652	0.407381134924011	0.512485015966492	-0.0113441854495239	0.332805255346375	0.684638853796082	0.401218097021179	0.518688461034851	0.412921203954773	0.412855961156921	0.148190185766296	0.050662662939148	0.42167812851532	0.60185908164032	0.24150062851532	0.42167812851532	0.284370478042664	0.45585962851532	0.390173087632507	0.541548820882507
cg03277049-3-156534076	0.487036768774109	0.463469273534851	0.0724011077633667	-0.374526550439758	-0.340528308069153	0.417264857519226	0.399653035680847	0.720791970983582	0.421197805639343	0.197207059179382	0.33137890598114	0.14073533164032	0.920389354467468	-0.352719401025696	0.268481975195007	0.479905069738464	0.250379599218445	0.496234260656433	0.435803644811707	0.999534500768738	-0.402395948999329	0.425378468114929	-0.360719367944641	0.536648403234558	0.473853091222839	0.728031180761413	1.27815007669647	0.565449052099304	0.295496622778015	0.76778641946991	0.482779587133484	1.26448747250946	0.469120678564148	1.24197557163055	0.475020653600769	0.241587563940125	0.381474856054382	-0.424680285486145	0.809570310583191	0.615550177343445	-0.196311439844055	0.197223772314148	0.673422948461609	0.265177301000671	0.246819204382019	0.358852352270203	0.483892373388367	0.12996291556366	0.0721893822994996	0.403367200109558	0.389207604833679	0.434075769323425	0.139512988439636	0.919574440038758	0.41529775351532	0.394487769201355	0.48568601144989	0.740962667089539	-0.199721785303039	0.566655400121765	0.396465258703308	0.421791375646668	0.785562256689148	0.646894055273132	0.561065496069031	0.0812900945187378	0.428796337743835	0.148521701757507	0.398344444677429	0.391660201879578	0.592182426488953	0.973412903661804	0.42167812851532	0.21127058164032	0.63208912851532	0.42167812851532	0.344423151995789	0.506346302468445	0.739161761585632	0.258445506835632
cg03449108-2-118982580	0.418391099584656	0.417890604345398	0.0972074385739136	-0.324203219629212	0.556801022741394	0.396136188329773	0.439359366491394	0.506950301794128	0.46128513644989	0.493278389989929	0.923814236791687	0.405457662450867	0.465080685278015	0.422694929784851	0.319661306005554	0.514090400549011	0.287595930028992	0.51027759146698	0.414675975622253	0.423288831579285	0.0556613818112182	0.397804798925476	0.356624962865906	0.418354734045105	0.378236422033386	0.28490951157196	0.682181407507019	0.410496382909851	0.447989953588562	1.22141375028046	-0.208824082055969	1.20307880332001	0.447989009374695	1.1215369024411	0.427009984411316	0.218750894750671	0.699098186864929	0.453346045324402	0.372944641393738	0.638679508153992	-0.398824109033508	-0.0634368968753051	0.334958279272156	0.690664631811218	-0.0102314648074341	1.26809968308075	0.404936704198914	0.495307246374207	0.0922587131100465	0.421465530920105	0.390506935644226	0.574800100133972	0.734838319250183	0.859275770849304	0.405467084325867	0.397203100011902	-0.386912657739563	0.168614997900085	0.461967545507507	-0.326351269067688	1.24262658951386	0.433865706457214	1.01441158749969	0.538081386083679	0.524354826879578	0.250938425329285	0.516070668554382	0.121196032568054	0.407179775487976	0.502751532690125	-0.0839462427005004	0.732678234472351	0.42167812851532	0.16743708164032	0.67592262851532	0.42167812851532	1.00921147804266	0.35428762851532	0.491745087632507	-0.245833833117493
cg03486986-13-112986285	0.457813905614929	0.385675410375671	0.752055244604187	0.479112586401062	0.554499828771667	0.359876994360046	0.335094172521667	0.165443107824402	0.421348942480164	0.459796196020203	0.97496004282196	0.0755254684811401	0.894358491308289	0.403186735815125	0.980766112035828	0.435058206579285	0.317231736059265	0.435706397497253	0.394770781652527	0.363063637609558	0.453048187841492	0.482869604955749	0.418765768896179	0.996772540075378	0.38186722806366	0.657912317602234	0.340984213537292	0.312295188940124	-0.144087240381165	0.85342955631073	-0.00777227602569569	0.377064609350281	0.467635815404968	1.09333770847137	0.374061790441589	0.177629700780945	0.376806992895203	0.428915851354675	0.613659447424011	0.572171314184265	-0.0452773030032349	0.782755909154968	0.855293085302429	0.565324437841492	0.239016341222839	0.550866489111023	0.419611510229187	0.38136005240448	0.0400305191403198	0.365494336950378	0.352114741674499	0.738167906164246	0.143046125280456	0.648368576879578	0.45934489035614	0.445783906042175	0.48374314829071	0.694354803930359	0.428827351537781	-0.332612463037415	1.11346339554413	0.495352512487488	0.241736393529968	0.196734192113953	0.626258632909851	-0.0159687686404419	0.391802474584656	0.217510838598328	0.343014581518249	0.529260338720398	0.414024563329773	0.00212704050262447	0.42167812851532	0.36088258164032	0.48247712851532	0.42167812851532	0.331554255675476	0.499510406148132	0.47130486526532	0.37163239651532
cg03532030-2-242824433	0.443040950292664	0.361460455053406	0.327423289281921	0.408617631078796	-0.0377001265505981	0.390167039037781	0.427845217199402	0.226252152502136	0.408379987157898	0.469742240697937	0.209606087499695	0.476752513158875	0.512610535986023	0.469416780492859	0.940363156713562	0.449480251257019	0.725267780737	0.288876442174988	0.341156826330261	0.348874682287292	0.401357232519226	0.340972649633484	0.476092813573914	0.417779584753113	0.403131272741394	0.626914362279968	1.21955325821503	0.0653702336178589	0.48710080429657	0.431998600988464	0.452034768652039	0.336228654028015	0.392740860082703	0.689564753149109	0.414151835119324	0.521262745458679	0.369512037572937	0.41299689603241	0.794796492101746	0.571213358861999	0.4073797416745	0.546461953832703	0.911217129980164	0.692940482519226	0.829875385900574	0.312318533788757	0.265109554906922	0.498509097082214	0.0283025638180542	1.16837638162811	1.22487178635223	0.38886195084198	0.980935169958191	0.796236621557312	0.564185935033874	0.37173195071991	0.430461192968445	0.601075848608093	0.400663396215515	0.26986558164032	0.330601440221863	0.354834557165222	0.220160438207703	-0.0213937632083129	0.890409677587585	0.774152276037293	0.41529651926239	0.424049883276062	0.394591626195984	1.20786038339813	0.139755608007507	0.877935085180359	0.42167812851532	0.41841608164032	0.42494362851532	0.42167812851532	0.031035330175476	0.502540480648132	0.37763893976532	0.46529832201532
cg03714619-2-45160445	0.546607067968445	0.436991572729187	0.144623406957703	0.319077748754578	0.531439991125183	0.421081156713562	0.542259334875183	0.321895270177918	0.499388104833679	0.527554358373718	0.958708205175476	0.565550630834656	0.481150653661804	0.50697989816864	1.04838727438934	0.5643523689328	0.0617798984127809	0.438730559850769	0.405596944006043	0.420729799963074	0.527391350195007	0.422753767309265	0.546099931249695	0.384841702428894	0.414675390417175	0.22910447995575	0.592950375890808	0.15961235129364	-0.0752320780276489	0.435310718664246	0.52816288632782	1.2706147717038	0.293023977758484	1.14866587082489	0.517774952795105	0.32299886313446	0.417842155248718	0.514409013708191	0.257094609777527	-0.0761505234622193	0.547488859350281	0.360893071508484	0.326755247655945	0.566199600195007	0.937956503576355	0.423960651464539	0.514182672582703	0.512315214757996	0.493332681493836	0.414765499303894	0.645246904028015	0.395779068517761	0.189294287633972	0.295898739233093	0.413209052709656	0.422555068395691	-0.185300689355774	0.242233966283875	0.520392513891296	-0.284651300683899	0.417208557897644	0.420262674841003	0.294061555883484	0.617655354467468	0.378773795263367	0.603456393713074	0.408559636938171	0.489718000951843	0.412063743871765	0.406880501073914	0.558572725683289	0.0815072028561402	0.42167812851532	0.56469958164032	0.27866012851532	0.42167812851532	0.165338682636414	0.40159783310907	0.470477292226257	0.444406063476257
cg03738707-2-128453335	0.174341406347351	1.24358691110809	0.745597745336609	0.258136087133484	0.517691329504089	0.736038495092468	0.394667673254089	0.736061608556824	0.367164443212585	0.0827846967526244	0.190710543554382	-0.318505030786438	0.98500299204071	0.400998236547546	1.05371361276825	-0.348855292688293	0.592534236791687	0.462472898229675	0.978002282384949	0.53575713834198	0.421451688573914	0.324369105688171	0.433453269628601	0.8489680408078	0.329389728796081	0.629981818334656	0.294129714269714	0.757097689672546	0.496556260351257	0.472511057043152	0.383545224706726	0.349273110082703	0.44547031613739	0.399603209203796	0.395212291174011	0.161583201513367	1.25950949362762	0.415620352087097	0.201400948156433	-0.296282185083313	0.280372197729187	0.67755740988739	0.311984586034851	-0.0317210614260865	0.0856898419552612	1.17050898984344	0.409469010961609	0.00996555313690173	0.929463019872742	0.9352708376828	0.513351242406921	0.475334406896668	0.947125626012878	0.185816077612	0.308288391088562	0.690255406774597	-0.196090350976868	0.625284304662781	0.419348852270203	0.515311037695007	0.93972389627655	0.30443301321991	0.72235989426239	0.553064692846374	0.257228133642273	-0.11137326790802	0.337522975317078	0.21259133933075	0.505476082250671	0.93757283945282	-0.354129935937805	0.531071541235046	0.42167812851532	0.63211158164032	0.21124812851532	0.42167812851532	0.224850478042664	0.36005862851532	0.485974087632507	0.517419049882507
cg03846249-12-130621750	0.311012533666687	0.417124038427429	0.881201872655945	-0.12967678554718	0.507260456823425	1.1628986224118	0.414196800573425	0.12520373587616	0.473621570531921	0.0390388240719605	0.319123670873718	0.577838096532898	1.10602211936005	0.451761363866882	0.813198740087586	0.362051834631042	0.736997364111023	0.461768025549011	0.407787409704285	0.476932265661316	0.35165881589325	0.491523233007507	0.283635396947937	0.814094168127136	0.385280856115418	0.638307945653992	0.39236884158905	0.159527816991882	0.453703387670593	1.21867818436249	-0.379086647973938	0.392272237402039	0.0909754434567261	0.389996336523132	0.00596241849334722	0.191426328832703	0.37470162094696	0.414315479406433	0.210748075475769	0.617318942236023	-0.229933674951477	0.743177537206726	0.385589713354187	0.72219006589325	0.723692969274597	0.916494117162781	-0.369120861719055	0.508486680456238	0.116714147192078	0.441899965002136	0.506230369726257	0.547494534216003	0.199818753332214	1.11113320493134	0.422651518407898	0.722244534093933	0.379089776342468	-0.0116105680178833	0.420139979589539	-0.310650834985657	0.409119023595886	0.899617140539246	1.01292402158173	0.35028082016571	0.526541260961609	-0.013276140588684	0.616991102636414	0.397525466650085	0.939621209570007	1.10107696677216	0.523912191381531	0.500779668554382	0.42167812851532	0.53917208164032	0.30418762851532	0.42167812851532	0.264481151995789	0.586288302468445	-0.0558182384143677	0.621620834835632
cg03879460-12-562272	0.378834333593445	0.387685838354187	0.0481676725827028	0.0487880143795776	-0.359937743249817	0.874935422338562	0.418429600500183	0.857451535802918	0.481953370458679	-0.368419376001282	0.465350470800476	0.528867896459656	0.513173919286804	0.35477916379364	0.278884540014343	0.3769106345578	0.449852164037781	-0.368744174524231	0.393422209631043	0.435150065588074	0.425478615820007	0.515798032934265	0.470714196874695	0.633670968053894	0.599726656042175	0.640610745580749	0.358574641515808	0.90176261691864	0.528685187597351	1.04092398428925	-0.39640484804718	0.364815037328796	0.363096243383484	0.37549413644989	0.427915218420105	1.07362412875946	0.362127420873718	0.413723279333191	0.0669288754025269	-0.268041257837219	-0.000299875024719176	0.235492337133484	0.975943513280945	-0.118464134179992	0.338972769201355	0.470320917089539	0.444308938207703	0.236869480382996	0.811908947118836	0.405452764928894	1.16993416965302	0.739421334142761	0.945811553258972	0.531923004858093	0.427463318334656	0.424780334020691	-0.423265423730774	-0.140403768091125	0.404594779516296	0.500306964941101	0.396547823522644	0.593549940466003	0.282391821508484	0.606541620092468	0.328270060888367	-0.0422603406619261	0.852600902563172	-0.271381733423157	0.612762009496765	0.391224766698914	0.552750991308289	0.58256246848114	0.42167812851532	0.10357658164032	0.73978312851532	0.42167812851532	0.731202978042664	0.43954112851532	0.406491587632507	0.196051607882507
cg03889263-3-177002388	0.419387597997742	0.373936102758484	0.776275936986999	-0.406726721216125	-0.33901047884552	0.423510686742859	0.44730186490448	0.239686800207214	0.411020634862976	0.229332888403015	0.250005735204773	0.498536160863953	0.376283183691101	0.336135428197937	0.23062080441864	0.400963898962097	0.716915428442078	-0.366811910119934	0.944762474035339	0.910265329992371	-0.454849119775696	0.384590297338562	0.388877461278992	0.832555232458191	1.19374292044647	-0.122266990014954	1.03479390592011	0.750717881322937	0.394376452001648	1.20749024869354	-0.423183583642883	0.415948301733093	-0.448212492212219	1.19331540085419	0.419578482824402	0.968657393163757	1.16824168527802	-0.460887456262512	-0.0440698601931763	0.549442006567078	-0.309767610620422	0.586735601537781	0.746943777685242	-0.147589869775696	0.779550033605652	0.457897181493835	0.399318202612	0.367079744787292	0.0800152115231324	0.352958029333191	1.06627743405731	0.791617598547058	0.934209817663269	0.41717526926239	0.413854582738953	0.904950598424988	0.446877840673523	-0.0290565036868288	0.404331043920593	-0.161813770654602	1.16682208792694	0.6358952048703	0.523323085912781	0.655103884496765	0.723133325292664	0.722784923742371	0.949076166967468	0.40722153098114	0.946980273901062	1.13966403110321	0.533147255712585	0.871260732885437	0.42167812851532	0.31801058164032	0.52534912851532	0.42167812851532	0.857863163175476	0.264640313648132	0.44083677276532	0.40210048901532
cg03905413-4-41883172	0.474405950536804	0.463417455297546	0.0989252895260621	0.461106631322937	-0.293458126306457	0.429919039281921	0.406362217443542	0.109113152746277	0.454759987402039	0.395864240942078	0.300087087743835	0.271682513403015	0.405145536230164	0.280419780736999	0.408878156957703	-0.36108774849884	0.37723878098114	0.504806442419128	0.463140826574402	0.475212682531433	0.509789232763367	0.413278649877625	0.385820813818054	0.741820584997253	1.14921827298553	-0.0540706374758912	1.10736625845917	0.507572233862	-0.14813019545929	0.432740601232605	-0.322324231103821	0.423344654272156	0.526046860326843	0.96563975339325	0.361061835363464	0.21170274570282	0.457789037817078	0.45440989627655	0.0104684923458862	0.56394635910614	0.52305774191864	-0.0575640459231567	0.523839130224304	0.242080482763367	0.0456453861447144	1.1896305340329	0.445909555151062	-0.246568902673645	0.992754564062195	0.568007381872253	0.504298786596375	0.402941951086121	0.169283170202332	1.10392562180145	0.412567935278015	0.42922195096405	-0.0717458067874146	0.595098848852234	0.422595396459656	0.58562558188446	0.712340440466003	0.411607557409363	0.284116438451843	0.536405237035828	0.315725677831726	0.00990127628143317	0.419824519506531	-0.317152116479797	0.421643626440125	0.487718383642273	0.330750608251648	0.5553820854245	0.42167812851532	0.27869258164032	0.56466712851532	0.42167812851532	0.326334151995789	0.524435302468445	0.198831761585632	0.664544165835632
cg03940848-1-229543112	0.391874687719421	0.338253192480164	0.839765026708679	0.388324368505554	0.49907461087616	0.339582776464539	0.35400995462616	0.100863889928894	0.350324724584656	0.425851978124695	0.206087824926453	0.288303250585632	0.731818273412781	0.343430517919617	0.91887689414032	0.399569988683777	0.529289518163757	0.318555179601746	0.305965563757019	0.97650741971405	0.442168969945984	0.321756387060242	0.377734551000671	0.284290322179871	0.316241010168152	0.624724099706726	0.579701995641785	0.501303971044617	0.362841541723328	0.325812338415222	0.408204506078796	0.337437391454773	0.44839559750946	1.02781549057587	0.355309572546082	0.510490482885437	1.1819787749997	0.423168633459167	0.768177229528503	0.498658096288757	0.461967479101257	0.730637691259461	0.808456867406921	0.601882219945984	0.796193123327331	0.703049271215515	0.433507292333679	0.333561834508972	0.918534301244812	0.346441119054871	0.992776523778992	0.507348688268738	0.802993907384949	1.08171135898407	0.416768672460632	0.377337688146667	0.429952930395203	0.656537586034851	0.400692133642273	0.529015319067078	0.420009177648621	0.35074629459198	0.36918917563446	0.311172974218445	1.05831841501434	-0.0594049865359498	0.326248256689148	0.36132862070282	0.324649363622742	0.89088312082489	0.425998345434265	0.364175822607117	0.42167812851532	0.57908558164032	0.26427412851532	0.42167812851532	0.300196478042664	0.37190662851532	0.474126087632507	0.554282080882507
cg03951603-15-89903565	0.435691983007507	0.39963248776825	0.502545321996765	0.46446366379364	0.496000906164246	0.346325071752625	0.397899249914246	0.31851118521698	0.386631019872742	0.375438273412781	0.677766120214539	0.510308545873718	0.350114568700867	0.430173813207703	0.281800189428406	0.383735283971863	0.574984813451843	0.434269474889832	0.368094859045105	0.419089715002136	0.42594626523407	0.375209682348328	0.415759846288757	0.332806617467957	0.344498305456238	0.606294394994812	0.413731290929871	0.724144266332703	0.474981837011414	0.388279633703308	0.466549801366882	0.324229686742859	0.416261892797546	0.581583785863953	0.416260867834168	0.749506778173523	0.317446070287781	0.428971928747253	-0.0410954751834107	0.176711391576843	0.444653774389343	0.718356986547546	0.464398162695007	0.63397951523407	0.661928418615418	0.644655566503601	0.395513587621765	0.453281129797058	0.264355596532898	0.352085414342957	0.564802819067078	0.380157983556824	0.349302202673035	0.720691654272156	0.320758967748718	0.363590983434753	0.226989225683289	0.686495881322937	0.397123428930359	0.496263614355164	0.441548472936707	1.03724958988007	0.296126470922546	0.564397269506531	0.366979710302429	0.740499308752136	0.531064551977234	0.423587915990906	0.335944658910828	0.951335416112976	0.460077640722351	0.0107111178952025	0.42167812851532	0.56685908164032	0.27650062851532	0.42167812851532	0.420254651995789	0.430514802468445	0.498999261585632	-0.140811549164368
cg04120686-3-169384410	0.435631134374695	0.616772639135437	0.169408473363953	0.146751815160828	0.562221057531433	0.996320223119812	0.454143401281433	0.670837336584167	0.431661171239929	0.336873424779968	0.605678271581726	-0.235758302759094	0.774900720068054	0.39395996457489	1.06090234079559	0.47413743533905	0.144532964819031	-0.355111373742981	0.460118010412292	0.390588866369324	0.00733241660125733	0.492631833715515	0.434093997655945	0.369008768835144	0.525265456823425	0.705405546361999	0.372660442297058	0.10373841769989	0.533244988378601	0.799910785070496	0.44295495273407	0.381235838110046	0.288665044164734	0.49989993723114	-0.080164980798645	0.179022929540711	0.959013221654968	0.447010080114441	0.288802676183777	-0.242511457055969	0.459279925756531	-0.0736048620852661	0.360220314062195	0.660116666601257	-0.00910643001739503	0.348741717870789	-0.397282261011047	0.129391281164246	0.0631287479000855	0.608484565710144	0.431657970434265	0.398993134924011	0.135604354040222	1.04981680563934	0.393502119115906	0.916455134801941	-0.353871622949524	0.720598032690124	0.441098580297546	-0.334939234277649	0.810067624303894	0.432949741247253	0.877731622289734	0.475947420873718	1.06374286166962	-0.0151555398806762	0.731599703344421	0.0776130673580933	0.413716810278015	0.410898567480164	-0.301295207910461	0.0118352692623901	0.42167812851532	0.33298058164032	0.51037912851532	0.42167812851532	0.725371357136414	0.53573850760907	0.199762966726257	0.310265388976257
cg04223671-1-201509316	0.499921584203796	0.421297088964539	0.186839923193054	0.135878264989929	0.534288507360535	0.422816672948914	0.527964851110535	0.713021786413269	0.512939621069031	0.20582687460907	0.431054721410828	0.602929147070007	0.406653169897156	0.416648414403992	0.772920790624695	0.535142885168152	0.713204414648132	0.503160076086121	0.385257460241394	0.417463316198425	-0.431702133569641	0.406179283544617	-0.349257552514954	0.364605218664246	0.592766906652527	0.783695996191101	0.43142689212616	0.139902867528992	0.112583438207703	0.445467234899597	0.541143402563171	0.889769287939148	0.515734493993836	0.405823387060242	0.515595469030456	0.214651379369812	0.63138667148407	0.348725529943542	0.475808126012878	-0.0259770072268678	0.522551375585632	0.114119587743835	0.358250763891296	0.667067116430359	0.0340810198117066	0.39195816769989	0.509649188818054	0.517022730993347	0.083809197729187	0.412550015539246	0.458836420263367	0.411436584753113	0.654209803869324	0.326714255468445	0.413451568945007	0.409911584631042	0.512135826879578	-0.127011517480774	0.505595030126648	-0.149347784448547	0.408507074132996	0.404953191076355	0.275429072118835	0.53969087070282	0.304614311498718	0.465310909948425	0.620108153173523	0.519414517187195	0.868415260107117	0.402511017309265	0.57010924191864	0.0888817190914916	0.42167812851532	0.64290708164032	0.20045262851532	0.42167812851532	0.129228049636414	0.32505720010907	0.541646659226257	0.520946696476257
cg04338652-18-13136597	-0.0882970721682739	0.458128432592468	0.0961112668209839	-0.349568391382141	0.343763850988464	0.431526016576843	0.447084194738464	0.679823130041199	0.25210496469696	0.476688218236999	0.341035065038757	0.420050490697937	0.445817513525085	0.310361758031921	0.263594134252625	0.454275228796082	0.567665758276062	0.21318541971405	0.426048803869324	0.423060659826355	-0.125738789941711	0.896674627172546	0.433247791112976	0.427530562292175	0.415809250280457	0.681761339819031	0.401274235754089	0.121390211156921	0.453614781835632	1.17960257852753	0.215835746191101	1.21681363156708	0.412206837621765	1.20623873068817	0.411613812658386	0.645458722997742	0.393706015111999	-0.0809821264285279	0.586256469640808	-0.233571663598938	0.306871719213562	0.057369931371765	0.941166107519226	-0.0734735399417115	0.516521363439636	1.19899451132782	0.441708532445984	0.261894074621277	0.192318541357117	0.414110359167175	0.387373763891296	0.552617928381043	0.552652147497253	0.851690599096374	1.13820391257294	0.392039928258972	0.438816170507507	0.477653826147156	0.409892373754578	-0.169625440820618	0.388334417760925	0.419554534704285	0.893205415746765	-0.0375877856692505	0.703655655126648	0.397094253576355	0.388780496801453	0.444475860815125	0.451950603735046	0.591386360937195	0.50026258554657	0.0447270627194213	0.42167812851532	0.29085408164032	0.55250562851532	0.42167812851532	0.688279978042664	0.65033212851532	0.195700587632507	0.184600600882507
cg04394267-3-55523950	0.417998076025085	0.383149580785828	0.104937415014343	0.368157756811218	-0.325221000818176	0.384451164770203	0.420336342931824	0.556564278234558	0.41142011289032	0.429345366430359	0.270831213232117	0.350057638891296	0.444475661718445	0.382402906225281	0.617572282445984	0.439599376989441	0.447714906469421	0.42905556790741	0.355302952062683	0.377594808019714	0.435647358251648	0.398299775365906	0.420957939306336	0.369504710485535	0.386970398473816	0.44231948801239	0.480191383947449	0.118147359350281	0.439683930028992	0.368340726720886	0.43202589438446	0.363201779760437	-0.0992980141848753	1.14941587888153	0.389946960851746	0.973847871191101	0.716089163305359	0.456408021764832	0.258126617834168	0.166108484594421	0.466149867406921	0.450185079565125	0.560874255712585	0.653039608251648	0.229067511632996	0.342490659521179	0.217811680639343	0.422853222814636	0.341350689550476	0.380418507360535	0.495462912084656	0.525911076574402	0.786150295690613	0.384422747289734	0.516339060766296	0.894968076452332	0.465430318700867	-0.125911025659485	0.418484521947937	0.463234707372742	0.804396565954285	0.375960682897644	0.251797563940125	0.626014362524109	0.342108803320007	0.493047401769714	0.394311644994812	0.425590009008484	0.427887751928406	0.445929509130554	-0.131343266260071	0.587626210912781	0.42167812851532	0.47404808164032	0.36931162851532	0.42167812851532	0.111135535636414	0.41727568610907	0.440102145226257	0.428728210476257
cg04425920-10-50604518	0.500834272070007	0.39033177683075	0.0602766110592652	0.48746195285614	0.390133195226746	0.474820360815125	0.442739538976746	0.52590647427948	0.486874308935242	0.491808562475281	0.860232409277039	0.502937834936218	0.534651857763367	0.468156102270203	0.450663478490906	-0.345929426965637	0.0718011025143434	-0.0533392360476684	0.393177148107605	0.374476004064636	0.49240055429657	1.03530897141083	0.477841135351257	0.344248906530457	0.368148594518738	0.319939684057312	0.837783579992371	0.745670555395203	-0.0265248739260864	0.413087922765808	0.441310090429382	0.563059975805359	0.232691181860047	0.369412074926453	0.421835156896668	0.179272067236023	1.24796235935028	0.469996217809753	-0.0205331861209106	-0.271030319360656	-0.382068936548157	-0.0834677243899534	0.384109451757507	0.11937180429657	0.499365707677917	1.1051668555661	0.448958876684265	0.342815418859558	0.408558885595398	0.380185703405457	0.363083108129578	0.375843272619324	0.164146491735535	0.253671943334656	0.369881256811218	0.426005272497253	-0.0431204852542114	0.679265170385437	0.482790717992859	0.420728903417664	0.428645761999207	1.16788187894257	0.772643759985046	0.509007558569031	0.539647999364929	0.0442825978146363	0.544101841039734	0.192048205053406	0.428399947973328	0.362568705175476	0.510837929784851	0.0162474069577027	0.42167812851532	0.32255808164032	0.52080162851532	0.42167812851532	0.279753105034851	1.18571725550751	0.567949714624695	-0.210546183125305
cg04452040-10-102501358	0.439688352880554	0.390310857641296	0.898948691869812	0.324213033666687	0.364436276037293	0.407763441625671	0.421791619787292	0.119224555090027	0.431755389745789	0.424949643285828	0.341579490087585	0.454219915746765	0.805063938573914	0.43437418308075	0.241051559301453	0.42615365384491	0.21019718332489	0.426126844762878	0.386645228918152	0.422546084875183	0.442402635107117	0.544346052221375	0.423280216161804	0.382268987341003	0.797081675329285	0.706666764867859	0.410253660802917	0.32766863620575	0.27518920688446	0.696302003576355	0.419774171239929	0.395677056615906	0.469462262670593	0.392976155737	0.438819237707214	0.24899014804657	0.392322440160828	0.4398492986203	0.421074894689636	0.01142276144989	-0.14765485573761	0.799160356420593	0.326301532568054	0.644361885107117	0.834488788488464	0.421626936376648	0.446880957494812	0.448501499670105	0.398895966405945	0.392106784216003	1.18675918894012	0.454114353429871	0.255168572546082	1.0972500241452	0.396303337621765	0.4167603533078	-0.334872404443665	0.353451251195984	0.459123798803406	0.44755098422821	0.444627842809753	0.405026959753113	0.465557840795593	0.283039639379578	0.321544080175476	-0.0054473213748169	0.388582921850281	0.423871285863953	0.394740028783875	1.18095478598602	0.500725010595398	0.150157487768249	0.42167812851532	0.46131358164032	0.38204612851532	0.42167812851532	0.358006633175476	0.565569783648132	0.43123824276532	0.41169901901532
cg04458368-8-38411682	-0.355995932886047	0.435365571874695	0.837431406103211	0.438497747900085	-0.232540009729309	0.44470815585907	0.392990334020691	0.713382269323425	-0.073001896020813	0.450027357519226	0.370838204320984	0.109804629980164	0.529543652807312	0.439190897314148	0.439931273534851	0.424157368078308	0.610803897558289	0.167214558996277	0.42013894315155	0.371700799108582	0.414107349340515	0.456298766454773	0.483062930395203	0.525046701574402	0.424746389562683	0.655502479101257	1.00365337503632	0.132129350439148	-0.285719078882141	0.362131717809753	0.418380885473328	0.418941770849304	0.417950976903992	1.1534878699704	0.417798951940613	0.929850862279968	0.471850154394226	0.417037012853699	0.765189608923035	-0.0574825243167115	0.433724858495789	0.771796070653992	0.839756246801453	-0.123987400659485	0.268263502721863	0.345233650610046	0.37650267172821	0.445863213903503	0.469452680639343	0.397408498449402	0.472165903173523	0.483087067663269	0.91022428677948	0.211742738378601	0.576562051855164	0.484958067541199	0.448780309789734	0.390980965429382	0.408836513036804	0.514751698461609	0.363063557043152	0.405140673986511	0.300251555028992	0.447610353612976	0.321537794408875	0.402386392858582	0.506029636083679	0.417657000097351	1.06951674301727	0.414959500219421	0.418417724828796	0.0900042020016479	0.42167812851532	0.43216858164032	0.41119112851532	0.42167812851532	0.659271991175476	0.379300141648132	0.40898460076532	0.43395266101532
cg04567738-1-91171013	0.43604083957489	0.401879344335632	0.039105178564148	0.282034520361023	-0.157043237268372	0.435848928320007	0.394728106481628	0.641309041784363	0.409686876440124	0.372205129980164	1.02408297678192	0.390240402441101	0.405210425268249	0.396701669775085	1.01886404599579	0.381504140539246	0.504506670019226	0.438832331457214	0.403092715612488	1.16270257156952	0.322206121801453	0.49008953891571	0.43646770285614	0.509114474035339	0.376720162023621	0.0330872515621947	0.879292147497253	0.572360122900086	0.454382693578796	0.373881490270691	0.390666657934265	0.373671543310242	-0.448775250635071	1.16798564243134	0.41816172440155	0.197804634740906	1.19785392685516	0.354923785314636	0.495200381383972	-0.203201751855774	-0.260234369043274	0.714066843114929	0.32236201926239	0.423980371801453	0.6347632751828	0.348053423070984	0.373415444189148	0.464720986364441	0.873242453100281	0.903994270910339	1.17211867563446	0.423216840124207	0.461680059240417	0.262917510839539	1.1807448243161	0.617023840002136	0.419016082250671	0.60383873789032	0.376957285497742	0.378190470922546	0.338836329504089	0.491820446447449	0.260732327489929	0.630958126073914	0.495602566869812	0.742185165319519	0.423015408544617	0.390328772558289	0.41049751547821	0.453946272680359	0.483497497289734	0.0173849744625853	0.42167812851532	0.30412708164032	0.53923262851532	0.42167812851532	0.136985478042664	0.39019862851532	0.455834087632507	0.507407808882507
cg04624228-8-38411598	-0.397880271753235	0.418386233007507	0.824640067236023	0.451256409032898	-0.209401348596497	0.549013816991882	0.419248995153503	0.681879930456238	-0.0419902348880005	0.474130018652039	0.296607865453796	0.124522291112976	0.411021313940124	0.41052155844696	0.335679934667664	0.423819029211121	0.540264558691101	0.295847220129089	0.356922604284363	0.350642460241394	0.421236010473328	0.364655427587585	0.479173591528015	0.462927362707214	0.393080050695496	0.67848314023407	0.984338036169128	0.19701301157196	-0.0526164177493287	0.344489378942566	0.44062354660614	0.639676431982117	0.417507638036804	0.90784653110321	0.423204613073425	0.962150523412781	0.554286815527039	0.437394673986511	0.813281270055847	-0.164890863183899	0.443411519628601	0.766090731786804	0.731463907934265	-0.149696739526672	0.701825163854675	0.699346311742859	0.400387332861023	0.421386875036316	0.603864341772156	0.361209159582214	0.404075564306335	0.430893728796082	0.950053947912292	0.215568399511414	0.555319712987976	0.379058728674011	0.419320970922546	0.658435626562195	0.406312174169617	0.523265359594421	0.341188218175964	0.364851335119324	0.263206216161804	0.379444014745788	0.271827455541687	0.406888053991394	0.450455297216492	0.406696661230164	1.00538640415009	0.435060161352234	0.346104385961609	0.57920486313446	0.42167812851532	0.52054608164032	0.32281362851532	0.42167812851532	0.924583154136414	0.41032330460907	0.386957763726257	0.435680591976257
cg04671145-6-157041096	0.464740723486023	0.412206228246765	0.0870360624752808	0.166514404272156	0.558037646642761	0.40283881223114	0.463819990392761	0.0887629256954957	0.431251760351257	-0.363721986108704	0.281763860693054	0.277244286352234	0.426379309179382	0.457046553686218	0.256420929906921	0.493118024450378	0.209610553930359	-0.334016784631653	0.383851599523621	0.895745455480652	0.472905005712585	0.418707422826843	0.475688586767273	0.362866357946472	0.385976045934753	0.486113135473328	0.403935031408386	0.703596006811218	0.530453577489929	0.384513374181824	0.0178805418453981	0.390301427221375	0.430197633276062	1.21151852634247	0.471760608312683	0.199946518652039	1.2740318107663	0.489827669225769	-0.012355734704895	0.624171132055359	-0.424719485132141	-0.086206272973938	0.750639903173523	-0.116159744287414	0.602400159093933	1.25405630698212	0.470607328100281	0.448419870275574	0.722352337011414	0.851550154821472	0.386561559545593	0.504392724035339	0.15845694315155	0.968848394750672	0.417696708227234	0.404859723913269	-0.387383033838196	-0.136879378198547	0.475778169408874	-0.337185645166321	1.26858921341522	1.14581933035858	1.16061521140106	0.185483009985046	0.290462450780945	-0.030868950769348	0.38135529245575	0.466594656469421	0.857314399389343	1.00127915659149	-0.304581618799133	0.940492858373718	0.42167812851532	0.12197908164032	0.72138062851532	0.42167812851532	0.785448788675476	0.228941939148132	0.43075739826532	0.41217986351532
cg04707519-10-21799314	0.455307010717468	0.42127951547821	0.0122823497067261	0.415544691503601	-0.326984066125793	0.543684099462585	0.428153277624206	0.785362212926941	0.442306047582702	0.185941301122742	1.0033921479245	-0.0299124264163207	0.406112596410828	0.392772840917664	0.245758217138367	0.305358311681824	0.584357841161804	0.251831502599792	0.453828886755066	0.532078742712097	0.420646292944031	0.586342710058289	0.451196873998718	0.495952645177917	0.439477333166199	-0.135157577295227	0.514527318639831	0.321371294042664	-0.175026135278626	0.444949661413269	0.445047829076843	0.32359771445282	0.430867920507507	0.515673813573914	0.426567895544128	0.133459805883484	1.24866809799774	0.400760956457214	0.79657455252655	0.284306419286804	0.446195802099304	-0.146033985742493	0.486364190404968	-0.186289457055969	0.105814446325378	0.286941594213562	0.426965615331726	-0.0939418424929811	0.202420624242859	0.523265442052917	0.366872846777039	0.387714011266785	0.175920230382996	0.887265681982117	0.319217995458679	0.458202011144714	0.466777253393249	0.394833909032898	0.41649445664032	0.505827642065125	0.388354500646667	0.426153617590027	0.170840498632507	0.571050297216492	0.84759173801239	-0.0931786635379029	0.398416579687195	0.407259943700867	0.544107686620789	0.460456443822937	-0.220472331567688	0.811213145605163	0.42167812851532	0.23603158164032	0.60732812851532	0.42167812851532	0.919322133175476	0.385653283648132	0.44749174276532	0.39544551901532
cg04772025-11-68637568	0.11783067929657	0.409819184057312	0.922138018285828	0.0750153600827027	0.509791602453308	1.02259676804169	0.475198946203308	0.243637881506042	-0.382834283838196	-0.361274030298157	0.270048816503601	0.530347242162781	0.377385264989929	0.440524509496765	0.245387885717468	-0.377139019739075	0.677757509740906	0.450548171178894	0.428014555334168	1.1284004112912	-0.149656038476868	0.68948337863739	0.44129054257782	1.00442331375702	1.1354930017453	0.710260091283875	0.750888987218933	0.224633962621765	0.479341533300476	0.381926329992371	0.279769497655945	1.29661538303192	-0.160513410913391	1.07429548215302	0.45610456412323	0.195024474462586	0.470195766576843	-0.423973374963684	0.839275221105652	-0.256382912134094	-0.426201529321594	-0.0825483171633908	0.94706985898407	-0.124022788476868	0.41330811490448	0.366790262792664	-0.417499716089172	0.414847826086121	0.0672652928219605	0.393717110632019	1.19222951535614	0.940861679845886	0.998566898962097	1.19012335056122	1.11463766403778	0.414258679723816	-0.395220078027649	-0.150926422388001	0.0630361252194214	0.600741310644226	0.882938169225769	0.390347286169128	1.12542016721161	-0.0617050342044067	0.290968406591492	0.311347005041199	1.0307532482663	0.448457612279968	0.76759635519989	0.393178112402039	0.539362337011414	0.791818814184265	0.42167812851532	0.20686858164032	0.63649112851532	0.42167812851532	0.977121478042664	0.77405162851532	0.0719810876325074	-0.390630942117492
cg04797170-2-85133881	-0.0449261812991332	0.402272323461609	0.0719511576901246	0.475019499487	-0.351372258142395	0.397223907445984	-0.0492179143923951	0.0641950209103394	0.469388855566101	0.24372110910614	0.258842955907898	0.532897381567078	1.13637440439423	0.149075648901062	0.248040025121765	-0.393251880334778	0.698840649145203	0.455198310583191	0.381102694738464	0.414600550695496	-0.380865899072571	0.392948518041687	-0.205007318017884	1.09872545316132	0.381676141149597	0.716746230688171	1.25441712662323	0.746407102026062	0.491531672704773	0.390997469396668	0.496518637060242	1.27697352243622	-0.0405182715090942	1.19925462155731	-0.274932296472473	1.06433561386688	0.62436290598114	-0.393403235559387	0.437751360509949	0.257564227270203	0.118727610082703	-0.0675571777590942	0.303016998388367	0.596556350927429	0.0123922543087768	0.36092940219696	-0.145509576684876	-0.275790034509583	0.0765794322262574	1.07155125003632	0.871994654760437	0.429145819250183	0.840415038366394	1.12208748996552	0.495304803442078	0.375949819128113	0.490313061376648	0.548671717016296	-0.266742735376282	0.544451450048523	1.25179730863007	1.14847642557343	0.255902306615906	0.57661410519989	1.07244454599579	0.512135144445496	0.433379387670593	0.460086751684265	0.388295494604187	0.569851251806335	-0.23715452358429	0.924190953588562	0.42167812851532	0.21251558164032	0.63084412851532	0.42167812851532	0.627100766675476	0.275253917148132	0.41267637626532	0.43026088551532
cg04864807-2-121412139	0.443012733495789	0.647915238256531	0.0378180724850464	0.438092414281921	-0.325506343347473	0.819227822240906	0.388089000402527	0.551039935705261	0.321319770361023	-0.411463976098938	1.03810987070282	0.373476296362	0.642429319189148	0.447006563695984	0.596002939916687	0.456562034460144	0.244415563940125	-0.411151774621887	0.530138609533386	0.373367465490417	0.417692015722351	0.773778432836609	0.419179596777039	0.426458367956238	0.425581055944519	0.651302145483093	0.703031041418152	0.0908650168209839	0.167744587499695	0.897689384191589	0.411205551855164	1.18623543723114	0.427988643285828	1.05194253635223	0.402743618322449	0.106261528661804	0.294094820776062	0.422014679235535	0.311195275304871	0.536770142065125	0.440881524877624	0.472111737035828	0.573602913183289	-0.176348734277649	-0.0655058308963014	0.318623316991882	0.161227338110046	0.00880888028533927	0.240033347021179	0.547546164831238	0.541475569555359	0.379569734045105	0.0507619531613159	0.255852404760437	0.304038718237	0.428655733923035	0.44423197617157	0.695092631811218	0.41065517941864	0.480175364843445	0.558477223424988	0.344482340368347	0.786784221410828	0.580318019994812	0.89336446079071	-0.0817299407595825	0.377831302465515	0.324007666479187	0.737539409399109	0.299238166601257	0.210174391210632	0.157036868383484	0.42167812851532	0.29374008164032	0.54961962851532	0.42167812851532	0.386186977628601	1.24962212810126	0.320154587218445	0.461487022468445
cg04920527-1-153505651	0.434311826635437	0.330071331396179	0.881335165624695	0.41635650742157	-0.408036250207825	0.339972915380554	0.415100093542175	0.11696502884491	0.418553863500671	-0.41571588295929	0.191774963842468	0.440968389501648	0.351692412328796	0.437492656835632	0.953889033056335	0.423204127599792	0.605189657079773	0.391677318517761	0.411968702673035	0.325693558630066	0.383812108861999	0.329835525976257	0.426567689916687	0.699519461095886	0.339773149084168	0.621808238622742	0.5088241345578	0.509692109960632	0.416776680639343	0.330774477331238	0.391682644994812	1.17718053037079	0.405434736425476	0.564546629491882	0.407317711462097	0.970889621801453	0.975429913915711	0.398096772375183	0.728063368444519	0.251627235204773	0.421949618017273	0.449050830175476	0.743639006322937	0.108727358861999	0.796576262243347	0.847971410131531	0.401125431249695	0.433314973424988	0.835578440160828	0.925801257970886	0.615630662695007	0.333473827184753	0.617344046300964	0.292539497900085	1.04056681137665	0.342230827062683	0.352777069311218	0.589051724950867	0.377978272558289	0.498031457983093	0.996883316564636	0.373454433507996	1.03560031455048	0.37482511313446	0.279198553930359	0.669656152380066	0.514356395605164	0.407118759618835	0.960701502538757	0.772823259740906	0.255978484350281	-0.0338970384768678	0.42167812851532	0.61375408164032	0.22960562851532	0.42167812851532	0.926365242636414	0.36187039310907	-0.269125147773743	0.484133503476257
cg04921315-16-4000587	-0.406304850000305	0.387120654760437	0.0465084889889527	-0.373571169214172	-0.382764926843567	0.914073238744812	0.440670416906433	0.296020352209167	-0.169941813135071	0.0276044404049682	0.559542287206726	0.559490712865906	1.28580873569305	-0.35321101980011	0.707209356420593	0.49404745096405	0.855709980444031	0.046750641882019	1.07802902603729	0.422420881994324	-0.485219567773743	0.833542849340515	-0.388476986719055	0.421320784460144	0.787798472448425	0.731172561987	0.368174457922058	1.02225843332489	0.528829004003601	1.2873878006955	0.52000896835907	0.366472853735046	0.478765059789734	0.80747895285614	-0.386337965173645	0.19975794516571	0.345618237279968	-0.450454904260559	0.323839691808777	0.632376558569031	0.160496941381531	-0.119491846460266	0.375173329687195	0.266777682226257	-0.00896141439239506	1.22451973349579	-0.468341245386047	0.207015296789246	0.355967763525085	1.26229158133514	0.369558986059265	1.17912915054901	1.04371036966522	1.15325282126434	0.764781134740906	1.13440315042694	-0.407352607324524	0.206865048315125	-0.480911404077453	0.576268781347351	1.27813563992889	0.480881756872253	1.11713663791473	0.802211436498718	0.293776877294617	0.255773475744324	1.27901571896942	-0.442403917016907	0.424890825903015	0.783136583105164	-0.332945192285461	0.81277628488739	0.42167812851532	-0.0521564183596802	0.89551612851532	0.42167812851532	0.338631105034851	0.635189255507507	0.509071714624695	-0.138436737125305
cg04970570-5-87990145	0.53156070285614	0.459384207616882	0.983101041845398	0.551008383642273	0.457174626012878	0.418097791601257	0.440581969762878	0.149407905065613	0.509503739721375	0.530976993261414	0.827133840063171	0.492229265722351	0.4069692885495	0.518861533056335	0.514908909277039	0.400524003820496	0.0451955333004761	0.335070194738464	0.384295578893738	0.407956434850769	0.448011985082703	0.41773840219696	0.50545056613739	0.957783337316589	0.426878025304871	-0.0621878851565552	0.393042010778503	0.130741986181335	-0.328978443139954	0.645567353551941	0.492314521215515	0.417037406591492	0.452999612646179	0.388456505712585	0.5020555876828	0.299090498022156	0.404233790136414	0.475146648595886	-0.00136675533477787	0.587882111425476	0.210264494237976	-0.0731642936038208	0.40577088254364	0.778398235082703	0.90973513846405	0.375470286352234	-0.198302692529602	0.441459849645691	0.974564316381531	0.407315134191589	0.90876653891571	0.385928703405457	0.150910922521667	0.892365374120789	0.383018687597351	0.406944703283386	0.531936945531921	0.24131060117157	0.464927148778992	0.579980334203796	1.27445119278534	0.383683309728699	0.251775190771179	0.284421989355164	0.860874430151062	-0.024951971399231	0.400584271825867	0.504925635839538	0.39823837875946	1.16090413596161	0.436990360570984	0.0306158377438354	0.42167812851532	0.16869458164032	0.67466512851532	0.42167812851532	0.234009478042664	0.45118362851532	0.394849087632507	0.631620498882507
cg04987071-16-4000839	-0.397138495019836	0.402948009740906	0.0196908439694215	-0.372020814233703	-0.395667571863098	1.04372359372528	0.417700771886902	0.383415707189636	-0.127262458154602	0.0322177953854371	0.571937642187195	0.528686067846375	1.19850209067352	-0.263938664819641	0.705158711401062	0.423768805944519	0.8540833354245	0.0879849968624878	0.973994381017761	0.496411236974793	-0.236376212793274	0.830027204320984	-0.367805631738586	0.440201139440613	0.749520827428894	0.583247916967468	0.335868812902527	0.768166788305359	0.47708335898407	1.18785515567596	0.406172323339539	0.348104208715515	0.386889414770203	0.804128307836609	-0.352708610193176	0.284852300146179	0.318807592260437	-0.38344454928009	0.498092046789246	0.5612929135495	0.296267296362	-0.123716491479797	0.406016684667664	0.378345037206726	0.0557029405880737	1.16063808847626	-0.494706890405579	0.245746651769714	0.567706118505554	1.16981193631561	0.351404341039734	1.11786950552948	0.941440724645691	1.06081017624481	0.804135489721375	1.16948850540741	-0.383871252344055	0.204437403295593	-0.503063049096985	0.45437613632782	1.21003999490936	0.501929111852722	1.0807609928952	0.710247791479187	0.315586232275085	0.185938830724793	0.99024607394989	-0.393207562036438	0.446196180883484	0.755393938085632	-0.264361837304993	0.852087639867859	0.42167812851532	-0.0606054183596801	0.90396512851532	0.42167812851532	0.222299105034851	0.930393255507507	0.625403714624695	-0.194041820125305
cg05036212-2-119609691	0.497654147802429	0.468273652563171	0.132712486791687	0.500624828588562	0.393092070959168	0.430999236547546	0.484089414709167	0.822710350011902	0.468197184667664	0.507603438207703	0.96978628500946	0.33724771066864	0.444718733495789	0.522842978002625	1.10815535422333	-0.304147551233215	0.335703978246765	0.0514146396847534	0.466930023840027	0.448536879797058	0.450085430028992	0.44629884714325	0.511422011083679	0.409580782262878	0.44386247025116	0.391248559789734	1.04991545572479	0.156726431127625	-0.263661998193665	0.42324279849823	0.159707966161804	0.421997851537781	0.355673057592468	0.401025950658875	0.489820032629089	1.04348694296844	0.520794235082703	0.461261093542175	-0.00218831038848877	0.608652556371765	-0.428362060815735	0.799956151342468	0.336244327489929	0.723434680028992	0.0696675834103394	0.386841731298523	0.177878752416687	0.34384929459198	0.10463776132782	0.422792579137878	0.405690983862	0.387793148351746	0.251619367467957	0.309241819067078	1.08628913254364	0.430622148229675	-0.33165460952179	-0.124605953882141	0.452537593725281	0.384735779150085	0.408706637731628	0.437685754674988	1.12228263571747	-0.0389985656985474	0.341378875097351	0.00635647354705815	0.410051716772156	-0.214099919214172	0.44656982370575	0.475538580907898	-0.224916194482727	0.880931282690124	0.42167812851532	0.26193208164032	0.58142762851532	0.42167812851532	0.332179651995789	0.518589802468445	0.666141261585632	-0.0830450991643678
cg05050657-1-46957105	0.47880247226532	0.371414977026062	0.828645811254578	0.471009153051453	0.491161395422058	0.375638561010437	0.422978739172058	0.509055674474792	0.398594509130554	0.472393762670593	0.536848609472351	0.578179035131531	0.409432057958679	0.406001302465515	0.224647678686218	0.452963773229675	0.205397302709656	0.449902964147644	0.386487348302918	0.352388204259949	0.430030754491882	0.36379917160614	0.46810233554657	0.354770106725769	0.36462079471405	0.633511884252624	0.353761780187683	0.716405755590515	0.436108326269226	0.400070122961121	0.442192290624695	0.361185176000671	0.445166382055359	0.352445275121765	0.40762135709198	0.333035267431335	0.346183559545593	0.446655418005066	-0.0255669859255982	0.585616880834656	0.457910263647156	0.267803475805359	0.77156965195282	0.482885004491882	0.84482090787323	0.377374055761414	0.418231076879578	0.441151619054871	0.52962708579071	0.396509903600769	0.74715230832489	0.404619472814636	0.139521691930847	0.218311143529968	0.418023457006531	0.758127472692566	0.472589714941101	0.681190370580749	0.433894918188171	0.549983103612976	0.524650962194519	0.356546079137878	0.550964960180359	0.208096758764343	0.324031199560242	0.252045798009949	0.340508041235046	0.433094405248718	0.35369814816864	0.346171905370789	0.453931129980163	0.00964760715301499	0.42167812851532	0.42966308164032	0.41369662851532	0.42167812851532	0.717412976636414	0.53179812710907	-0.219908413773742	0.314205769476257
cg05192452-5-71852759	0.214954260717468	0.40785176547821	0.939836599706726	0.451275941503601	0.572964183874207	0.398858349462585	0.403849527624207	0.492290462926941	0.392227297582703	0.479357551122742	0.2722923979245	0.494866823583679	0.394830846410828	0.435317090917664	0.428176467138367	0.478654561681824	0.713571091161804	0.388141752599792	0.365849136755066	0.385445992712097	0.487426542944031	0.396112960058289	0.454389123998718	0.373663895177917	0.413836583166199	0.676256672704773	0.374764568639831	0.196950544042664	0.466536114721374	0.381218911413269	0.416490079076843	0.39763196445282	0.499129170507507	0.382530063573914	0.409116145544128	0.423104055883484	0.382570347997742	0.449782206457214	0.77412380252655	0.297209669286804	0.503459052099304	0.363392264257507	0.663944440404968	0.0714207929440308	0.823216696325378	1.05308084421356	0.446453865331726	0.418741407507019	0.0657538742428589	0.396295692052918	0.442276096777039	0.364486261266785	0.964966480382996	0.709324931982117	0.479880245458679	0.386625261144714	0.50707250339325	0.709250159032898	0.43766570664032	0.00664689206512453	0.387173750646667	0.831088867590027	0.244471748632507	0.572848547216492	0.31972298801239	0.639284586462097	0.389255829687195	0.461366193700867	0.389051936620789	0.380214693822937	0.509270918432312	0.717310395605164	0.42167812851532	0.61454808164032	0.22881162851532	0.42167812851532	0.275498478042664	0.36263462851532	0.483398087632507	0.516424152882507
cg05269938-20-62461294	0.234481948461609	0.422804453222351	0.904953287450867	0.370790629247742	0.473222871618347	0.416077037206726	0.373581215368347	0.113140150671081	0.0654029853268432	0.427799238866882	0.29175108566864	-0.06944348867218	0.414426534154968	0.390926778661804	0.260797154882507	0.436332249425964	0.370159778905945	0.400312440343933	0.387615824499207	0.632383680456238	0.511565230688171	0.408894647802429	-0.343302188257141	1.00258058292206	1.19261627091034	0.370910360448914	0.391224256383972	0.718519231786804	0.467557802465515	0.40423459915741	0.419460766820984	0.91294165219696	0.515744858251648	0.898274751318054	-0.024539166711731	0.206365743627624	0.396650035741882	0.266685894201355	0.825429490270691	0.626611357030945	0.512951739843445	0.785829952001648	0.890729128149109	0.500519480688171	0.442678384069519	1.1235205319577	-0.418942446924133	0.27357309525116	0.0778865619869995	1.08671937979706	0.965439784521179	0.810564949010925	0.155690168127136	0.283390619726257	0.40150493320282	1.03589594888886	0.14234519113739	0.628893846777039	-0.424190605615539	0.614806579809265	0.407277438390808	0.410441555334167	0.781278436376648	0.574426234960632	0.316454675756531	-0.0144517257937622	0.874958517431335	0.421991881445007	1.01656262436493	0.884114381567078	0.471635606176453	0.957594083349304	0.42167812851532	0.61843858164032	0.22492112851532	0.42167812851532	0.608895668675476	0.325301819148132	0.42451427826532	0.41842298351532
cg05322217-17-36575655	0.0746803335934448	0.425310838354187	0.940247672582703	0.529235014379578	0.360547256750183	0.441270422338562	0.448754600500183	0.145310535802917	0.430033370458679	0.500000623998718	0.297181470800476	0.429932896459656	0.398708919286804	0.45774516379364	0.466416540014343	0.5209086345578	0.660904164037781	0.367505825475769	0.393894209631043	0.424138065588074	0.518414615820007	0.412997032934265	0.440001196874695	0.376387968053894	0.405779656042175	-0.128635254419251	0.432790641515808	0.39696861691864	0.272189187597351	0.405847984289246	0.33178815195282	0.417912037328796	0.531060243383484	0.41068013644989	0.418874218420105	0.80914812875946	0.413540420873718	0.268261279333191	0.604350875402527	0.0567237421627806	0.541408124975281	0.676097337133484	0.546834513280945	0.00454186582000726	0.013352769201355	0.768149917089539	0.292655938207703	0.410343480382996	0.729358947118836	0.414943764928894	0.571070169653015	0.388564334142761	0.256203553258972	0.527169004858093	0.408223318334656	0.405672334020691	0.515189576269226	0.732363231908874	0.489978779516296	0.620182964941101	0.426979823522644	0.410866940466003	0.279082821508484	0.604969620092468	0.305795060888367	0.620629659338074	0.402414902563171	0.427245266576843	0.408838009496765	0.405533766698914	0.431304991308289	0.67463846848114	0.42167812851532	0.61960258164032	0.22375712851532	0.42167812851532	1.05411197804266	0.42915212851532	0.416880587632507	0.387833445882507
cg05369857-14-101923702	0.474429039403992	0.476706544164734	0.0494963783932496	0.515131720190125	0.35560196256073	0.523047128149109	0.41476330631073	0.435104241613464	0.421193076269226	0.400804329809265	0.415178176611023	-0.198398397729797	0.543886625097351	0.504977869604187	0.29622624582489	0.345480340368347	0.0802378698483277	0.301954531286316	0.371229915441589	0.726253771398621	0.444337321630554	0.481888738744812	0.503358902685242	0.352316673864441	0.682658361852722	0.0123044513912964	0.544004347326355	0.419655322729187	-0.213662106592102	0.404921690099792	-0.298862142236633	0.407079743139343	0.467493949194031	0.394674842260437	0.446326924230652	0.184084834570007	0.655206126684265	0.463562985143738	0.712212581213074	0.485903447973328	0.483512830785828	0.774643042944031	0.307223219091492	0.716859571630554	0.574971475011902	0.891629622900086	0.42818864401825	0.470035186193542	0.906988652929382	0.381710470739441	0.839223875463562	0.377906039953308	0.168341259069519	0.25353471066864	0.376017024145203	0.367928039831238	0.473210282079773	0.733364937719421	0.445807485326843	-0.288998329248352	0.384988529333191	0.36859964627655	1.12481652731903	-0.0578946740969848	0.458262766698914	0.00543836514862062	0.707283608373718	-0.0476320276126098	0.641546715307312	0.38283947250946	0.0370836971188354	0.052845174291687	0.42167812851532	0.58835208164032	0.25500762851532	0.42167812851532	0.784974517175476	0.376693667648132	0.46199512676532	0.38094213501532
cg05387399-10-124893766	0.386959873388367	0.352870378149109	0.521356212377625	0.4053765541745	0.519946796545105	0.375886962133484	0.419302140295105	0.648730075597839	0.424108910253601	0.45649916379364	0.414647010595398	0.504218436254578	0.333885459081726	-0.163745296411438	0.649209079809265	0.435940174352722	0.119549703832703	0.388370365270691	0.456457749425964	0.368328605382996	0.412042155614929	0.414663572729187	-0.00506326333038332	0.332333507848816	0.989893195837097	0.0418072853756714	0.41582918131073	0.640050156713562	0.487670727392273	0.810278524084167	0.397039691747742	0.359962577123718	0.432972783178406	0.337504676244812	0.446788758215027	0.972920668554382	0.58926696066864	0.421795819128113	0.00213141519744869	0.393207281957703	0.466134664770203	0.691092876928406	0.884063053075867	0.614169405614929	0.834230308996277	0.91784445688446	0.432118478002625	0.448567020177917	0.0451034869137573	0.501882304723816	0.349313709447937	0.366903873937683	0.736270093053894	1.12228354465302	0.353399858129578	0.363593873815613	0.485370116064148	0.512566771703796	0.392079319311218	0.541976504736023	0.431993363317566	0.410795480260925	0.216368361303406	0.33957415988739	0.237487600683289	0.733910199132996	0.349478442358093	0.406663806371765	0.361205549291687	0.798738306493835	0.48794753110321	0.143641008276062	0.42167812851532	0.42727758164032	0.41608212851532	0.42167812851532	0.915464355675476	0.255523506148132	0.40656996526532	0.43636729651532
cg05482942-10-102899285	0.426684169775085	0.702207674535828	0.787070508764343	0.427257850561218	0.515848092931824	0.345877258520203	0.411780436681824	0.202121371984558	0.37146520664032	0.434908460180359	0.912792306982117	0.449952732641296	0.322145755468445	0.362754999975281	0.767076376195984	0.383221470739441	0.485732000219421	0.36902466165741	0.324534045812683	0.330998901769714	0.449970452001648	0.334171869115906	0.388135033056336	0.290633804235535	1.07422349222382	0.64925458176239	0.400528477697449	0.0898344531002808	0.471341023778992	1.23243782047089	0.399551988134461	0.335625873510437	0.471791079565125	0.701622972631531	0.413808054601746	0.365421964941101	0.333752257055359	0.395674115514832	0.685028711584167	-0.106011421655579	0.468615961156921	0.743808173315124	0.282700349462585	0.593067702001648	0.817311605382996	0.359611753271179	0.393788774389343	0.434677316564636	0.929506783300476	0.626281601110535	0.330246005834656	0.397225170324402	0.841841389440613	0.852466841039734	0.333980154516296	0.331729170202332	0.486814412450867	0.603977068090515	0.423156615697937	0.543156801122742	0.337490659704285	1.06418977664764	0.916629657690124	0.382884456274109	0.419456897070007	0.659465495519714	0.384140738744812	0.393285102758484	0.677302845678406	0.367170602880554	0.437632827489929	-0.0219836953372193	0.42167812851532	0.47405408164032	0.36930562851532	0.42167812851532	0.969356008675476	0.291000159148132	0.41759561826532	0.42534164351532
cg05575614-6-106434354	0.489994233739929	0.392655738500671	0.099850572729187	-0.155186085473938	0.451850156896668	0.392858322485046	0.487112500646667	0.884893435949402	0.499598270605163	0.456261524145203	0.92656637094696	0.35488679660614	0.849498819433289	0.481066063940124	0.575819440160828	0.510429534704285	0.0616400641842651	0.0988697256222533	0.702430109777527	0.369933965734558	0.460197515966492	0.383737933080749	0.484797097021179	0.390619868200378	0.61391855618866	0.639922645727234	0.571384541662292	0.197042517065125	0.398576087743835	0.40607988443573	0.363759052099304	0.397211937475281	0.474918143529968	0.418323036596374	0.352631118566589	1.04491502890594	0.870731321020203	0.461909179479675	0.418720775549011	-0.260540357690735	-0.228237974878235	0.421873237279968	0.332741413427429	0.390364765966492	0.864074669347839	0.413542817236023	0.466479838354187	-0.0246456194705201	0.55165084726532	0.398175665075378	0.3973000697995	0.398856234289246	0.907799453405456	0.246816905004578	0.59560321848114	0.402032234167175	-0.145864523584289	0.664788132055359	0.481876679662781	-0.322588134912414	0.390468723669128	0.387561840612488	0.443663721654968	0.607165520238953	0.315982961034851	0.407483559484558	0.433697802709656	0.480851166723328	0.43903590964325	0.650013666845398	0.179531891454773	0.833377368627624	0.42167812851532	0.34816458164032	0.49519512851532	0.42167812851532	0.418780344128601	0.326862494601257	0.480334953718445	0.428893655968445
cg05613116-2-27958722	-0.34603438295929	0.428699121801453	0.835507956029969	-0.323322702173157	0.585403540197449	0.442219705785828	0.0773058839474487	0.546473819250183	0.114866653905945	0.453353907445984	0.308098754247742	-0.108464820093079	0.42823020273407	0.434601447240906	1.04397682346161	0.499704918005066	0.361519447485046	-0.278174891076965	0.672068493078308	0.421788349035339	0.520381899267273	0.879936316381531	0.433167480321961	0.39445325150116	0.412421939489441	0.0388150290280151	0.465886924963074	0.190563900365906	0.456306471044617	0.419691267736511	0.515013435400086	0.422261320776062	0.53308752683075	0.937835419897156	0.312156501867371	0.227371412206726	0.416410704320984	0.139422562780457	0.850774158849792	0.540804025610046	0.148938408422546	0.809362620580749	0.33009379672821	-0.088367850732727	0.105263052648621	0.565735200536804	0.475399221654968	0.254863763830261	0.178419230566101	0.72866004837616	0.412658453100281	0.417250617590027	0.169158836706238	0.277732288305359	0.482898601781921	0.424282617467957	0.526361859716492	0.52179251535614	0.485501062963562	0.257511248388367	0.43709610696991	0.422709223913269	0.28682810495575	-0.0577490964602661	0.797724344335632	0.193161942785339	0.420648186010437	0.448481550024109	0.421286292944031	0.425672050146179	-0.0190177252444459	0.944334751928406	0.42167812851532	0.57938508164032	0.26397462851532	0.42167812851532	0.342634734675476	1.04104688514813	0.36784334426532	0.47509391751532
cg05658887-2-8833616	0.140148500951843	0.432530005712585	0.0981458399411011	0.476366181737976	0.500094424108582	0.42145858969696	-0.373594232141419	0.489458703161316	0.152509537817078	0.506037791357117	0.300673638158875	0.526265063818054	0.415611086645203	0.464671331152039	0.730000707372742	-0.352387198083801	0.248277331396179	0.485921992834168	0.404117376989441	0.422675232946472	0.501838783178406	0.429917200292664	0.483238364233093	0.385911135412292	0.415153823400574	0.698263912939148	0.409698808874207	0.150521784277039	0.477692354955749	0.414827151647644	0.492142319311218	0.429282204687195	0.517162410741882	0.420704303808289	0.452554385778503	0.320636296117859	1.10427058823212	0.480261446691589	0.789084042760925	-0.187009090478821	0.472951292333679	-0.0567104955081177	0.340708680639343	0.387708033178406	0.0204509365597534	1.24134808444794	0.489923105566101	0.458615647741394	0.0944121144772339	0.417926932287292	0.417464337011414	0.41698350150116	0.310473720617371	0.866902172216492	0.421794485693054	0.611417501379089	-0.355996256372375	0.724233399267273	0.488821946874695	0.591319132299499	0.426673990881042	0.969805107824402	0.303692988866882	0.241107787450867	0.554326228246765	0.00233382669647225	1.06774206992157	0.413647433935242	0.412355176855164	0.419565934057312	-0.238942841333313	0.927989635839539	0.42167812851532	0.55259058164032	0.29076912851532	0.42167812851532	0.702533283675476	0.302722434148132	0.38538089326532	0.45755636851532
cg05856321-17-1133546	-0.326805704736633	1.13934980002411	-0.0320843657473754	0.4351109760495	-0.449006781579895	1.04666038400848	-0.500127437829895	0.832694497472839	0.432770332128601	0.42320058566864	0.842683432470398	0.130018858129578	0.564319880956726	-0.437744874536438	0.957243501684265	0.392607596227722	0.413187125707703	-0.304941212854309	0.954201171300964	0.638897027257996	-0.508792422510071	0.953129994604187	-0.417777841455383	0.443183929723816	1.1337996177121	0.649859707250671	1.19293760318573	0.056145578588562	-0.397237850732727	0.814428945959167	-0.389273886377258	1.11841599899872	-0.255106794946594	0.448721098119812	-0.095032819909973	0.974586090429382	0.28186738254364	0.110397241003113	0.406642837072449	0.566759703832703	0.415569086645203	0.712136298803406	0.828132474950867	-0.206646172510071	-0.117031269128723	0.25696487875946	-0.524047100122376	0.370526442052917	-0.0183260912112426	1.01262872659882	0.305666131322937	0.621634295812683	0.057244514928894	0.619855966528015	0.278406280004578	0.428660295690613	0.417861537939148	0.0545521935787964	0.101772741186218	-0.415781073388977	0.840844785192566	0.601983902135925	0.175157783178406	0.15227858176239	0.611411022558289	0.757223621007996	0.950199864233093	0.0922052282467651	0.597041971166687	1.17028072836884	0.49721295297821	0.833072430151062	0.42167812851532	-0.23748391835968	1.08084362851532	0.42167812851532	0.690530105034851	0.862310255507507	0.157172714624695	-0.629892995125305
cg05876246-8-81831079	0.456892936864929	0.417869441625671	0.863540275854187	0.0728416176510621	0.115844860021667	0.407883025610046	0.418952203771667	0.313273139074402	0.448987973730164	0.464852227270203	0.278399074071961	-0.26009150026886	0.360189522558289	0.423737767065125	0.862983143285828	0.409083237829285	0.713248767309265	0.488085428747253	0.357343812902527	0.408466668859558	-0.397057780908508	0.45022163620575	-0.126588199853821	0.370362571325378	0.37116625931366	-0.122719651147766	0.356051244787292	0.702436220190125	-0.328399209131165	0.36993858756073	0.265110755224304	0.442358640600281	0.308611846654968	0.487296739721375	0.441082821691589	1.00244373203094	0.360519024145203	0.238210882604675	0.831539478674011	0.565908345434265	0.454123728246765	0.627955940404968	0.488757116552429	0.455611469091492	0.248651372472839	0.343661520361023	-0.275213458520813	0.47623408365448	0.46363455039032	0.390819368200378	0.3710747729245	0.341836937414246	0.160078156530457	1.11863060812958	0.69714592160614	0.392305937292175	-0.0548988204592895	0.681470835180359	0.247075382787781	0.512777568212585	0.814763426794128	1.11579554373749	0.581680424779968	0.488730223363953	0.317732664159851	0.762745262609558	0.355005505834656	0.443626869848328	0.96529161276825	0.424029369970398	0.492061594579773	0.613533071752625	0.42167812851532	0.41857808164032	0.42478162851532	0.42167812851532	0.226284451175476	1.12229660164813	0.24701206076532	0.59592520101532
cg05952202-1-1136401	0.368631051855164	0.421984556615906	0.753929390844421	-0.181912267358704	-0.231340024988098	0.416892140600281	0.488868318761902	0.242281254064636	0.468131088720398	0.295875342260437	0.284008189062195	0.539380614721375	0.414569637548523	-0.190390117944641	1.05873125827606	0.450884352819519	0.5494048822995	0.481647543737488	0.388440927892761	0.408952783849793	-0.167506665918274	0.400448751195984	-0.192232084863587	0.358541686315613	0.963280374303894	0.426085463842468	0.420947359777527	0.142346335180359	0.54677690585907	1.27225270255096	-0.368804129785461	0.406470755590515	-0.397057038354797	1.06860485471161	0.463209936681824	0.992672847021179	1.29334413913544	0.44505699759491	0.0148865936642456	0.6479384604245	0.513098843237	0.514949055395203	0.310757231542664	0.646530584081726	0.0565184874630738	0.403033635351257	0.489824656469421	0.509883198644714	0.0850716653805543	0.399514483190613	0.422474887914734	0.42069005240448	0.692320271520691	0.515496723119812	0.396140036596374	0.40077605228241	0.546872294530945	0.304574950170593	0.477529497778015	-0.29710831679718	0.867918541784363	0.407114658727722	0.658591539770203	0.592443338354187	0.295163779150085	0.693557377599793	0.43594862082489	0.501351984838562	0.678871727758484	0.401269484960632	0.431602709570007	0.0432371867428588	0.42167812851532	0.51935358164032	0.32400612851532	0.42167812851532	0.272240604136414	0.45513175460907	0.574171213726257	0.390872141976257
cg06008926-5-170740673	0.456435536474304	0.419391041235046	0.427854875463562	0.439767217260437	0.582407459631042	0.417117625219421	0.433699803381042	0.103449738683777	0.446098573339539	0.493034826879578	0.422217673681335	0.441172099340515	0.390251122167664	0.4120353666745	0.734486742895203	0.46958883743866	0.0469453669186402	0.456505028356628	0.385515412511902	0.394142268468933	0.484725818700867	0.400214235815124	0.408657399755554	0.786866170934753	0.644827858923035	0.382332948461609	0.387912844396668	0.5781268197995	0.49625739047821	0.470955187170105	0.129163354833679	0.399614240209656	0.519634446264343	0.41194733933075	0.502476421300964	0.23818933164032	1.17784562375458	0.44950648221405	0.107072078283386	-0.0897650549563598	0.16749032785614	0.490409540014343	0.324209716161804	0.190508068700867	0.853026972082214	0.922681119970398	0.446072141088562	0.452248683263855	0.954737149999695	0.416591967809753	0.390092372533875	0.382773537023621	0.339595756139832	0.264182207738953	0.725571521215515	0.40391453690155	0.492730779150085	0.0112664347897339	0.419093982397156	-0.18646783217804	0.473418026403503	0.416529143346863	0.449875024389343	0.573750822973328	0.470631263769226	0.794397862218933	0.394146105444031	0.451489469457703	0.398071212377625	0.397114969579773	0.112693194189148	0.419147671362	0.42167812851532	0.61422108164032	0.22913862851532	0.42167812851532	0.284072478042664	0.49180162851532	0.354231087632507	0.631749966882507
cg06040206-2-172961280	0.523654764623718	0.44277026938446	0.106158103612976	0.570822445409851	-0.305020312219544	0.434898853368835	0.492002031530457	0.583146966833191	0.489903801488953	0.482911055028992	0.643672901830749	0.455325327489929	0.411690350317078	0.467907594823914	0.480532971044617	0.220877065588074	0.0719495950680543	0.511625256506042	0.403867640661316	0.419395496618347	0.536592046850281	0.421586463964539	0.498668627904968	0.381632399084167	0.418715087072449	0.635706176611023	0.417318072546082	0.402103047948914	0.444145618627625	0.432845415319519	0.548753582983093	0.42636646835907	0.557155674413757	0.420732567480164	0.484588649450378	0.259543559789734	0.420677851903992	0.532327710363464	0.0200573064328003	0.613012173193054	0.567597556005554	-0.0486942318362427	0.342339944311218	-0.0255397031497193	0.0287712002316284	0.486369348119812	0.541445369237976	0.222855911413269	0.0992163781491089	0.436008195959168	0.420961600683289	0.396697765173035	0.199082984289246	0.923193435888367	0.417164749364929	0.421275765050964	-0.3554769927005	0.647792662939148	0.52987621054657	0.648826395971374	0.423790254552918	0.421484371496277	0.287066252538757	0.575173051122742	0.32297749191864	0.00404309036834721	0.416219333593445	0.495199697607117	0.425335440527039	0.418921197729187	-0.255353577661438	0.292668899511414	0.42167812851532	0.45072808164032	0.39263162851532	0.42167812851532	0.324439151995789	0.526330302468445	-0.0191742384143677	0.692215801835632
cg06354392-2-176970064	0.423027244970398	0.37669474973114	0.0878815839596559	0.439274925756531	0.487426168127136	0.395573333715515	0.405759511877136	0.492606447179871	0.406126281835632	0.443288535375671	0.970568382177429	0.452887807836609	0.358573830663757	0.402478075170593	0.230478451391296	0.408858545934753	0.0470760754147338	0.387973736852722	0.744028121007996	0.373645976965027	0.41779652719696	0.597964944311218	-0.068703891748352	0.945823879430847	0.360778567419128	0.648817656957703	1.18175555289276	0.409239528295593	-0.123174901025696	1.2072498956662	0.412259063329773	0.35309894870575	0.437778154760437	1.16577404782684	0.452229129797058	0.904703040136414	0.381547332250671	0.392235190710144	-0.02020921322052	0.549351653539734	0.192228036352234	0.234344248510437	0.518546424657898	0.654733777196961	0.716464680578308	0.455731828466492	0.277303849584656	0.412539391759949	0.873443858495789	0.427700676305847	0.351673081029968	0.882676245519714	0.549757464635925	1.03681791623505	0.393524229711609	0.376757245397644	0.445111487646179	0.585354143285828	0.41177569089325	0.503661876318054	0.875738734899597	0.378333851842957	0.277948732885437	0.491949531469421	0.69752597226532	-0.0393924292849732	0.365593813940125	0.175500177953796	0.398339920873718	1.14564367807587	0.472250902685242	0.776087379858093	0.42167812851532	0.46584258164032	0.37751712851532	0.42167812851532	0.294891651995789	0.555877802468445	-0.0144397384143677	0.672050277835632
cg06372850-2-164205188	-0.32378302773468	0.373476477026062	0.0583353112545777	0.422213653051453	-0.182444104577942	1.14625106101044	0.421291239172058	0.266955174474792	-0.0595589908694458	0.111563262670593	0.322278109472351	0.0182655351315308	0.401366557958679	0.459047802465515	1.04330017868622	0.444991273229675	0.791451802709656	0.437073464147644	0.961882848302918	0.389441704259949	0.372054254491882	0.68414767160614	0.46947483554657	0.356312606725769	0.37969929471405	0.0445443842526245	0.357013280187683	0.346215255590515	-0.284292173730774	0.359910622961121	0.442005790624695	1.19515667600067	0.424453882055359	1.11792177512177	0.45000085709198	0.992579767431336	0.360950059545593	0.411367918005066	0.805956514074402	0.574810380834656	0.425052763647156	-0.114073024194641	0.67786815195282	0.657142504491882	0.83700040787323	1.08390655576141	0.419918576879578	0.411467119054871	0.0355725857907104	0.703599403600769	0.34980580832489	0.507257972814636	0.128997191930847	0.682035643529968	0.420926957006531	0.378373972692566	0.417769214941101	0.687359870580749	0.406438418188171	0.506671603612976	1.23303246219452	1.07446957913788	1.06896246018036	0.250256258764343	0.527635699560242	-0.0585197019900514	0.412001541235046	0.412732905248718	1.03416764816864	1.20216740537079	-0.256131370019836	0.602240107153015	0.42167812851532	0.25434508164032	0.58901462851532	0.42167812851532	0.991724478042664	0.39378162851532	0.452251087632507	0.319423678882507
cg06394109-16-1152511	-0.33370247683136	0.501597027929382	0.112705862157898	0.595104203954773	-0.299007553674622	1.07284661191376	0.103326790075378	0.210435725378113	-0.0582994399661256	0.171450813573914	0.601371660375671	0.386871086034851	0.461395108861999	0.269815353368835	1.19062872958954	-0.311772175867004	0.154811353612976	0.605835015050964	1.16135139920624	1.34269725516327	-0.325185194604797	1.35017122250946	-0.12917461355011	0.388368157629089	0.906250845617371	0.329573935155945	0.421516831091003	0.344168806493835	0.647380377172546	1.35355117386444	0.481853341528015	0.449911226903992	-0.234117567041321	0.419844326025085	-0.0714635920046998	0.266878318334656	0.477467610448914	-0.383315531091614	0.933092064977722	0.678698931737976	-0.295417685449524	0.262083526708679	0.55760370285614	-0.0847329446047973	0.0458069587765503	0.654856106664734	-0.397590872217102	-0.00605633004180911	0.967962136694031	0.451573954504089	0.42341235922821	0.805738523717957	0.179849742834168	1.21328919443329	1.34498950790985	1.02258152359589	0.570868765844421	-0.11892757851593	-0.391793030908508	0.640226154516296	1.35104301309784	0.997254130041199	0.340529011083679	-0.0361341903323364	0.680252250463562	0.380340848913269	0.874874092138367	0.553804456152039	1.28861119907196	0.861757956274109	-0.206627819116516	0.0719586580563354	0.42167812851532	0.44400708164032	0.39935262851532	0.42167812851532	0.0987459780426636	0.37471412851532	0.471318587632507	0.518368782882507
cg06619621-11-32354742	0.515322353857117	0.446623858617859	0.0651216928463745	0.527759034643249	-0.367444722986145	0.834420442602234	0.452665620763855	0.722934556066589	0.483355390722351	0.17184464426239	0.457259491064148	-0.0978660832766722	0.507492939550476	0.497204184057312	0.307532560278015	-0.386847345178528	0.144823184301453	-0.219517154260559	1.04741422989471	0.404449085851746	0.478904636083679	0.417626053197937	0.522842217138367	0.346165988317566	0.460505676305847	0.363385765844421	0.36530166177948	0.105232637182312	-0.337069792138977	0.373344004552917	0.440605172216492	0.635944057592468	-0.243783736352844	0.377918156713562	0.501215238683777	0.931022149023132	1.30694444113739	0.486119299596863	0.839741895666199	-0.259468237573547	0.463990145238953	-0.0869456426028441	0.669866533544617	-0.13232011391632	0.0297437894650269	0.42694993735321	0.494211958471375	0.480326500646667	0.282385967382507	0.546526785192566	0.391807189916687	0.859857354406433	0.144744573522644	0.233222025121765	0.413661338598328	0.401083354284363	0.510325596532898	0.150050252172546	0.487937799779968	-0.199696014795227	0.372461843786316	1.08310896072968	0.241528841772156	0.27008164035614	0.291021081152039	0.861129679601746	0.490709922826843	0.492931286840515	0.376673029760437	1.23639678696259	-0.107565988428039	0.676395488744812	0.42167812851532	0.54788758164032	0.29547212851532	0.42167812851532	0.633313403628601	0.703020554101257	-0.128714986781555	0.214360596468445
cg06702880-4-155663094	0.420068940160828	0.44655844492157	0.116551279150085	0.45752262094696	0.231300863317566	0.435354028905945	0.465815207067566	0.1238031423703	0.519525977026062	0.504724230566101	1.00136707736786	0.358967503027039	0.419779525854187	0.486103770361023	0.315911146581726	0.532835241125183	0.138979770605164	0.505051432043152	0.409596816198425	0.421672672155457	0.27744822238739	0.433909639501648	0.485521803442078	0.380089574621277	0.417441262609558	-0.0504816478518678	0.633077248083191	0.225106223486023	-0.286410205835266	0.424179590856628	0.483304758520203	0.450121643896179	-0.396538150049133	0.437544743017273	-0.115432175012512	0.366712735326843	0.559058027441101	0.458194885900574	0.35962248196991	0.248610348730163	-0.373736268457336	0.265431943700867	0.334661119848328	-0.0450315276126099	0.869697375768738	0.399302523656921	-0.263643455224915	0.448250086950378	0.873936553686218	0.775855371496277	0.433586776220398	0.498828940710144	0.180168159826355	0.308955611425476	0.721006924902039	0.759263940588074	0.501539182836609	-0.122556161523743	0.390750386083679	-0.0840884284915161	0.464470430090027	0.423210547033386	0.682279428075867	0.616986226659851	0.331796667455749	0.740898265905457	0.413784509130554	-0.063911126855774	0.423767616064148	0.472048373266296	0.575821597875671	0.0669450750485229	0.42167812851532	0.45410608164032	0.38925362851532	0.42167812851532	1.04315247804266	0.37047362851532	0.475559087632507	0.0147511818825073
cg06776898-15-73611079	0.460853575536804	0.422105080297546	0.413848914526062	-0.349296743677063	0.540634498693543	0.433623664281921	0.390158842443542	0.142590777746277	0.388252612402039	0.516837865942078	1.00500271274384	0.478172138403015	0.413158161230164	0.396656405737	0.267994781957703	0.45398487650116	0.43119840598114	0.00942606741912827	0.432553451574402	0.844533307531433	0.327708857763367	0.398429274877625	0.411877438818054	0.382799209997253	0.422240897985535	0.691772987524109	0.424838883459167	0.278748858862	0.14786942954071	0.482264226232605	0.366371393896179	0.776607279272156	-0.294384514673157	0.39835837839325	0.445504460363464	0.97521637070282	0.391884662817078	0.41851252127655	0.325013117345886	0.48339798410614	0.0467093669186401	0.776572579076843	0.322643755224304	0.652440107763367	0.833493011144714	1.2018971590329	0.405762180151062	0.402804722326355	0.0763501890621948	0.445515006872253	1.12310341159637	0.381225576086121	0.308477795202332	0.328758246801453	0.431938560278015	0.40213057596405	0.546926818212585	0.0703634738522337	0.441237021459656	-0.32631079311554	0.975895065466003	0.545636182409363	0.917790063451843	0.305250862035828	0.353376302831726	0.607396901281433	0.694431144506531	0.464072508520203	0.445006251440125	1.15686700864227	0.432971233251648	0.0668257104244994	0.42167812851532	0.51325558164032	0.33010412851532	0.42167812851532	0.339374105034851	0.541146255507507	0.508328714624695	-0.123618374125305
cg06843889-5-42949542	-0.108461569116516	0.391415935644226	0.0881947698727418	0.451262111669617	-0.358424645959778	0.401990519628601	0.411847697790222	0.759692633092957	0.420654467748718	0.397761721288757	0.729423568090515	0.246359993749695	0.410728016576843	0.422156261083679	0.247756637304382	0.451524731847839	0.54459926132782	0.451709922765808	0.771535306921082	0.389463162878113	0.446398713110046	0.395306130224304	0.431473294164734	0.782163065343933	0.367514753332214	0.680970842870789	0.381981738805847	0.518474714208679	0.33136028488739	0.410180081579285	0.453246249242859	0.422026134618835	0.108430340673523	0.804982233739929	0.429433315710144	0.244575226049499	0.969949518163757	0.46092537662323	0.289722972692566	0.28301883945282	0.44664922226532	0.361570434423523	0.723598610570984	-0.112843036889953	0.852083866491394	0.407385014379578	0.436138035497742	0.440959577673035	0.930818044408875	0.381796862218933	0.407473266943054	0.3807504314328	0.539179650549011	0.682587102148132	0.894485415624695	0.38956743131073	0.0719366735592653	0.422749329198914	0.408594876806335	0.54723706223114	0.384756920812683	0.402196037756042	0.251516918798523	0.159722717382507	0.609684158178406	0.312179756628113	0.701495999853211	0.425015363866882	0.779449106786804	0.605942863988953	0.229115088598328	0.449722565771179	0.42167812851532	0.36154358164032	0.48181612851532	0.42167812851532	0.667917244636414	0.35500639510907	0.233024854226257	0.490997501476257
cg07078225-12-52652377	0.424566052709656	0.429455557470398	0.783135391698914	0.500104733495789	0.430676975866394	0.447106141454773	0.435506319616394	0.534055254919128	0.41130808957489	0.455268343114929	0.923200189916687	0.231136615575867	0.400092638403015	0.443473882909851	0.278010259130554	0.391569353674011	0.419506883153992	0.39729954459198	0.409569928747253	0.408624784704285	0.516427334936218	0.424570752050476	0.423014915990906	0.368101687170105	0.408088375158386	0.64799446469696	0.510338360632019	0.163169336034851	-0.155389093286438	0.412181703405457	0.508191871069031	0.667758756445007	0.533029962499695	0.407779855566101	0.458138937536316	0.225864847875671	0.963458139989929	0.450578998449402	0.127719594518738	-0.227604538721008	0.537733844091492	0.0675590562496949	0.338027232397156	0.518842584936218	0.0175344883175659	0.38207563620575	0.464251657323914	0.378698199499207	0.473819666235046	0.429711484045105	0.428373888769226	0.443973053258972	0.384523272375183	0.281465723974304	0.404626037450867	0.406907053136902	0.466267295385437	0.672282951025085	0.477661498632507	0.584188684057312	0.416445542638855	0.406546659582214	0.804657540624695	0.217454339208679	0.384705780004578	0.535806378454285	0.401708621679382	0.449823985693054	0.409530728612976	0.404468485815125	-0.1874792895755	0.101211187597351	0.42167812851532	0.34925758164032	0.49410212851532	0.42167812851532	0.250320948636414	0.35829809910907	0.496577558226257	0.487705797476257
cg07113199-12-52258163	0.454729005956726	0.306558510717468	0.209350344945984	0.463890686742859	0.482799929113464	0.341330094701843	0.427211272863464	0.758356208166199	0.44436704282196	0.414711296361999	0.172597143163757	0.513874568822937	0.723063591650085	0.426713836156921	0.401127212377624	0.389228306921082	0.655004836401062	0.46808149783905	0.277202881994324	0.889771737951355	0.421200288183289	0.306888705297546	0.460302869237976	0.358138640417175	0.297138328405457	0.663654417944031	0.621540313879089	0.0227742892819214	0.464563859960632	0.291750656652527	0.442117824316101	0.340261709692078	0.261231915746765	0.984936808813171	0.434662890783386	0.418444801122742	0.302637093236999	0.434052951696472	0.424519547765808	0.492418414526062	-0.0900912026614382	0.125868009496765	0.223137185644226	0.573964538183289	-0.0865805584353639	0.26649558945282	0.421088610570984	0.499695152746277	0.356493619482117	0.392023437292175	0.283445842016296	0.311146006506043	0.565262225622253	0.907389677221375	0.291784990697937	1.01505000638397	0.118548248632507	0.603572904272156	0.417481451879578	-0.383282362695618	0.347902495885925	0.560253612829285	0.518572493871765	0.57124129245575	0.198913733251648	0.298584331701355	0.681627574926453	0.419904938940124	0.457827681860046	0.319358439062195	0.52321566367157	-0.0544498591555787	0.42167812851532	0.61526108164032	0.22809862851532	0.42167812851532	0.818504978042664	0.33413712851532	0.511895587632507	0.282229214882507
cg07158747-1-91196488	-0.388328166406555	0.399835338354187	0.225318172582703	0.442608514379578	-0.358933243249817	0.441015922338562	0.058659100500183	0.782686035802918	-0.318686129541321	0.171333123998718	1.08802197080048	0.301118396459656	1.1391394192868	0.41342766379364	1.06664004001434	-0.00608186544219969	0.117399664037781	-0.121252674524231	0.445422709631043	0.426471565588074	0.399311115820007	0.513021532934265	0.449487696874695	0.441904468053894	0.413694156042175	0.66433924558075	0.386907141515808	0.12838111691864	-0.312759312402649	0.404832484289246	0.45548865195282	1.1958865373288	0.414124743383484	0.39554563644989	0.416540718420105	0.24833262875946	1.23421992087372	0.404077779333191	0.793442375402527	-0.0454067578372194	0.439691624975281	-0.0107901628665161	0.831214013280945	-0.0516026341799927	0.162917269201355	0.511660417089539	0.0823674382077027	-0.0104490196170044	0.723562447118835	0.509908264928894	1.18819866965302	0.490917834142761	0.818446053258972	1.10409050485809	0.648143818334656	1.06402283402069	-0.383523923730774	0.340497731908874	0.389600279516296	0.476347464941101	0.438303323522644	1.063702440466	1.09771532150848	0.605747120092468	0.431361560888367	0.0352021593380738	0.801069402563171	0.412289766576843	0.439440509496765	0.401584266698914	-0.0199685086917116	0.87317596848114	0.42167812851532	0.0875490816403199	0.75581062851532	0.42167812851532	0.117123886675476	0.518904037148132	0.41123749626532	0.43169976551532
cg07184578-6-99291343	0.452878449316101	0.379620954076843	0.756342788305359	0.337755130102234	-0.387901627527161	0.380858538061218	0.421285716222839	0.438137651525574	0.418446486181335	0.373253739721375	0.251428586523132	0.513747012182312	0.33668103500946	0.448363279516296	0.395291655737	0.446448750280457	-0.014367720239563	0.424832941198425	0.319515325353699	0.42160818131073	0.433231731542664	0.331417148656921	0.413097312597351	1.02090208377655	0.324656771764832	0.668295861303406	0.589371757238464	0.0606887326412964	0.371455303320007	0.641137100011902	0.472050267675476	0.643349153051453	0.38255735910614	0.326279252172546	0.395911334142761	0.816138244482117	1.25080853659637	0.434687395055847	0.108350991125183	0.503891857885437	0.298869240697937	0.44054845285614	0.963256629003601	0.642813981542664	0.817517884924011	1.20352403281219	0.159391053930359	0.478769596105652	0.860984062841492	0.33426588065155	0.322211285375671	0.335852449865417	0.930208668981628	0.89069612058075	0.406858434057312	0.349260449743347	-0.441629308008118	0.672488347631531	0.426193895238953	0.110504080663757	1.2385989392453	0.32641505618866	0.95920993723114	0.591557735815124	0.264053176611023	0.07077877506073	0.347364018285828	-0.2878106177005	0.329625125219421	1.03482388242157	0.436928107030945	0.865324584203796	0.42167812851532	0.58553858164032	0.25782112851532	0.42167812851532	0.867262911675476	0.220109062148132	0.40768852126532	0.43524874051532
cg07184658-9-96722329	0.422216556493835	1.10690606125458	0.853410895483093	0.401059237279968	0.499293479650574	0.397011645238953	0.388731823400574	0.432454758703308	0.43508159335907	0.406937846899109	0.980515693700867	0.419701119360046	0.417706142187195	0.454369386694031	0.705123762914734	0.424401857458191	0.530989386938171	0.43714704837616	0.557812432531433	0.437617288488464	0.380223838720398	0.401141255834656	0.396387419775085	0.388206190954285	0.369314878942566	0.67340596848114	0.877183864416199	0.111920839819031	0.497645410497742	0.360841207189636	0.42163837485321	1.19730026022919	0.400699466283874	1.16435035935028	0.430497441320496	0.228701351659851	1.20665864377411	0.397103502233581	0.459888098302917	0.180830965063171	0.417807347875671	0.558934560033875	1.03977273618134	0.671750088720398	0.825113992101746	1.19141713998993	0.296968161108093	0.0856537032833862	0.0704601700192261	0.396576987829285	0.374760392553406	0.732699557043152	0.962264776159363	1.04582722775848	0.382698541235046	0.493437556921081	0.117513799169617	0.406637454809265	0.379165002416687	-0.345008812158508	0.368794046423035	0.365447163366394	0.735637044408874	-0.0253961570071411	1.06774628378876	-0.00616811776153559	0.675308125463562	0.322137489477234	1.06614323239716	0.371677989599304	0.170331214208679	0.180850691381531	0.42167812851532	0.40328908164032	0.44007062851532	0.42167812851532	1.01581247804266	0.42772962851532	0.418303087632507	0.284836911882507
cg07295362-2-3061128	0.393577470068054	0.357304974828796	0.870955809057312	0.234186150854187	0.476964393224792	0.761505558813171	0.418763736974792	0.112101672277527	0.389668506933289	0.381924760473328	0.270673607275085	0.479701032934265	0.420858055761414	0.43904130026825	1.01271367648895	0.40777277103241	0.75198330051239	0.451533961950378	0.436095346105652	0.841208202062683	-0.281432247705384	0.498690169408874	0.417732333349304	0.914670104528504	1.08083679251678	0.107411882055359	0.328573777990417	0.445725753393249	-0.32442067592804	0.831568120763855	-0.446828711572571	0.335799173803406	-0.482579620141907	0.371714272924499	0.393997354894714	0.70457326523407	0.344622557348328	0.3901514158078	0.0142910118771362	0.54860087863739	-0.12407173855011	-0.0376225263919067	0.652343649755554	0.666708002294617	0.511207905675964	0.430801053564148	0.305875074682312	0.426342616857605	0.380131083593445	0.606339901403503	0.352850306127624	0.94442147061737	0.146395689733582	0.652734141332703	0.979469454809265	1.0200854704953	0.421666712743835	-0.0782466316165162	0.381178915990906	0.48236710141571	0.350350959997253	0.375000076940613	1.05692595798309	0.0118587565670777	0.534002197362976	0.641327795812683	0.527502039037781	0.379583403051453	1.02251614597137	0.487481903173523	0.481694127782898	-0.0140843950442505	0.42167812851532	0.55551058164032	0.28784912851532	0.42167812851532	0.820459241136414	0.46235139160907	-0.398189149273742	0.383652504976257
cg07323648-17-35291127	0.453621682836609	0.401550187597351	0.182702021825867	0.487943363622742	0.556783605993347	0.923710771581726	0.470531949743347	0.368921885046082	0.457411719701843	0.00856997324188224	0.28304182004364	0.54872624570282	0.369074268529968	0.431101513036804	0.908903889257507	0.390208983800964	0.677920513280945	0.410240174718933	0.386051558874207	0.372153414831238	0.475231965063171	0.971753382177429	0.339219546117859	0.335875317297058	0.381246005285339	-0.0327449051760865	0.366296990758972	0.116657966161804	0.438397536840515	0.36354333353241	0.472441501195984	0.37375438657196	0.487086592626648	0.364217485693054	0.433230567663269	0.934321478002625	1.27853577011688	0.471784628576355	0.113066224645691	-0.250106908594055	0.430742474218445	0.742369686376648	0.281666862524109	0.678448215063171	0.462152118444519	0.841157266332703	0.472830287450867	0.43792982962616	0.643629296362	0.375908114172058	0.443709518896179	0.362850683385925	0.222830902502136	0.655424354101257	0.38189166757782	0.377266683263855	-0.32312107448761	0.715994581152039	0.45165412875946	0.559901314184265	0.377832172765808	0.370021289709167	0.257821170751648	-0.0923860306643677	0.269157410131531	0.695382008581238	0.352360251806335	-0.252134384179992	0.378286358739929	0.915804115942078	0.431815340551453	0.445004817724304	0.42167812851532	0.47350208164032	0.36985762851532	0.42167812851532	0.366431651995789	0.484337802468445	0.482165261585632	-0.0632962551643676
cg07363543-1-224691275	-0.184050544214172	0.42244196054657	0.107607794775085	-0.0943538634280395	-0.115239621057434	0.438162544530945	0.447104722692566	0.1503436579953	0.408352492651062	-0.315239253808899	0.306285592992859	-0.0895479813479614	0.623572041479187	0.459910285986023	0.833558662206726	0.457485756750183	0.0670032862301636	0.423123947668152	0.460347331823425	0.436853187780457	0.40059673801239	0.427826155126648	0.461465319067078	0.428959090246277	1.05109577823456	0.706704867773132	0.391357763708191	0.500885739111023	0.450523309789734	0.408779106481628	0.247463274145203	0.412571159521179	0.410737365575867	0.417115258642273	0.442845340612488	1.00728525095184	0.393306543066101	0.333793401525574	0.80810999759491	0.560788864355164	0.00904624716766361	0.689171459325867	0.983337635473328	-0.10776101198761	0.875598891393738	0.369616039281921	-0.204156939599915	0.465499602575378	0.0774140693112183	0.685720887121277	0.396281291845398	0.420751456335144	0.168087675451355	0.680100127050476	0.404463440527039	0.405987456213074	0.468788698461609	0.251086354101257	0.104452901708679	0.400075087133484	0.615997945715027	1.07349706265839	0.950745943700867	-0.0673072577151489	0.889627183080749	-0.0135732184695434	0.394203024755554	0.424333388769226	1.02998813168915	0.392674888891296	0.506903113500671	0.527304590673523	0.42167812851532	0.50599458164032	0.33736512851532	0.42167812851532	0.332758151995789	0.518011302468445	-0.102599238414368	0.667984976835632
cg07382435-1-50880864	0.435900865575867	0.657781370336609	0.0949122045651247	0.440859546362	0.057428788732605	0.435095954320984	0.387792132482605	0.0898330677853394	0.409290902441101	0.45168415598114	1.0112640027829	0.518762428442078	1.17881945126923	0.414552695776062	0.284886071996765	0.431146166540222	0.229317696020203	0.421880357458191	0.460967741613464	0.335593597570496	0.375283147802429	0.441785564916687	0.419643728857117	0.394249500036316	0.405710188024597	0.619718277563171	0.32220517349823	0.177331148901062	0.449042719579773	0.408619516271667	0.431895683935242	0.337902569311218	0.378364775365906	0.339336668432312	0.405665750402527	0.444891660741882	0.45723595285614	0.379408811315613	0.785267407384949	0.541930274145203	0.394671656957703	0.736805869115906	0.305731045263367	0.656945397802429	0.810192301183777	1.16973344907196	0.393467470190125	0.461280012365417	0.0185364791012573	0.378194296911316	0.341289701635437	0.422975866125183	0.588648085241394	1.06958153684052	0.639375850317078	0.392474866003113	0.405593108251648	-0.197345236108704	0.378934311498718	0.465808496923523	0.368846355505066	1.08868847244843	1.05775535349091	0.61587915207489	0.992996592870789	0.770865191320496	0.390762434545593	0.385242798559265	1.07340754147919	0.400268298681335	0.47437952329071	0.00476700046356199	0.42167812851532	0.43315308164032	0.41020662851532	0.42167812851532	0.223433676136414	0.39945682660907	0.468043285726257	0.446547069976257
cg07505018-16-54968831	-0.239586515649719	0.417673989111023	0.0156768233395385	0.458748165136413	0.107782407507019	0.368809573095398	0.437975751257019	0.639252686559753	0.456019521215515	-0.110523225244446	0.258127621557312	0.276488047216492	0.68076207004364	0.421560314550476	0.673720690771179	0.450271785314636	0.279690314794617	0.493690976232605	0.572779360387878	0.43463421634491	0.396637766576843	0.403994183691101	0.423196347631531	0.38488111881073	0.817566806799011	0.458100896337585	0.671476792272644	0.372188767675476	-0.280203661645813	0.368697135046081	0.374319302709656	0.738105188085632	0.37910439414032	0.371667287206726	0.424670369176941	0.630049279516296	0.880141571630554	0.422024430090027	0.772762026159363	0.130902892919616	0.433384275732117	0.53607848789032	0.892172664037781	0.593030016576843	0.822559919958191	0.713121067846374	0.419360088964539	-0.188970368860169	0.902055097875671	1.14753991568573	0.341293320409851	0.382837484899597	0.159860704015808	0.216478155614929	0.337565469091492	0.347547484777527	-0.400520272973938	0.66688538266571	0.374057930273132	0.488515115697937	0.43272197427948	0.358688091222839	1.08594697226532	0.467745770849304	0.743390211645203	-0.0620931899050904	0.417968053320007	0.0131904173336791	0.386190160253601	0.384931917455749	0.0640761420651244	0.617719619237976	0.42167812851532	0.44475858164032	0.39860112851532	0.42167812851532	0.625870869636414	0.35320602010907	0.285459479226257	0.492797876476257
cg07708622-1-21763251	0.499477712377625	0.368530217138367	0.932772051366882	0.509572393163757	0.515329635534363	0.373360801122742	0.450752979284363	0.130347914587097	0.449729749242859	0.177669002782898	0.233171849584656	0.467588275243836	0.349245298070984	0.46727254257782	0.211741918798523	0.38631901334198	0.33902254282196	0.459860204259949	0.347470588415222	0.375922444372253	0.448678994604187	0.361665411718445	0.475176575658875	0.346306346838074	0.352300034826355	0.669068124364929	0.569754020299988	0.55604999570282	0.0121385663815308	0.391150363073425	0.481792530737	0.386367416112976	0.456160622167664	0.37715951523407	0.476784597204285	0.21117050754364	0.371675799657898	0.448389658117371	0.830051254186707	-0.24305787905304	0.47915550375946	0.146897715917664	0.279090892065125	0.691629244604187	0.0160311479855347	1.22167329587372	0.452294316991882	0.503709859167175	0.721106325903015	0.356430143713074	0.340100548437195	0.342709712926941	0.477284932043152	0.205724383642273	0.586912697118835	0.360158712804871	0.498424955053406	0.699131610693054	0.448879158300476	0.569964343725281	0.991489202306824	0.353361319250183	0.225557200292664	0.572197998876648	0.253041439672546	0.434213038122253	0.409215281347351	0.451832645361023	0.355872388280945	0.384206145483093	0.472575370092468	0.0145398472653198	0.42167812851532	0.55222458164032	0.29113512851532	0.42167812851532	0.482341227675476	0.241434378148132	0.44682383726532	0.39611342451532
cg07783843-2-176997311	0.10933738266571	1.19140888742645	0.866108721654968	0.452863063451843	-0.420301694177551	0.349987471410828	0.270900649572449	0.738646584875183	0.422381419530945	-0.322481326929016	0.990205519872742	0.541749945531921	1.09552896835907	-0.401339787134094	1.03135358908661	0.409523683630066	0.809705213110046	0.427109874548035	0.374365258703308	0.420263114660339	-0.523707335107727	0.462257082006531	-0.19829775405304	0.31249301712616	1.17893370511444	-0.221753205346985	0.320272690588074	0.147455665990906	0.461227236669617	1.19847403336151	-0.397614798974915	0.405309086401062	-0.51465470754425	0.358723185522156	0.158793267492371	0.152260177831726	1.21274446994598	-0.505873671594543	0.498005924474792	0.541299791235046	-0.492719825952454	0.72025738620575	1.04993556235321	0.662465914892273	0.771460818273621	1.1639829661618	0.380688987279968	0.501080529455261	0.889121996191101	1.16553881400116	1.18605221872528	0.995397383215027	0.967719602331238	0.215546053930359	0.486027367406921	1.03818538309296	0.416419625341492	0.65693728098114	-0.515637171411438	0.485432014013367	0.33136787259491	0.349598989538269	1.06014387058075	-0.0986813308352661	0.314796109960632	-0.0898992915896606	1.07317895163544	0.222188315649109	0.496697058569031	0.327604815771179	-0.354840959619446	-0.0305874824465943	0.42167812851532	-0.0310214183596801	0.87438112851532	0.42167812851532	0.204003158636414	0.47395130910907	0.624563768226257	0.372052587476257
cg07809831-16-48428016	0.436317225927429	0.373728730688171	0.883458564916687	0.452042906713562	0.486607149084168	0.460072314672546	0.414900492834167	0.577886428136902	0.372760262792664	0.457587516332703	1.08294136313446	-0.23494521120636	0.413842811620789	0.468754056127625	0.320245432348328	0.421339526891785	0.0820340563717651	0.459166717809753	0.717741101965027	0.868533957922058	0.371393508153992	0.49980492526825	0.455471089208679	0.402016860387878	0.38114454837616	0.450200637914734	0.321146533849792	0.455214509252625	0.271228079931335	0.28695687662323	0.379574044286804	0.280427929662781	0.348730135717468	0.381698028783875	0.432048110754089	0.640460021093445	0.267777313207703	0.243371171667175	-0.0739462322634888	-0.160097365503235	0.406474017309265	0.127715229467468	0.681918405614929	-0.163680241846008	0.743851661535339	0.301008809423523	0.390162830541687	0.54679837271698	0.87422583945282	0.385843657262878	0.322208061987	0.488952226476746	0.104367445592957	1.06953389719208	0.68428521066864	0.577137226354675	0.0693434686032104	0.642054124242859	0.344233671850281	0.482030857275085	1.19556571585663	0.961304832799988	1.05951071384247	0.210571512426453	0.261681953222351	0.800976551672058	0.530742794897156	0.408857158910828	0.46662690183075	0.421913659032898	0.518648883642273	-0.0584616391848756	0.42167812851532	0.21134208164032	0.63201762851532	0.42167812851532	0.226751651995789	0.624017802468445	-0.0651747384143677	0.705971248835632
cg07835424-2-200327334	0.457917517065125	0.373939021825867	0.876825856054382	0.468807197851257	0.270368440221863	0.366870605810242	0.421226783971863	0.440991719274597	0.364917553930359	0.250852807470398	0.838393654272156	0.482208079931336	1.07079110275848	0.41970334726532	0.461865723486023	0.42147681802948	0.481399347509461	0.387148008947449	0.350489393102722	0.354628249059753	0.455739799291687	0.369553216405945	0.414359380346375	0.341846151525574	0.355826839513855	0.462542929052429	0.352477824987488	0.55618980039032	0.434387371069031	0.994315167760925	0.4678843354245	0.362082220800476	0.458593426855164	0.35625831992157	0.417721401891785	0.23940131223114	1.2671036043454	0.411576462804871	0.579965058874207	0.0843899256344605	0.473151308446961	0.236595520605164	0.806763696752625	0.648554049291687	0.844290952673035	0.330198100561218	0.445764121679382	0.380301663854675	0.939152130590515	0.361554948400574	0.352221353124695	0.354129517614441	0.282273736730652	1.08523818832977	0.434197501806335	0.356293517492371	-0.0636682402590942	0.660977415380554	0.427872962987976	0.529665148412781	0.424822006994324	0.351460123937683	0.225811004980164	0.334780803564148	0.793161244360046	0.461189842809753	0.940782086034851	0.390008450048523	0.354495192968445	0.359249950170593	0.449284174779968	0.0163256519528198	0.42167812851532	0.31879658164032	0.52456312851532	0.42167812851532	0.254703478042664	0.39534162851532	0.450691087632507	0.539518882882507
cg07926733-2-74208590	0.068951201269226	0.436265706029968	0.089021540258484	0.148293882055359	0.582443124425964	0.448363290014343	0.496120468175964	0.373107403478699	0.49020623813446	-0.3250205083255	0.360792338476257	0.546847764135437	0.409896786962585	0.0330370314694214	0.292037407690125	-0.281567497766418	0.496446031713562	0.41491369315155	0.482881077306824	0.410650933263855	0.275824483495789	0.435084900610046	0.484703064550476	0.943350835729675	0.431050523717957	-0.129791386743469	0.478953509191589	0.490743484594421	0.450039055273132	0.428657851965027	-0.332511980371399	1.25879490500458	0.432564111059265	0.416247004125671	0.455418086095886	0.399752996435242	0.4234792885495	0.145180147008972	0.174951743078308	-0.221945390161438	0.254506992651062	0.00506220480926511	0.329277380956726	0.704512733495789	0.0147276368771362	0.41854878476532	0.517728805883484	0.419801348058777	0.386456814794617	0.417534632604675	1.0498790373288	0.913073201818542	0.926044420934753	0.738751872533874	0.467044186010437	0.421492201696472	0.215822443945007	0.691298099584656	0.507901647192078	-0.299876167383118	0.556894691198425	1.01507280814178	0.325230689184265	0.54388048776825	0.312753928564148	0.779029527013855	0.415095770238953	0.501149134252625	0.415335877172546	0.951226634374695	0.51569085898407	0.377238336156921	0.42167812851532	0.49544408164032	0.34791562851532	0.42167812851532	0.947493501675476	0.249704652148132	0.41586711126532	0.42707015051532
cg07931391-13-100608263	0.526144530248718	0.435174035009461	0.713550869237976	0.511924211034851	0.598662453405457	0.435544618993836	0.419381797155456	0.119533732458191	0.493692567113953	0.362656820653992	0.30256666745575	0.470200093114929	0.670458115942078	0.436653360448914	0.279796736669617	0.455294831213074	0.102271360693054	0.510815022131042	0.407458406286316	0.425226262243347	0.539029812475281	0.419830229589539	0.436909393529968	0.520830164709168	0.413110852697449	0.718679942236023	0.413537838171082	0.174623813573914	-0.284304615747376	0.418307180944519	0.450054348608093	0.43539523398407	0.539848440038757	0.416954333105164	0.500480415075378	0.224111325414734	0.419200617528992	0.494618475988464	0.0224500720578004	0.646061938818054	0.552519321630554	-0.0467194662112426	0.342197709936218	-0.0655869375247192	0.0276769658566285	0.403512113744812	0.525125134862976	0.483321677038269	0.155890143774109	0.878319961584168	0.433232366308289	0.393870530798035	0.193928749914246	0.348246201513367	0.418096514989929	0.425272530675964	0.4275787729245	0.751742428564148	0.47416797617157	0.586825161596374	0.423896020177918	0.414504137121277	0.361979018163757	0.470978816747742	0.32281325754364	0.0329988559933473	0.411809099218445	0.490448463232117	0.420358206152039	0.416019963354187	0.295713187963562	0.0651466651364136	0.42167812851532	0.51296658164032	0.33039312851532	0.42167812851532	0.179963308136414	0.38219545860907	0.488678917726257	0.463808437976257
cg08003353-13-31407120	0.499518205907898	0.42380571066864	0.0946375448971558	0.379926886694031	-0.341884870935364	0.405662294653015	0.476966472814636	0.773337408117371	0.504200242773132	0.0745724963131714	0.307119343114929	0.181112768774109	0.447231791601257	0.512954036108093	1.0299774123288	0.523589506872253	0.155522036352234	0.548218697790222	0.460116081945496	0.428912937902527	-0.45311851186554	0.419748905248718	0.524016069189148	0.384596840368347	0.386092528356628	0.727835617895203	0.367286513830261	0.134178489233093	0.525423059911804	0.381497856603699	-0.363969975732727	0.38400490964325	0.487611115697937	0.408696008764343	0.494001090734558	0.263080001073914	0.399742293188171	0.467817151647644	0.89773274771698	-0.212842385522766	0.504887997289734	0.665097209447937	1.1105223855954	-0.0949462618655394	0.542465641515808	0.352539789403992	-0.448512189477844	0.619347352697449	0.0760748194332886	0.761715637243347	0.399108041967468	0.406134206457214	0.156758425573425	1.15005987717255	0.462364190649109	0.418569206335144	0.536615448583679	-0.144943895776672	0.470272651830749	0.577339837255554	0.488417695837097	0.420575812780457	1.10487769382294	0.0824824924069214	1.18665293320282	0.878518531652527	0.415731774877625	0.497463138891296	0.404566881811218	0.378690639013367	0.573922863622742	0.0204553407955932	0.42167812851532	0.42540958164032	0.41795012851532	0.42167812851532	0.311877651995789	0.538891802468445	-0.111205738414368	0.718326168835632
cg08062049-2-121427380	-0.390183881006165	0.366233623754578	0.0331644579830933	-0.386236200220032	-0.372908957849426	0.927145207738953	0.455762385900574	0.122031321203308	0.46535915585907	0.0304374093991089	0.213809256200867	0.401430681860046	0.482917704687195	0.346944949194031	1.03481732541473	0.473751419958191	0.585306949438172	-0.21752438912384	0.742061995031433	0.361611850988464	-0.330579598779602	0.977095818334656	0.398082982275085	0.425365753454285	0.364821441442566	0.70591753098114	0.477380426916199	0.128711402319031	-0.123137027002258	0.897466769689636	0.0972079373532105	1.25049582272919	0.448946028783875	0.823580921850281	0.414408003820496	0.566489914159851	0.339383206274109	0.0637920647335816	0.702000660802917	0.112819527563171	0.460348910375671	0.791418122533875	0.946482298681335	0.578863651220398	-0.0531454453982544	0.315890702489929	-0.116859276391907	0.0583922657833862	0.0161017325192261	1.03438055032928	1.16103795505341	0.418231119543152	0.497721338659363	1.06628179025848	0.827193103735046	0.367016119421082	0.409482361669617	0.587739017309265	-0.493263435083313	-0.149703249658508	1.26417260892303	1.11646072586639	0.221336606908875	0.584525405492859	1.11317484628876	0.436272444738464	0.513812687963562	0.423603051977234	0.375589794897156	0.356907552099304	0.141953776708679	0.921613253881531	0.42167812851532	0.22741058164032	0.61594912851532	0.42167812851532	0.874832394175476	0.222362544648132	0.41657300376532	0.42636425801532
cg08079908-2-176997277	0.0899144927731325	1.22918199753387	0.89818583176239	0.480497173559265	-0.401743584070129	0.34500058151825	0.210258759679871	0.770269694982605	0.426109529638367	-0.371899216821594	1.01666562998016	0.549680055639343	1.14998707846649	-0.410982677026672	1.05119269919403	0.451803793737488	0.764908323217468	0.469120984655457	0.33260136881073	0.357774224767761	-0.502395225000305	0.348952192113953	-0.305832643945618	0.304317127233582	1.19841381522186	-0.217000095239563	0.328707800695496	0.0971407760983277	0.481978346777039	1.23916714346893	-0.423933688867493	0.356023196508484	-0.498793597436829	0.328619295629578	0.0949933775997925	0.140333287939148	1.23994258005341	-0.474158561487122	0.414899034582214	0.581201901342468	-0.474548715845032	0.761178496313172	1.03052167246063	0.678128024999695	0.848783928381043	1.18491807626923	0.43900609738739	0.464873639562683	0.914288106298523	1.20754492410858	1.2172983288327	1.01600949332245	0.99051571243866	0.205108164037781	0.380263477514343	1.00214149320038	0.441992735448914	0.701297391088562	-0.512670061304016	0.525242124120789	0.337237982702332	0.329401099645691	1.05186298068817	-0.134076220727844	0.261561220068054	-0.0743041814822387	1.05906306174286	0.0689914257565308	0.431788168676453	0.347172925878601	-0.356197849512024	-0.0156433723391723	0.42167812851532	0.0483790816403198	0.79498062851532	0.42167812851532	0.278054683636414	0.47951083410907	0.642610293226257	0.366493062476257
cg08217163-2-66809959	-0.165727529931946	0.494111974828796	0.883528809057312	-0.348319849145813	-0.301081606775208	0.422187558813171	0.447835736974792	0.763737672277527	0.384183506933288	0.396395760473328	0.865085607275085	-0.120586967065735	0.666054055761414	0.502771300268249	0.615745676488953	0.43696177103241	0.58978530051239	0.301475961950378	0.377386346105652	0.417017202062683	0.427669752294617	0.435321169408874	0.503785333349304	1.0031731045285	0.899111792516785	0.0631628820553587	1.12308977799042	0.546544753393249	0.47109632407196	0.412489120763855	0.393311288427429	0.998463173803406	0.0875243798580932	1.2148352729245	0.454768354894714	0.29564226523407	0.412726557348328	0.4072144158078	0.846064011877136	0.55833587863739	0.46013526144989	-0.0675485263919068	0.309164649755554	-0.100259997705383	0.848302905675964	0.373918053564148	0.420795074682312	0.490117616857605	0.0713310835934447	1.1784199014035	1.21050230612762	0.388052470617371	0.972752689733581	0.275822141332703	1.15129245480927	0.4084174704953	0.397884712743835	-0.141961631616516	0.427434915990906	0.51601910141571	1.18368695999725	0.406581076940613	0.264727957983093	-0.0778172434329225	0.387838197362976	0.753237795812683	0.378832039037781	0.375342403051453	1.12275514597137	0.414344903173523	0.366596127782898	0.0635206049557494	0.42167812851532	0.20128608164032	0.64207362851532	0.42167812851532	0.919441493636414	0.39448664410907	-0.266710896773742	0.451517252476257
cg08227526-4-155663529	0.520539369115906	0.446912873876648	0.136643708105164	0.535763049902039	0.229428292272644	0.442115457861023	0.469950636022644	0.101653571325378	0.50983040598114	0.544457659521179	0.792802506322937	0.483087931982117	0.406768954809265	0.533914199316101	0.263367575536804	0.522278670080261	0.0712651995602418	0.52341986099823	0.390712245153503	0.430040101110535	0.469646651342468	0.429062068456726	0.508212232397156	0.360357003576355	0.412929691564636	0.52707678110321	0.396589677038269	0.338329652441101	-0.308505776880188	0.413439019811707	0.525387187475281	0.512981072851257	-0.410627721094055	0.435219171972351	0.365692253942566	0.240177164281921	1.30111245639618	0.485380314855652	0.193551910924988	-0.228153222314758	-0.348696839502258	0.145970372655945	0.322166548803406	-0.0954030986575316	0.914590804723816	0.404196952612	-0.230428026269836	0.454274515905457	0.975209982641296	0.467175800451355	0.417180205175476	0.403394369665222	0.191506588781433	0.403954040380554	0.456183353857117	0.412131369543152	0.511890611791687	0.214020267431335	0.481911815038757	-0.138941999536438	0.419782859045105	0.423087975988464	1.07601885703094	0.569325655614929	0.325309096410828	0.772087694860535	0.396784938085632	0.419934302099304	0.442328045019226	0.440178802221375	0.535357026830749	0.0482175040036011	0.42167812851532	0.34536858164032	0.49799112851532	0.42167812851532	0.150943887136414	0.33234903760907	0.547886496726257	0.513654858976257
cg08231870-10-103070372	0.478247567236023	0.335865071996765	0.207690906225281	0.371578248022156	0.107336490392761	0.34220465598114	0.458403834142761	0.653769769445496	0.442175604101257	0.471165857641296	0.778263704443054	0.497154130102234	0.389505152929382	0.465475397436218	0.422051773656921	0.458652868200378	0.605100397680359	0.460511059118347	0.311351443273621	0.331912299230652	0.433844849462585	0.329019266576843	0.469920430517273	0.285126201696472	0.324962889684753	0.460669979223328	0.317221875158386	0.0888328505612181	0.515521421239929	0.393774217931824	0.399389385595398	0.497027270971374	0.446091477026062	0.422130370092468	0.460155452062683	0.721461362402039	0.321188654516296	0.446461512975769	0.659060109045105	0.585938975805359	0.444320358617859	0.721095570776062	0.268139746923523	-0.0597939005374147	0.098974002843933	0.306069150732117	0.444874171850281	0.468437714025574	0.00059918076141352	0.326070998571472	0.638303403295593	0.324319567785339	0.23465278690155	0.190940238500671	0.341335551977234	0.321056567663269	0.486689809911804	0.315839465551453	0.438415013158874	-0.396197801416321	0.326060057165222	0.873517174108581	0.183987055151062	0.342175853735046	0.666061294530945	0.534201892980652	0.314742136205749	0.447846500219421	0.326097243139343	0.323457000341492	0.542647224950867	0.662689702123718	0.42167812851532	0.50711208164032	0.33624762851532	0.42167812851532	0.321703151995789	0.529066302468445	0.762635761585632	0.0770905848356323
cg08364561-11-31846844	0.563183331396179	0.431321836156921	0.090799670385437	0.569921012182312	-0.321374745447083	0.418475420141296	0.506778598302917	0.669965533605652	0.503860368261414	0.521867621801453	0.83582346860321	0.28626489426239	0.402863917089539	0.519844161596374	0.428086537817078	0.375019632360535	0.0698161618405152	0.561614823278503	0.493169207433777	0.481476063390808	0.518156613622742	0.411383030736999	0.559393194677429	0.370321965856628	0.48074265384491	0.486950743383484	0.431905639318542	0.479252614721375	-0.0951888145999147	0.41125498209198	0.109498149755554	0.432768035131531	0.534329241186218	0.412279134252625	0.551250216222839	0.365326126562195	0.404583418676453	0.537237277135925	0.184353873205261	0.214287739965515	0.532621122778015	0.793874334936218	0.333754511083679	0.213840863622742	0.800591767004089	0.381852914892273	0.520527936010437	-0.25285552181427	0.17356594492157	0.415335762731628	0.58464916745575	0.449881331945496	0.982786551061706	0.261851002660828	0.40465031613739	0.426507331823425	0.0309785740719605	0.776270229711609	0.518153777319031	0.624091962743835	0.403409821325378	0.405214938268738	0.270043819311218	-0.0204863821047974	0.923367058691101	-0.00203034285919179	0.407374900365906	0.354096264379578	0.4186710072995	0.635211764501648	-0.238474010888977	0.207055466283875	0.42167812851532	0.00658658164031983	0.83677312851532	0.42167812851532	0.761221478042664	0.33332862851532	0.512704087632507	-0.0419573621174926
cg08370146-11-31849262	0.478702592016297	0.415828096777039	0.103903931005554	0.465034272802429	0.0100645151730347	0.942041680761413	0.390362858923035	0.431551794225769	0.424214628881531	0.35679188242157	0.402453729223328	0.366827154882507	0.431343177709656	0.468662422216492	0.446254798437195	0.453571892980652	0.139330422460632	0.441892083898621	0.438461468053894	0.421221324010925	0.445525874242859	0.463782291357117	0.459999455297546	0.377794226476746	0.428640914465027	0.071132004003601	0.90974589993866	0.209314875341492	0.461678446020203	0.404166242712097	0.379494410375671	0.426141295751648	0.473945501806335	0.413280394872742	0.460703476842957	0.340504387182312	0.41981067929657	0.439313537756042	0.761974133825378	-0.244974999414368	0.453506383398132	0.0482835955563354	0.765739771703796	0.0080271242428589	0.759943027624207	0.39702117551239	0.172310196630554	0.463553738805847	0.0893042055416871	0.435083023351746	0.405927428075867	0.415807592565613	0.324884811681824	1.11485326328094	1.08816057675751	0.452917592443542	-0.382620165307923	0.656850490331726	0.433770037939148	0.529306223363953	0.492500081945496	0.407963198888855	0.984210079931335	-0.0198501214846802	0.403397319311218	0.327828917760925	0.422969160986023	0.175350524999695	0.396520267919617	0.404847025121765	-0.21663675026886	0.113230726903992	0.42167812851532	0.28940608164032	0.55395362851532	0.42167812851532	0.155983978042664	0.37924312851532	0.466789587632507	0.479306150882507
cg08445802-6-85482612	0.474847831396179	0.647912336156921	0.0680441703854371	0.534313512182312	0.232648754552918	0.421199920141296	0.452868098302917	0.831105033605652	0.453648868261414	0.315147121801453	1.03011396860321	-0.20416060573761	0.583782417089539	0.501851661596375	1.00651903781708	0.468127132360535	0.168528661840515	-0.337928676721497	0.438121707433777	0.364553563390808	0.457721113622742	0.782185530737	0.227630694677429	0.367961465856628	0.38495915384491	0.625072243383484	0.383899139318542	0.120835114721375	0.362315685400085	1.22164548209198	0.479013649755554	0.383134535131531	-0.392234258813782	0.400226634252625	0.466304716222839	0.358554626562195	1.28506191867645	0.477523777135925	0.188376373205261	-0.233802760034485	0.144674622778015	0.480579834936218	0.383153011083679	-0.108197636377258	0.467691267004089	1.24965641489227	0.468380436010437	-0.12853102181427	0.16918244492157	0.425489262731628	0.36618666745575	0.375148831945496	0.883990051061707	0.431174502660828	0.39775481613739	0.423782831823425	-0.36339392592804	0.437530729711609	0.446968277319031	-0.334172537256165	0.833514321325378	0.386850438268738	1.13851931931122	0.479325117895203	1.1470905586911	0.0688731571408082	0.405346400365906	0.406341764379578	0.615764507299499	0.381811264501648	-0.271746510888977	0.878068966283875	0.42167812851532	0.51753708164032	0.32582262851532	0.42167812851532	0.118900478042664	0.36489662851532	0.481136087632507	0.501780591882507
cg08474164-2-177503596	-0.441114372217102	0.35775713254364	0.0115069667721557	-0.447398691430969	-0.400195449060364	0.809021716528015	-0.456926105310364	0.749465829992371	0.383266664648132	-0.374059081811829	0.666243764989929	0.457899190649109	1.11370221347626	-0.425081542016907	0.979596834203796	0.379832928747253	0.817455458227234	-0.327761880334778	0.335250503820496	0.373751359777527	-0.50709208999054	1.04933032712372	-0.436315508935852	0.988704262243347	0.476431950231628	-0.223162960229797	1.10289493570526	0.579396911108093	-0.166450518213196	0.353548278478699	0.331306446142273	0.51633933151825	-0.498233462427063	1.18197843063934	-0.447196487390442	0.968259422948914	1.16902471506317	-0.487025426477356	0.72092216959198	0.533552036352234	-0.500488580835266	0.713455631322937	0.983413807470398	-0.185155839990539	-0.0740779366091919	0.735153211278992	-0.534670767602844	0.374088774572449	0.0235962413082885	0.483151059118347	1.12813446384247	0.933767628332214	0.923050847448425	1.02132329904755	1.12886361252411	1.05323062821014	0.361343870458679	-0.218525473901672	-0.48482892629425	-0.392750740869446	0.640459117712097	0.681710234655457	0.200326115697937	0.555005914281921	0.35706635507782	0.734700953527527	1.07181219675262	0.378515560766296	0.989000303686218	0.883041060888367	0.337725285497742	0.837887762670593	0.42167812851532	0.34661808164032	0.49674162851532	0.42167812851532	0.646069873628601	0.864732024101257	0.0312664832184449	0.201604126468445
cg08518631-10-102905681	0.424513065160828	0.42887456992157	0.882430404150085	-0.33398525405304	0.476852988317566	0.430018153905945	0.448253332067566	0.1104852673703	0.421995102026062	0.0486803555661011	0.563907202367859	0.419402628027039	0.405554650854187	0.406618895361023	0.279822271581726	0.414388366125183	0.597163895605164	0.400110557043152	0.401611941198425	0.418925797155457	0.48445334738739	0.419369764501648	0.421009928442078	0.382858699621277	0.422289387609558	0.661748477148132	0.482891373083191	0.354503348486023	0.0815399191647339	0.913175715856629	0.459210883520203	0.421307768896179	0.507079974950867	0.434051868017273	0.449587949987488	0.354712860326843	0.417284152441101	0.448637010900574	0.16683860696991	-0.207274526269836	0.514157856542664	0.735575068700867	0.343539244848328	0.49980959738739	0.819193500768738	0.388621648656921	0.461513669775086	0.485323211950378	0.0931206786862184	0.423712496496277	0.415319901220398	0.525620065710144	0.546139284826355	0.862586736425476	0.430136049902039	0.418693065588074	-0.095933692163391	0.373336963476257	0.482214511083679	-0.281209303491516	0.419882555090027	0.417796672033386	0.321489553075867	0.342644351659851	0.31400779245575	0.728244390905457	0.444093634130554	0.431326998144226	0.420598741064148	0.432457498266296	0.447409722875671	0.074122200048523	0.42167812851532	0.46977308164032	0.37358662851532	0.42167812851532	0.587135978042663	0.37823312851532	0.467799587632507	0.231175369882507
cg08572315-2-85133831	0.00235168295867921	0.380306187719421	0.0602520219479371	0.426387363744812	-0.359609393884582	0.372963771703796	0.0687709498654174	0.0419118851681519	0.424678719823914	0.376933973363953	0.23067282016571	0.53871924582489	1.13291526865204	0.116986513158875	0.225794889379578	-0.415804016076965	0.623332513403015	0.446805174841003	0.375067558996277	1.14899941495331	-0.375367034814758	0.3876883822995	-0.297934453760071	1.07438631741913	0.49656200540741	0.678036094945984	1.21013999088104	0.777616966283874	0.446279536962585	0.39836733365448	0.452764501318054	0.984933386694031	-0.0441894072512817	1.14832848581512	-0.31007643221466	0.845592478124695	1.22765877023895	-0.374185371301575	0.360686224767761	-0.276947908471985	-0.0314805256594848	-0.105032313501281	0.321795862646179	0.565351215185242	-0.0145588814334106	0.336448266454773	-0.253514712427063	-0.28446217025177	0.0684332964840699	1.14693411429413	0.41139551901825	0.594979683507996	0.553092902624207	1.04519035422333	1.06626866769989	0.375301683385925	0.439432925634461	0.462278581274109	-0.244756871118469	0.504766314306335	1.19951217288788	1.11399028983124	0.257628170873718	0.642218969457703	0.708143410253601	0.793185008703308	0.583200251928406	0.416053615942078	0.385284358862	1.12007111606415	0.501850340673523	0.845523817846374	0.42167812851532	0.20949558164032	0.63386412851532	0.42167812851532	0.901361507675476	0.352153658148132	0.42017611726532	0.42276114451532
cg08670288-10-124899894	0.385425010961609	0.412601515722351	0.840914349950867	0.429839691747742	0.492500934118347	0.455714099706726	0.390544277868347	0.132817213171082	0.398963047826843	0.429058301366882	0.42425814816864	0.45739957382782	0.435867596654968	0.352093841161804	0.555168217382507	-0.126375688074036	0.0852728414059449	0.426412502843933	0.491289886999207	0.402130742956238	0.370600293188171	0.445871710302429	0.398231874242859	0.652162645422058	0.397444333410339	-0.156088577051086	0.393670318883972	0.711526294286804	0.451523864965515	0.44351066165741	0.241821829320984	0.434346714696961	0.086362920751648	0.392894813818054	0.154159895788269	0.485546806127625	0.651538098241882	0.407611956701355	0.046980552770691	-0.214563580469055	0.419252802343445	0.767612014501648	0.958225190649109	0.619485543188172	0.791261446569519	0.396908594457703	0.408881615575867	0.43326515775116	0.0832866244869996	0.493400442297058	0.385634847021179	0.392126011510925	0.499855230627136	1.06047968222626	0.39503399570282	0.423512011388855	0.43761325363739	0.457573909277039	0.38470845688446	0.489993642309265	0.532995500890808	0.390265617834168	0.460536498876648	0.139505297460632	0.292611738256531	0.747728336706238	0.405797579931336	0.395107943945007	0.438602686864929	0.396176444067078	0.461250668676453	0.0498821458493042	0.42167812851532	0.49212108164032	0.35123862851532	0.42167812851532	0.648593035136414	0.52389218560907	-0.0322003552737426	0.322111710976257
cg08732352-7-35298391	0.43138124960907	0.407823754369812	0.894055588598328	0.416565930395203	0.474209172765808	0.485587338354187	0.422010516515808	0.311603451818543	0.409132286474304	0.238562540014343	0.551259386816101	0.499942812475281	0.928141835302429	0.436894079809265	1.02111245602997	0.428860550573425	-0.0151129199465943	0.465175741491394	0.290310125646668	0.299588981603699	0.378961531835632	0.33098194894989	0.41847311289032	0.633662884069519	1.1124805720578	0.401577661596375	0.772372557531433	0.595687532934265	0.443483103612976	0.313368900304871	0.438635067968445	1.05898895334442	0.366860159399109	0.307782052465515	0.38702113443573	0.694638044775085	0.541708336889343	0.394136195348816	0.469824791418152	0.581072658178406	0.151977040990906	0.717528253149109	0.30371542929657	0.230358781835632	0.75795268521698	0.737767833105164	0.290207854223328	0.494065396398621	0.65446686313446	0.721152680944519	0.32945808566864	0.315235250158386	0.0843184692745972	0.827387920873718	0.321056234350281	0.327306250036316	0.433673492284851	-0.1352188520755	0.363009695531921	-0.307000119043274	0.320170739538269	1.16423085648163	0.579855737524109	0.618070536108093	1.07309597690399	0.0149545753536988	0.492218818578796	0.418971182592468	0.33691792551239	0.324125682714539	0.253969907323914	-0.037425615503235	0.42167812851532	0.32399158164032	0.51936812851532	0.42167812851532	0.486818151995789	0.363951302468445	0.562070761585632	0.249099746835632
cg08749305-6-106441987	0.487797320776062	0.421198825536804	0.09947165976532	0.489519001562195	0.2737122439328	0.400694409521179	0.4587635876828	0.795071522985535	0.409403357641296	0.414915611181335	0.336269457983093	0.357771883642273	0.423154906469421	0.506273150976257	0.27214752719696	-0.266142378259582	0.0877371512203981	0.463950812658386	0.41353519681366	0.423043052770691	0.440473603002624	0.423241020116882	0.476225184057312	0.444602955236511	0.410377643224792	0.409162732763367	0.389269628698425	0.487880604101257	0.530020174779968	0.973719971471863	0.402791139135437	0.425723024511414	0.457159230566101	0.407731123632507	0.436855205602722	0.227723115942078	1.27924140805634	0.454608266515808	0.379590862585144	-0.117845270654602	0.156460112157898	0.263541324316101	0.504033500463562	0.497465853002625	0.00510075638397228	0.547365904272156	0.46118292539032	-0.230057532434387	0.921037934301453	0.411220752111511	1.05079415683563	0.399063321325378	0.429941540441589	1.12818099204071	0.447344305517273	0.428834321203308	-0.153820436548157	-0.0582097809085083	0.445538766698914	0.0498889521237184	0.432815810705261	0.403773927648621	0.292182808691101	0.0669306072750855	0.926931048070984	-0.0200503534793089	0.393492889745789	-0.253268746240539	0.428105996679382	0.434759753881531	0.530201978490906	0.112463455663757	0.42167812851532	0.59307608164032	0.25028362851532	0.42167812851532	0.613167205136414	0.39377235560907	0.265823814726257	0.452231540976257
cg08815340-6-5026435	-0.35275463320343	0.424893871557312	0.909912705785828	0.343694047582703	-0.304373710046692	0.426395455541687	0.452852633703308	0.229414569006043	0.416707403661804	0.507956657201843	0.395175504003601	-0.166230070337219	0.511971952489929	0.417099196996765	0.282837573217468	0.453380667760925	0.230364197240906	0.271436858678894	0.593850242834168	0.414904098791199	0.453533649023132	0.47298506613739	0.42608423007782	0.511239001257019	0.4448686892453	-0.0884122212161255	0.417326674718933	0.472258650121765	0.185147220800476	0.394767017492371	0.476431185155945	0.403302070531921	0.484540276586609	0.412073169653015	0.42874625162323	0.933255161962586	0.432791454076843	0.480819312536316	0.829481908605652	-0.188153224634094	0.488979158178406	0.0288563703366089	0.73691754648407	0.300297899023132	0.83051080240448	1.14162595029266	0.436950971410828	0.418884513586121	0.10670398032196	0.406544798132019	0.40485620285614	0.461052367345886	0.333003586462097	0.313930038061218	0.453286351537781	0.486270367223816	-0.332662390527649	0.239915265112	0.443704812719421	0.519913998144226	0.425179856725769	0.424326973669128	0.318400854711609	0.0385986532955933	0.409522094091492	0.396782692541199	0.492128935766296	0.457586299779968	0.43807704269989	0.400517799902039	-0.232492975488586	0.322262501684265	0.42167812851532	0.41860408164032	0.42475562851532	0.42167812851532	0.463208151995789	0.387561302468445	0.256753761585632	0.550019129835632
cg08852894-17-77815779	0.436865108739929	0.386167613500671	0.0525554477291872	0.480117789526062	0.543817031896668	0.606584197485046	0.425830375646667	0.242264310949402	0.423639145605164	0.330230399145203	0.33162024594696	0.40717767160614	0.368275694433289	0.468947938940125	0.526925315160828	0.168235409704285	0.135449939184265	0.500955600622253	1.00577598477753	1.10733984073456	0.460587390966492	0.38360880808075	0.462665972021179	0.353840743200379	0.36472243118866	-0.148448479272766	0.380183416662292	0.111017392065125	-0.243935037256164	0.37795275943573	0.474679927099304	0.393962812475281	0.481817018529968	0.419086911596375	0.459539993566589	0.179010903905945	0.416309196020203	0.464600054479675	-0.00900334945098868	0.593543517309265	0.487135900121765	0.754971112279968	0.774804288427429	0.699224640966492	0.578375544347839	0.332536692236023	0.456768713354187	0.24092825552948	0.64869472226532	0.391167540075378	0.4281159447995	0.978822109289245	0.630104328405457	0.355596780004578	0.37448509348114	0.393810109167175	0.49895435141571	0.696843007055359	0.459740554662781	0.571193740087585	0.378342598669128	0.357711715612488	0.245629596654968	-0.0697966047610472	0.925560836034851	0.448712434484558	0.359656677709656	0.462822041723328	0.36515078464325	0.426856541845398	-0.064969233545227	0.0167162436276246	0.42167812851532	0.57314208164032	0.27021762851532	0.42167812851532	0.224992978042664	0.40646612851532	0.439566587632507	0.576841114882507
cg08901662-2-131595321	0.475665941503601	0.965837446264343	0.907714280492859	0.487314622289734	0.448928864660339	0.406193030248718	0.437536208410339	0.455063143713074	0.406106978368835	0.458239231908875	0.183970078710632	0.437326504369812	0.924776527196961	0.371840771703796	0.8105241479245	-0.477035757532043	-0.0016332280520629	0.448019433385925	0.527684817541199	0.84519167349823	-0.271030776269836	0.318305640844421	-0.312906195215149	0.52653257596405	0.295004263952332	0.372947353490906	0.296222249425964	0.0252752248287965	0.274987795507507	0.331837592199402	-0.453715240137024	0.306745645238953	-0.50333514870636	0.424802744360046	0.437605826330261	0.787576736669617	0.296085028783875	0.444009887243347	-0.00401351668731681	-0.218919649927063	0.435318732885437	-0.13440005495636	0.916025121191101	0.680791473730164	0.618978377111511	0.790995524999695	-0.305643453882141	0.470734088293152	0.225414555028992	0.30286837283905	0.356555777563171	0.299089942052918	0.0591551611691285	0.64138761276825	0.298193926244812	0.301238941930847	0.461714184179382	0.436126839819031	0.418190387426453	-0.424743427148743	0.3185774314328	0.29959754837616	1.09417342941864	0.526556228002625	0.646702668798523	-0.11340673275177	0.965561510473328	0.439311874486999	0.870291617406921	0.93734037460907	-0.342365400781555	0.889160076391296	0.42167812851532	0.53239108164032	0.31096862851532	0.42167812851532	0.323856651995789	0.526912802468445	-0.0341657384143677	0.769463058835632
cg08949655-2-176940301	0.478230272192078	0.49304077695282	0.121886611181335	0.18992595297821	-0.304986804651184	0.434878360937195	0.506078539098816	0.63866047440155	0.439892309057312	0.109831562597351	0.341774409399109	-0.00968016494171142	0.419757857885437	0.521522102392273	0.284288478612976	0.489296573156433	0.0831711026364136	0.436852764074402	0.433623148229675	0.416855004186707	0.47307355441864	0.490909971532898	0.539458135473328	0.382557906652527	0.428422594640808	0.572555684179382	1.21499858011444	0.161193555517273	-0.280533873804016	0.421858922887878	0.376597090551453	1.25639497592743	0.468720181982117	0.414064075048523	0.471377157018738	0.615607067358093	0.430647359472351	0.500009217931824	0.45851381400116	0.653639680761413	0.515131063573914	0.0922472757321167	0.329733451879578	0.37583280441864	0.0299057077999877	0.401227855688171	0.350058876806335	-0.0411215810183717	0.136798885717468	1.06475170352753	0.413956108251648	0.444094272741394	0.237480491857605	0.277631943456726	0.456835256933289	0.923505272619324	0.491260514867859	0.0354741705075072	0.496816718114929	0.128581903539734	0.419553762121277	0.420650879064636	0.460198760107117	-0.010032441308899	0.995785999487	-0.000797402063293484	0.415705841161804	-0.194598794824524	0.423606948095398	1.26194970529755	0.556603929906921	0.0597854070797728	0.42167812851532	0.19415258164032	0.64920712851532	0.42167812851532	0.527590105034851	0.928176255507507	0.320112714624695	0.308155752874695
cg08954277-4-1535673	0.45288776132782	1.11270226608856	0.870527100317078	-0.0523395578860473	0.524502684484558	0.392831850072937	0.451431028234558	0.145974963537292	0.462505798193054	0.246810051733093	1.09870489853485	0.310421324194031	0.392630347021179	0.400932591528015	1.06197896774872	0.415467062292175	0.291501591772156	0.499174253210144	0.407260637365418	0.794633493322449	0.385932043554382	0.38910946066864	0.39022762460907	1.00653539578827	0.63376308377655	0.653416173315125	0.336035069250183	0.183430044653015	0.543454615331726	0.368582412023621	-0.402390420312805	1.22132346506317	-0.472195328882141	0.606185564184265	0.31915864615448	0.774428556493835	0.335225848608093	0.356206707067566	0.453162303136902	0.602975169897156	0.330254552709656	0.787316764867859	0.56096494101532	0.635300293554382	0.79528319693573	0.317928344823913	0.426014365942078	0.467278908117371	0.0253373748532105	0.376684192663269	1.03798359738739	0.946966761877136	0.140837980993347	0.628455432592468	0.368251746069031	1.06499376175507	0.397464004003601	-0.0957793403567505	0.398768207250671	-0.323211607324524	0.813584251257019	0.824805368200378	0.322305249242859	0.695244047826843	0.261823488622742	0.264402087072449	0.631621330297546	0.240689694311218	0.53413043723114	0.853896194433289	0.536300419042664	-0.00814610378448488	0.42167812851532	0.25105908164032	0.59230062851532	0.42167812851532	0.354992762628601	0.323356913101257	0.580674372218445	0.492681237468445
cg09232555-8-11619866	0.52714897629364	0.393430481054382	0.227175315282898	0.267696657079773	0.554714899450378	0.693461065038757	0.490594243200378	0.258058178503113	0.503214013158875	-0.126429733301086	0.384137113500671	-0.139143460840149	0.754655561987	0.526153806493835	0.235450182714539	0.500683277257996	0.0469698067379762	0.533047468175964	0.460646852331238	1.21188670828827	-0.277113741479798	0.821413675634461	0.55709283957489	0.603945610754089	0.698637298742371	0.164379388280945	0.400261284216003	0.269080259618835	0.559235830297546	0.377593626989441	0.541633794653015	0.439028680028992	0.476005886083679	0.367395779150085	0.5185348611203	0.452666771459656	0.357165063573914	0.477403922033386	0.866458518102722	-0.257255615137024	0.500752767675476	-0.107143020166321	0.46423515598114	-0.0934494914797972	-0.0122395880984497	1.09767955978973	0.0365745809078981	0.564141123083191	0.987107589819031	0.409281407629089	0.36421681235321	0.376405976842957	0.142480195959168	0.246876647558289	0.361239961034851	0.421134976720886	-0.0984567810305786	0.25820487460907	0.275945422216492	0.581999607641296	0.709930466222839	1.0618135831662	0.238856464208679	-0.0438897372073364	0.326839703588562	0.790592302038269	0.423371545263367	0.479423909277039	0.84604365219696	1.11042540939911	0.152399634008484	0.0210471111813355	0.42167812851532	0.43253358164032	0.41082612851532	0.42167812851532	0.780490605034851	1.29133775550751	0.0672122146246948	-0.231409371125305
cg09240763-2-200330851	0.490670753881531	0.538210258642273	0.925031092870789	-0.00420256533233643	0.545664677038269	0.425346842626648	0.289070020788269	0.267204956091003	0.456026790746765	-0.0862589557131956	0.369316891088562	0.344659316747742	0.42533733957489	0.412294584081726	0.290824960302429	0.489560054845886	0.182202584325867	0.486963245763855	0.393083629919128	0.40989548587616	0.447194036108093	0.387358453222351	0.468491617162781	0.40358938834198	0.407203076330261	0.715130165868835	0.393712061803894	0.431882037206726	-0.286233392114563	0.438819404577332	0.269862572240906	0.421738457616882	0.15176166367157	0.382500556737976	0.414176638708191	1.00892754904755	1.2778548411618	0.423896699621277	0.432968295690613	0.628762162450866	0.0401345452633667	0.0928217574215698	0.735202933569031	0.679488286108093	0.853204189489441	0.366602337377624	0.421203358495789	0.121601900671082	0.450776367406921	0.44189718521698	0.649387589941101	0.450333754430847	0.297970973547058	0.846703425146179	0.387490738622742	0.432461754308777	-0.378256003442688	0.0121206521969604	0.431624199804382	0.511894385229187	0.46706724381073	0.391847360754089	0.26267324179657	0.512931040380554	0.396245481176453	0.54454107962616	0.409333322851257	0.473786686864929	0.402238429784851	0.409627186987	0.452327411596374	0.060296888769226	0.42167812851532	0.31074958164032	0.53261012851532	0.42167812851532	0.271642105034851	0.925923255507507	0.576060714624695	-0.0772726041253051
cg09245302-17-80294560	0.217748033544617	0.430679538305359	0.0364533725338746	-0.419479285669251	-0.425362043298645	0.871136122289734	0.413994300451355	0.899969235754089	0.420900070409851	0.14745132394989	1.08273717075165	0.510721596410828	0.622776619237976	0.457553863744812	0.310622239965515	-0.378279665491028	0.818973863988953	-0.363390474573059	0.707011909582214	0.554245765539246	-0.518360684228821	0.719145732885437	0.449037896825867	1.13087766800507	0.485164355993347	-0.174369554468079	1.19952134146698	0.905228316869812	-0.344841112451477	0.302172684240418	-0.443890148096008	0.533716737279968	-0.547104056665344	1.20556883640106	0.420166918371277	0.477620828710632	1.17573412082489	-0.125075020715637	-0.125799424646301	-0.340246557886047	-0.521547175073547	-0.0781049629153441	1.10167521323212	-0.213687434228821	-0.059743530847473	0.302919617040711	0.385459638158875	-0.117710819665833	-0.0358793529299926	0.501387464880066	1.14606386960419	0.922476034093933	0.939658253210144	0.147498704809265	1.18239701828583	0.680761033971863	-0.513753723779602	-0.161066068139954	0.377532479467468	-0.355904335107727	0.354741523473816	0.801176640417175	0.261519521459656	0.71648532004364	0.292741760839539	0.736363359289246	0.976664602514343	0.396761966528015	1.19947770944794	0.704817466650085	0.50137269125946	0.504865168432312	0.42167812851532	-0.18609291835968	1.02945262851532	0.42167812851532	0.829017978042664	0.44255012851532	0.403482587632507	0.345010161882507
cg09285851-6-10099656	-0.466732625757141	0.478638879003601	0.906925713232117	-0.419118944971008	0.490096297399597	0.353103462987976	0.428971641149597	0.640292576452332	0.429783411108093	-0.363906335351868	0.36511451144989	-0.0483340628909302	1.17888895993622	-0.319267795556946	0.457296580663757	-0.464793324792786	0.677410204687195	-0.417359133874817	0.605272250280457	0.754980106237488	-0.554469343530579	0.658461073583679	-0.408511762475891	1.12863600870331	0.451211696691589	0.445222786230164	1.16699068216522	0.371199657568054	0.101517228246765	0.98709702493866	0.429598192602234	0.30238907797821	-0.515423715967102	1.0214691770993	-0.318148740930481	0.970491169408874	0.329598461523132	-0.506391680017395	0.368208916051941	0.587551782812195	0.417000165624695	0.741458377782898	0.554433553930359	0.108427906469421	0.178288809850769	0.299637957738953	-0.459941021142883	-0.21530747896759	0.10391798776825	0.393981805578308	0.334336210302429	0.591106374792175	0.675841593908386	0.169855045507507	1.12834535898407	0.930832374670105	0.42328961691864	-0.216764727441712	0.38594582016571	-0.415575994409485	0.668338864172058	0.481191981115417	0.242440862157898	0.700731660741882	0.275744101537781	0.775837699987488	0.984941943212585	-0.484219692773743	0.489908050146179	0.340348807348328	0.518017031957703	0.865276509130554	0.42167812851532	0.29900158164032	0.54435812851532	0.42167812851532	0.631488105034851	0.813779255507507	0.216214714624695	-0.660171237125305
cg09323727-2-176936436	0.483644110693054	0.388046615453796	0.811570449682312	0.506418791479187	-0.363012966150207	0.373168199438171	0.441974377599792	0.395690312902527	0.454655147558289	0.423046401098328	0.989813247900086	0.424609673559265	0.754055696386414	0.47247194089325	0.334422317113953	0.35908541165741	0.17280394113739	0.144929602575378	0.351121986730652	0.369876842687683	0.480627392919617	0.430040810033875	0.451287973974304	0.664390745153503	0.359338433141785	0.623785522680359	1.05585441861542	0.10187939401825	-0.327019035303039	0.469212761388855	0.384904929052429	0.687015814428406	0.487926020483093	0.3618569135495	0.465396995519714	0.17015690585907	0.360391197973328	0.4602760564328	0.125759652502136	-0.25438648073761	0.51073490207489	0.295294114233093	0.573130290380554	0.509951642919617	0.419376546300964	0.518669694189148	0.494138715307312	0.284995257482605	0.654959724218445	0.374975542028503	0.582333946752625	0.397390111242371	0.404843330358582	0.518166781957703	0.376014095434265	0.3694931111203	0.143050353368835	-0.169909990991516	0.464233556615906	-0.349205257959289	0.787855600622253	0.364765717565613	0.898486598608093	0.335832397192078	0.665636837987976	0.704679436437683	0.353541679662781	0.393493043676453	0.755786786596375	0.883556543798523	0.412173768407898	0.0185492455807495	0.42167812851532	0.39465908164032	0.44870062851532	0.42167812851532	0.401678978042664	0.42111712851532	0.424915587632507	0.491090770882507
cg09326404-1-46956839	0.43138502316864	0.430950527929382	0.101330362157898	0.434350703954773	0.0393639463253784	0.434198111913757	0.421542290075378	0.509629225378113	0.404032060033874	0.454936313573914	0.322850160375671	0.425599586034851	0.411841608861999	0.397531853368836	0.291361229589539	0.377853324132996	0.073340853612976	0.355251515050964	0.432106899206238	0.420347755163269	0.472000305395203	0.44550772250946	0.42971688644989	0.924887657629089	0.403248345617371	-0.0950855648440552	0.421714331091003	0.623247306493835	0.440000877172546	0.425767673864441	0.462026841528015	0.423450726903992	0.488641932958679	0.521008826025085	0.3664019079953	0.250075818334656	0.410038110448914	0.428374968908386	0.0307005649777221	-0.214261568262024	0.493690814550476	0.166993026708679	0.48444920285614	0.628884555395203	0.82169445877655	0.383901606664734	0.467715627782898	0.410463169958191	0.100972636694031	0.424713454504089	0.42321485922821	0.429007023717957	0.247402242834168	0.277901694433289	0.424527007909851	0.442545023595886	0.462305265844421	0.41151292148407	0.414281469091492	0.572604654516296	0.457261513097839	0.412246630041199	0.417458511083679	0.260265309667664	0.345763750463562	0.00207734891326899	0.408117592138367	0.421164956152039	0.48214969907196	0.410920456274109	-0.231684319116516	0.0973461580563354	0.42167812851532	0.38815258164032	0.45520712851532	0.42167812851532	0.326017651995789	0.524751802468445	-0.0906657384143676	0.615749410835632
cg09334277-10-119312077	0.497441599584656	0.436830104345398	0.107965938573914	0.459031280370789	0.552123522741394	0.454669688329773	0.506481866491394	0.376161801794128	0.47692463644989	0.491209889989929	0.404101736791687	0.428005162450867	0.565065185278015	0.435675429784851	0.295075806005554	0.491212900549011	0.0957974300289917	-0.28277490853302	0.438020475622253	0.423928331579285	0.357347881811218	0.439314298925476	0.500603462865906	0.405427234045105	0.481445922033386	0.0818910115719604	0.420331907507019	0.163037882909851	-0.271147546411438	0.419210250280457	0.448403417944031	0.432930303320007	0.498122509374695	0.415192402441101	0.485951484411316	0.223422394750671	0.412540686864929	0.486506545324402	0.0609151413937377	0.298649008153992	-0.307481609033508	0.589643603124695	0.658887779272156	-0.0821558681887817	0.0653210351925658	0.39597518308075	0.499420204198914	-0.0546782536257935	0.0950732131100464	0.420826030920105	1.04055043564423	0.471921600133972	0.178292819250183	0.294271270849304	0.407367584325867	0.431076600011902	-0.050250157739563	-0.118461502099915	0.494470045507507	-0.251251769067688	0.435872089513855	0.418148206457214	0.355856087499695	-0.00678611391632089	0.797435326879578	0.141031925329285	0.509296168554382	0.430685532568054	0.629620275487976	0.408025032690125	0.590684257299499	0.659425734472351	0.42167812851532	0.0279770816403198	0.81538262851532	0.42167812851532	0.156436185136414	0.38647133560907	0.473841794726257	0.459532560976257
cg09344183-2-175205785	0.480669792089539	0.418237296850281	0.187065131078796	0.392179472875671	0.526633715246277	0.411692880834656	0.423353058996277	0.560768994299011	0.380373828954773	0.403339082494812	0.99474192929657	0.36993435495575	0.393625377782898	0.441621622289734	0.958153998510437	0.457444093053894	0.306001622533875	0.428681283971863	0.522651668127136	0.395962524084167	0.445338074316101	0.424416491430359	0.431674655370789	0.512802426549988	0.402699114538269	0.726893204076843	0.420493100011902	0.391042075414734	0.522186646093445	0.831311442785339	0.350046610448914	1.23261549582489	0.471749701879578	0.400405594945984	0.475860676916199	0.371814587255554	0.430020879369812	0.455448737829285	0.253001333898621	-0.0971487993411254	0.498686583471375	0.225254795629578	0.479223971777039	0.643913324316101	0.0307642276974487	1.19707437558563	0.451719396703796	0.400135938879089	0.935573405614929	1.07584922342499	0.409233628149109	0.385848792638855	0.407430011755066	0.297734463354187	0.507096776830749	0.869610792516785	0.46030403476532	0.673841690404968	0.43877723801239	0.559844423437195	0.529078282018738	0.400275398962097	0.289877280004578	0.345464078588562	0.35956451938446	0.263389117834168	0.405388361059265	0.0808217250729371	0.397184467992859	0.402228225195007	-0.221202550195618	0.0703789269772339	0.42167812851532	0.34085058164032	0.50250912851532	0.42167812851532	0.297441978042664	0.50542812851532	0.340604587632507	0.615000128882507
cg09513990-6-27235822	0.480187666723328	0.52543017148407	0.181742005712585	0.425862347509461	0.543538589880066	0.424717755468445	0.471166933630066	0.1137768689328	0.0299947035885619	0.450839957128601	1.04809480393036	-0.197233770410461	0.625076252416687	0.463757496923523	0.347654873144226	0.320097967687683	0.0765454971676635	-0.327923841394348	0.405111542760925	0.425658398717957	0.50169194894989	0.432934366064148	0.463452530004578	0.388149301183777	0.839898989172058	-0.0418819212893677	0.404639974645691	0.222900950048523	0.461955520727234	0.622798317419128	0.471201485082703	0.424686370458679	-0.0728604234866333	0.404516469579773	0.457650551549988	0.216619461889343	0.410848754003601	0.485093612463074	0.0125002085324096	0.195775075292663	0.519644458105164	0.201618670263367	0.721858846410828	0.47791019894989	0.0306021023312377	0.388992250219421	0.471674271337586	0.357558813512878	0.569566280248718	0.425430098058777	0.411210502782898	0.432302667272644	0.182793886388855	0.302669337987976	0.416647651464539	0.420197667150574	0.477901909399109	-0.114035434961243	0.477026112646179	0.179602298070984	0.444435156652527	0.412893273595886	0.614925154638367	0.021924953222351	0.52809439401825	0.758336992467957	0.401572235693054	0.469413599706726	0.420311342626648	0.633530099828796	-0.241245675561829	0.272049801611023	0.42167812851532	0.13431308164032	0.70904662851532	0.42167812851532	0.177201242636414	0.36795839310907	0.561718852226257	0.478045503476257
cg09601912-2-119591144	0.505276288427429	0.444596793188171	0.112276627416687	0.536609969213562	0.328004211584167	0.441902377172546	0.463149555334167	0.772050490636902	0.419407325292664	0.512274578832703	0.32042742563446	0.37960385129364	0.412870874120789	0.467059118627625	0.295773494848328	0.438417589391785	0.0799681188717652	0.0733437803097534	1.06895816446503	0.418972020422058	0.529395570653992	0.42237998776825	0.480046151708679	0.382263922887878	0.42580461087616	0.419651700414734	1.26068159634979	0.160324571752625	0.496525142431335	0.43469693912323	0.515443106786804	0.437493992162781	0.518668198217468	0.423834091283875	0.465616173254089	0.908267083593445	0.587680375707703	0.487169234167175	0.0231468302365112	0.00453669699676507	-0.383175920190735	-0.0476247080325318	0.346537468114929	-0.00812517934600826	0.0261497240353393	0.396922871923523	0.522252893041687	-0.16461556478302	0.10106590195282	0.433756719762878	0.443395124487	0.406168288976746	0.324992508092957	0.287953959692078	0.43090327316864	0.425376288854675	0.54188553110321	-0.123518813257141	0.510638734350281	0.211862919775085	0.544575778356628	0.422525895299988	1.06252277634247	-0.0405154250735473	0.342365015722351	0.830370614172058	0.416700857397156	-0.313207778589172	0.42277096433075	0.423985721532898	-0.0256280538577272	0.0706124233151245	0.42167812851532	0.55240708164032	0.29095262851532	0.42167812851532	0.634789105034851	0.833255255507507	0.212913714624695	0.171885877874695
cg09645574-6-42879382	0.455998608739929	0.403900113500671	0.864406947729187	0.433073289526062	0.422122531896667	0.407593697485046	0.424978875646667	0.287957810949402	0.401865645605164	0.454967899145203	0.994101745946961	0.43279217160614	0.421743194433289	0.443326438940124	0.255356815160828	0.303047909704285	0.538567439184265	0.421880100622253	0.352193484777527	0.600502340734558	0.431837890966492	0.449739308080749	0.420079472021179	0.485259243200378	0.39032793118866	0.102056020727234	0.359720916662293	0.172799892065124	0.454188462743835	0.40280925943573	0.375617427099304	0.399292312475281	0.441515518529968	0.410330411596375	0.453411493566589	0.553450403905945	0.451682696020203	0.428222554479675	0.819218150549011	0.445446017309265	0.449064400121765	0.489894612279968	0.315042788427429	0.652371140966492	0.831754044347839	0.366568192236023	0.433633213354187	0.42970275552948	0.54990022226532	0.396799040075378	0.467802444799499	0.376003609289246	0.685707828405457	0.504270280004578	0.40756859348114	0.418636609167175	-0.127264148584289	0.632012507055359	0.406544054662781	0.520073240087585	0.400665098669128	0.403713215612488	0.284153096654968	0.401512895238953	0.287573336034851	0.375842934484558	0.403150177709656	0.405847541723328	0.394933284643249	0.403828041845398	0.352445266454773	0.480135743627624	0.42167812851532	0.32064508164032	0.52271462851532	0.42167812851532	0.517898105034851	0.699323255507507	0.329804714624695	0.131859750874695
cg09684233-2-175206966	-0.360298370630188	0.433507134130554	0.30837696835907	0.448653310155945	-0.31872144747345	0.420482718114929	0.50419589627655	0.871043831579285	0.338874666235046	0.559861919775086	0.900619766576843	0.039038192236023	0.406460215063171	0.511335459570007	0.45369283579071	0.357424930334168	0.159276459814148	-0.317344878747864	0.42757950540741	0.414695361364441	0.521543911596375	0.526620328710632	0.514672492651062	0.380708263830261	0.496856951818542	0.727403041357117	0.401396937292175	0.138453912695007	-0.112737516626282	0.429858280065613	0.540811447729187	0.541649333105164	0.531826539159851	0.422604432226257	0.527297514196472	0.215421424535828	0.422480716650085	0.536958575109558	0.183517171178894	0.0361420379391478	0.502807420751648	0.445104632909851	0.882562809057312	0.0769761615963744	0.0115090649777222	0.397313212865906	0.53186223398407	0.0940877761593628	0.488595242895203	0.416920060705261	0.402106465429382	0.456146629919128	1.01976384903534	0.27535230063446	0.412558614111023	0.418891629797058	0.201565872045593	0.763218527685242	0.514500075292664	0.255712260717468	0.637092119299011	1.17156523624237	0.317537117284851	0.0296699158688355	0.781906356664734	0.180553955114441	0.410331198339539	-0.0888324376467896	0.467322305273132	1.13142106247528	0.173915287084656	0.840821764257507	0.42167812851532	0.33244908164032	0.51091062851532	0.42167812851532	0.036818023675476	0.538466174148132	0.38594363326532	0.45699362851532
cg09704168-17-32751554	0.442765342138367	0.420637846899109	0.890052681127624	-0.3447919770755	-0.242095734704895	0.618599430883484	0.444535609045105	0.136125544347839	0.465918379003601	0.32584363254364	0.972670479345398	0.529368905004578	0.630232927831726	0.459708172338562	0.275140548559265	0.448621643102722	0.452323172582703	0.465053834020691	0.453368218175964	0.410778074132996	0.114137624364929	0.444860041479187	0.403628205419617	0.523470976598816	0.424175664587097	0.678660754125671	0.42992065006073	0.328424625463562	-0.163469803857727	0.404472992834167	0.456879160497742	1.01318404587372	0.451683251928406	0.404893144994812	0.452317226965027	0.296857137304382	0.42246042941864	0.412940287878113	0.407429883947449	-0.200869249292297	0.379454133520203	0.766393345678406	0.345576521825867	0.456405874364929	0.819310777746277	0.35366592563446	0.419904946752625	0.105103488927917	0.0708619556637573	0.405541773473816	0.382965178197937	0.662936342687683	0.727331561803894	0.303225013403015	0.437236326879578	0.454412342565613	0.468470584814148	-0.124847759546204	0.388902788061218	-0.293262026513977	0.472509832067566	0.443248949010925	0.298659830053406	0.42153462863739	0.325146069433289	0.0802706678829956	0.484983911108093	0.376891275121765	0.492083018041687	0.403528775243835	0.49458699985321	0.0290604770260619	0.42167812851532	0.15291808164032	0.69044162851532	0.42167812851532	0.604737746628601	0.804732897101257	0.214186356218445	0.242936253468445
cg09734394-7-20818887	0.445706184789734	0.424246689550476	0.909889523778992	0.470323865575867	0.501492107946472	1.01446627353485	0.438981451696472	0.123311386999207	0.415812221654968	0.418421475195007	1.01255932199677	0.144908747655945	0.608307770483093	0.346433014989929	1.05402339121063	0.391472485754089	0.0726580152340699	0.448428676672058	0.371178060827332	0.401081916784363	0.408371467016296	0.550540884130554	0.365183048070984	0.496651819250183	0.437565507238464	0.629095596777039	0.358838492712097	0.521794468114929	0.47089003879364	0.403316835485535	0.470340003149109	0.793575888525085	0.234872094579773	0.625490987646179	0.405523069616394	0.17052397995575	0.407769272070007	0.24695213052948	0.0137137265988159	0.56460759335907	0.40913097617157	0.701129188329773	0.366505364477234	-0.0751982829837036	0.0375496203976441	0.316873768285828	0.155049789403992	0.484830331579285	0.513010798315125	0.394359616125183	0.445350020849304	0.43345018533905	0.539237404455261	0.508037856054382	0.380526169530945	0.43875618521698	-0.325870572534485	0.629525083105164	0.336927630712585	0.51838281613739	0.759580674718933	0.409601791662292	0.712188672704773	0.482879471288757	0.362737912084656	0.0336965105343628	0.34067275375946	0.304428117773132	0.925678860693054	0.717501617895203	0.172216842504578	0.0186313196774292	0.42167812851532	0.26475608164032	0.57860362851532	0.42167812851532	0.751887250136414	0.50867940060907	-0.222138140273742	0.337324495976257
cg09777525-17-74965708	-0.0435500779055786	0.431472426855164	0.103376261083679	0.485665602880554	-0.28467615474884	0.427505010839539	0.43122218900116	0.186231124303894	0.448273958959656	0.368443212499695	0.294667059301453	0.509955484960632	0.880093507787781	0.483137752294617	0.42167812851532	0.388473223058777	0.380377752538757	-0.278751586023254	0.419628798132019	0.41167065408905	0.493195204320984	0.432344621435242	0.484715785375671	0.416671556554871	0.411769244543152	0.689400334081726	0.723778230016785	0.549305205419617	0.489574776098328	0.411006572790222	0.517420740453796	0.465160625829773	0.48250983188446	1.07649372495087	0.463912806921081	0.433279717260437	0.404552009374695	0.471714867834167	0.0332194639035034	0.517976330663757	0.406865713476257	0.0691519256344605	0.601930101781921	0.390412454320984	0.0144033577023315	0.379363505590515	0.482423526708679	0.283483068883972	0.104063535619812	0.418531353429871	0.413234758153992	0.461576922643738	0.693836141759949	0.27181959335907	0.456749906835632	0.409851922521667	0.383744164770203	0.727435820409851	0.496304368017273	0.0291555534420775	0.422806412023621	1.12568652896698	0.27275441000946	0.519886208593445	0.665882649389343	0.0316732478390503	0.417884491064148	0.45211485507782	0.402795597997742	0.41496035519989	0.498566579809265	0.0661250569821166	0.42167812851532	0.58631808164032	0.25704162851532	0.42167812851532	0.389300151995789	0.461469302468445	0.581653761585632	0.312513907835632
cg09867230-1-154972398	-0.358713631982727	0.421503872778015	0.101205707006531	0.455172048803406	-0.0516217088259888	0.43422245676239	0.526320634924011	0.199291570226746	0.481900404882507	0.540862658422546	0.293043505224304	0.503331930883484	0.405729953710632	0.498081198217468	0.473426574438171	0.512053668981628	0.493582198461609	0.421715859899597	0.479294244054871	0.419948100011902	0.186361650243835	0.410054067358093	0.353339231298523	0.383421002477722	0.415221690466003	-0.0434812199954224	0.410249675939636	0.506127651342468	0.521513222021179	0.413971018713074	0.525155186376648	0.422569071752625	0.514421277807312	0.818898170873718	0.493550252843933	0.295746163183289	0.409639455297546	0.456682313757019	0.026467909826355	0.626720776586609	0.516148159399109	0.829085371557312	0.336493547704773	0.596585900243835	0.0153508036251832	0.379262951513367	0.384252972631531	0.465061514806824	0.261267981542664	0.417287799352722	0.416503204076843	0.382706368566589	0.4420955876828	0.315272039281921	0.624062352758484	0.427699368444519	0.537525610693054	-0.0621657336672974	-0.206190186059875	0.562577999364929	0.433197857946472	0.410195974889832	0.528963855932312	0.188021654516296	0.313058095312195	0.802513693761902	0.426874936987	0.506354301000671	0.409385043920593	0.405925801122742	0.433451025732117	0.0686625029049682	0.42167812851532	0.48055658164032	0.36280312851532	0.42167812851532	0.514256446675476	0.251306597148132	0.43155905626532	0.41137820551532
cg09887284-12-54388147	0.455051085302429	0.336324590063171	0.326597424291687	0.314786766088562	0.515547008459167	0.326053174047546	0.420972352209168	0.745024287511902	0.424537122167664	0.483496375707703	0.31913522250946	0.53429464816864	0.367609670995789	0.405577915502625	0.173494291723328	0.448999386266785	0.0315399157467652	0.479290577184753	0.319961961340027	0.329266817297058	0.422417367528992	0.34868678464325	0.450554948583679	0.268577719762878	0.36962140775116	0.651937497289734	0.809115393224792	0.714184368627624	-0.149156060693665	0.37966273599823	0.470989903661804	0.325958789037781	0.432323995092468	0.840805888158874	0.437174970129089	0.736601880468445	0.311116172582703	0.444601031042175	-0.0695283728884887	0.188681493871765	0.447081876684265	0.512957088842468	0.759196264989929	0.674245617528992	-0.0808564790896606	0.485677668798523	0.427055689916687	0.41365323209198	-0.0182403011721801	0.845600516637878	0.329341921362	0.421078085851746	0.647776304967957	0.266720756567078	0.34217207004364	0.326895085729675	-0.19861467202179	0.662468983617859	0.414505531225281	0.524886716650085	0.331519575231628	0.306002692174988	0.470548573217468	0.541404371801453	0.264480812597351	0.227848411047058	0.313321654272156	0.435104018285828	0.308466761205749	0.437736518407898	0.457751743017273	0.772914220190124	0.42167812851532	0.56804608164032	0.27531362851532	0.42167812851532	1.05323197804266	0.39876112851532	0.447271587632507	0.378515692882507
cg09891125-3-62364810	0.434852502172547	0.890381006933289	0.0685688411618044	0.296999182958679	-0.349303574670715	0.396946590917664	0.421378769079285	0.475635704382019	0.426443539037781	0.40304179257782	0.311326639379578	0.408895065038757	0.870603087865906	0.425130332372742	0.862779708593445	0.403666803136902	0.219490332616882	0.438392994054871	0.373355378210144	0.410740234167175	0.384062784399109	0.412899201513367	0.427680365453796	0.391349136632996	1.07588082462128	0.667513914159851	1.17349681009491	0.541152785497742	-0.339620643823547	0.652331152868347	0.428331320531921	1.2023362059079	0.410918411962585	0.349903305028992	0.357805386999207	0.991451297338562	1.20297258945282	0.390557447912292	0.0624160439816285	0.549163910741882	0.195231293554382	0.727384505712585	0.489556681860046	0.420343034399109	0.563001937780456	1.17141408566864	0.397261106786804	0.245842648962097	0.0582381156979371	0.378294933507996	0.347802338232117	0.428047502721863	0.161676721838074	0.613099173437195	1.10875948691376	0.377375502599793	0.418937744848328	0.638269400487976	0.327068948095398	-0.329789866479797	0.934192992101746	0.384042109045105	0.937920990087586	0.46166978867157	1.08298922946747	0.422033827917175	0.986512071142273	-0.193537564844055	1.06479117807587	0.386406935278015	-0.27641784011261	0.745298637060242	0.42167812851532	0.31495258164032	0.52840712851532	0.42167812851532	0.527986121628601	0.826337272101257	-0.212820268781555	0.319687878468445
cg09919570-16-49311782	-0.333606873315735	0.489323631445007	0.050829465673523	0.490098807470398	0.351727049841003	0.403455215429382	0.443158393591003	0.649386328893738	0.516456163549499	0.360426417089539	1.0283162638913	-0.00835131044952392	0.466897712377625	0.512985956884461	1.03383433310516	0.456785427648621	0.0804149571286011	-0.260717381433411	0.458810002721863	0.414462858678894	0.385585408910828	0.389034826025085	0.492148989965515	0.433469761144714	1.198543449133	0.72466653867157	0.661354434606628	0.11288441000946	0.538146980688171	0.523338777380066	0.40160194504364	0.436905830419617	0.222834036474304	1.26493792954071	0.486162011510925	0.215877921850281	1.00016721396454	0.462920072424011	0.177685668493347	0.620226535253601	0.427985918066101	-0.0966238697756957	0.530171306371765	0.0586406589108276	0.344145562292175	0.549277710180359	0.377424731298523	0.525653273473816	0.328006740209656	0.403293558019714	0.384659962743835	0.386551127233582	0.333930346349793	0.391670797948914	0.369304111425476	0.374048127111511	-0.397751630639954	0.306060024999695	0.438261572607117	-0.167127241968079	0.437238616613464	0.372350733556824	0.270603614599304	0.523052413183289	0.508850853979187	0.0322674524288941	0.617416695653992	0.482448059667664	0.402965802587585	0.809256559789734	0.291079784399109	0.942204261571961	0.42167812851532	0.15328658164032	0.69007312851532	0.42167812851532	0.214298603636414	0.43954775410907	0.662905213226257	0.406456142476257
cg09973284-12-54346155	0.444056389257507	0.36466889401825	0.452346728246765	0.44629607004364	0.531567312414246	0.360120478002624	0.384468656164246	0.25560459146698	0.400217426122742	0.465565679662781	0.234227526464539	0.385835952123718	0.634017974950867	0.406845219457703	0.221874595678406	0.418038690221863	0.0305882197018433	0.452559881139832	0.350531265295105	0.345909121252136	0.44532967148407	0.349435088598328	0.433078252538757	0.300596023717957	0.687239711706238	0.208778801244812	1.10745169717987	0.452273672582703	0.427744243261413	0.343468039953308	0.483785207616882	0.730559092992859	0.455903299047546	0.407399192113953	0.423549274084167	0.793059184423523	0.354525476537781	0.436024334997253	-0.0500230689334107	0.569156797826843	0.459332180639343	0.735319392797546	0.537346568945007	0.37633392148407	-0.0392441751345826	0.667057972753601	0.431829993871765	0.435039536047058	0.489569002782898	0.358400820592957	0.756066225317078	0.339745389806824	0.572503608923035	0.226540060522156	0.615687373998718	0.345302389684753	-0.417547368066711	0.697218287572937	0.417306835180359	0.547072020605163	0.354102879186707	0.342834996130066	0.625482877172546	0.322814675756531	0.494876116552429	-0.0604122849978637	0.686769958227234	0.429437322240906	0.344771065160828	0.345936822362976	0.223134046972351	0.334323524145203	0.42167812851532	0.53977158164032	0.30358812851532	0.42167812851532	0.507784605034851	0.721432755507507	0.339918214624695	0.216916468874695
cg09984759-6-30068587	-0.337395696557922	0.44461780820282	0.929923642431336	0.10831198422821	-0.309043773401184	0.434199392187195	0.428948570348816	0.14616350565155	0.429912340307312	0.511719593847351	0.303252440649109	0.480389866308289	0.421801889135437	0.434076133642273	0.287299509862976	0.447776604406433	0.152083133886414	-0.319413204675598	0.415114179479675	0.419601035436707	0.51471758566864	0.427048002782898	0.436548166723328	0.389141937902527	0.421937625890808	-0.113896284570618	0.419625611364441	0.153540586767273	0.333684157445984	0.424281954137878	0.503411121801453	0.432281007177429	0.529565213232117	0.425238106298523	0.478557188268738	0.704284098608093	0.429136390722351	0.477326249181824	0.53249684525116	-0.207589287988586	0.269281094823914	0.252676306982117	0.392453483129578	-0.0854641643313598	0.0445737390499878	0.956084886938172	0.485377908056336	0.346354450231628	0.107913916967468	0.429523734777527	0.415427139501648	0.403195303991394	0.183622523107605	0.285099974706726	0.424287288183289	0.424167303869324	0.541563546117859	0.701444201757507	0.462571749364929	-0.289349065210266	0.423265793371277	0.426644910314636	0.288618791357117	0.392487589941101	0.328199030737	0.513944629186707	0.415972872411804	0.460728236425476	0.430154979345398	0.419420736547546	-0.242726038843079	0.960361438329773	0.42167812851532	0.61351308164032	0.22984662851532	0.42167812851532	0.169554478042664	0.36698462851532	0.479048087632507	0.515955390882507
cg10021924-12-131401275	-0.41076811733429	0.532921387426453	0.893950221654968	0.427580563451843	0.401180805822449	1.01305997141083	0.407581149572449	0.109758084875183	0.426762919530945	0.432700173070984	0.269226019872742	0.174105445531921	1.01787346835907	0.436743712865906	1.05148908908661	0.428596183630066	0.841986713110046	0.454355374548035	0.410565758703308	0.415881614660339	0.368175164892273	0.321156582006531	-0.0823482540530398	0.84731851712616	1.13195920511444	0.595114294653015	0.353652190588074	0.880996165990906	0.488800736669617	0.258915533361511	-0.397483298974914	1.06156158640106	-0.55139820754425	0.275318685522156	-0.260967232507629	0.172533677831726	0.268044969945984	0.390528828405456	0.212114424474793	0.553386291235046	-0.195467325952454	0.70559688620575	0.28153906235321	0.672096414892273	0.639814318273621	1.0514284661618	0.303379487279968	0.502099029455261	-0.00418450380889895	0.28907331400116	0.343640718725281	0.638787883215027	0.141490102331238	1.06234155393036	0.296031867406921	0.764185883092956	0.431643125341492	0.47913178098114	0.372257328588562	0.479416514013367	0.27728737259491	0.960560489538269	1.06025637058075	0.651060169164734	0.401452609960632	0.294711208410339	0.739749451635437	0.382879815649109	1.10345755856903	0.284636315771179	0.504189540380554	-0.0929559824465941	0.42167812851532	0.43760108164032	0.40575862851532	0.42167812851532	1.02006663513641	0.30834278560907	-0.129776755273742	0.537661110976257
cg10320410-7-64343315	0.404719588110046	0.345214092870789	0.0290599270993042	-0.430531731103821	0.489171511266785	0.378627676855164	0.415564855016785	0.133869790319519	0.441236624975281	0.47525687851532	0.790769725317078	-0.00884984902374264	0.580905173803406	0.418542418310242	0.711771794530945	0.444391889074402	0.0865094185543824	-0.43318492000763	0.317207464147644	0.303640320104675	0.394125870336609	0.352882287450867	0.422462451391296	0.717760222570496	0.768368910558777	0.622058000097351	0.31810389603241	0.571011871435242	0.439949442113953	0.317057238805847	0.442737406469421	1.1882032918454	0.410515497900086	0.745455390966492	0.427458472936707	0.734555383276062	0.30787267539032	0.424385533849792	0.398735129919128	0.161743996679382	0.411617379491882	-0.168858408349915	0.461150767797546	0.607100120336609	0.828699023717957	0.85714617160614	0.416931192724304	0.521640734899597	-0.019288798364563	0.844838019445496	0.299708424169617	0.356395588659363	0.956816807775574	0.952475259374695	0.356580572851257	0.800969588537292	0.0990908307858278	0.678250486425476	0.402061034032898	0.507582219457703	0.857248078039246	0.428172194982605	0.283251076025085	0.0500088746090699	0.318228315404968	0.454738913854675	1.17486415707977	0.411074521093445	0.592676264013367	0.368260021215515	0.53358224582489	0.310875722997742	0.42167812851532	0.42710458164032	0.41625512851532	0.42167812851532	0.409979105034851	0.993052255507507	0.437723714624695	0.331131240874695
cg10367244-15-96865032	0.411442937719421	0.419479442480164	0.897804276708679	-0.0405243814944459	0.45585186087616	0.412852026464539	0.38280920462616	0.690356139928894	0.398925974584656	0.177992228124695	0.305389074926453	0.247938500585632	0.419949523412781	0.368776767919617	0.27141514414032	0.412342238683777	0.677571768163757	0.428185429601746	0.398248813757019	0.84217066971405	0.469844219945984	0.410724637060242	0.393979801000671	0.460377572179871	0.459168260168152	0.390464349706726	0.392607245641785	0.637091221044617	0.486200791723328	0.425811588415222	0.469194756078796	0.406601641454773	0.47814284750946	0.402628740575867	0.383260822546082	0.290403732885437	0.637325024999695	0.455860883459167	0.441916479528503	0.568481346288757	0.495675729101257	-0.0712920587405396	0.738818117406921	0.392700469945984	0.308394373327332	0.864403521215515	0.420011542333679	0.333486084508972	0.864043551244812	1.11614736905487	0.423316773778992	0.959874938268737	0.154622157384949	0.98155160898407	0.406057922460632	0.412645938146667	-0.354583819604797	0.711577836034851	0.417332383642273	0.584829569067078	0.510161427648621	0.40946354459198	0.45033542563446	0.506194224218445	0.803389665014343	0.48778826346405	0.986168506689148	0.15881987070282	0.397944613622742	0.41435937082489	0.459519595434265	0.426698072607117	0.42167812851532	0.44929808164032	0.39406162851532	0.42167812851532	1.01377033367548	0.361465484148132	0.37435794326532	0.46857931851532
cg10393598-6-87862264	-0.179194722192688	0.447285782568054	0.85084261679657	-0.305165041406555	0.42299620096405	0.427288366552429	0.39859854471405	0.645132480016785	-0.323423685327454	0.436018568212586	0.324766415014343	0.169647840673523	0.438058863500671	0.449780108007507	0.28987948422821	0.454357578771667	0.421596108251648	-0.246532230310364	0.42983215384491	0.440411009801941	0.514096560033874	0.432975977148132	-0.291087858911438	0.389650912267761	0.422337600256043	0.254843689794617	0.401003585729675	0.133323561132507	0.500092131811218	0.414985928503113	0.443405096166687	0.428160981542664	0.534961187597351	0.422160080663757	0.395833162633972	0.236301072973328	0.425442365087585	0.469855223547058	0.823597819616394	0.596858686376648	0.507068069189148	-0.0239267186526489	0.363834457494812	-0.0740421899661255	0.851001713415222	0.500452861303406	0.48079088242157	0.373190424596863	0.128605891332703	0.428527709142761	0.444216113866882	0.393599278356628	0.190556497472839	0.86739194907196	0.409503262548523	0.419964278234558	0.510512520483093	0.423908176122742	0.468178723730163	-0.230076090845032	0.426092767736511	0.424246884679871	0.291991765722351	-0.0561004356936646	0.401013005102234	0.0552506035519409	0.402889846777039	0.14929921079071	0.433408953710632	0.416294710912781	-0.239246064477844	0.916786412695007	0.42167812851532	0.25716608164032	0.58619362851532	0.42167812851532	0.236061978042664	0.40575912851532	0.440273587632507	0.513772305882507
cg10445449-13-100644420	0.437393731908875	0.863788236669617	0.900176070898132	0.359865412695007	0.515672655065613	0.387419820653992	0.379536998815613	0.530002934118347	0.392333768774109	0.467382022314148	0.938529869115906	0.404285294775086	0.428037317602234	0.34246956210907	1.00228993832977	0.34719903287323	0.55034656235321	0.439100223791199	0.441395607946472	0.440052463903503	0.427078014135437	0.424276431249695	0.412038595190125	0.381836366369324	0.402132054357605	0.0466461438961791	1.16448303983124	0.60218201523407	-0.319792414087219	0.765347382604675	0.42212155026825	0.420752435644226	0.457744641698914	0.39019653476532	0.434265616735535	0.42719652707489	0.428497819189148	0.418523677648621	0.410958273717957	0.54906514047821	0.47159152329071	-0.0341812645510864	0.312377911596375	-0.0853087358645629	0.331147167516785	0.341770315404968	0.432039336523132	0.402041878698425	0.872347345434265	0.711552163244324	1.11469056796844	0.412904732458191	0.303101951574402	0.713941403173523	0.404136716650085	0.392337732336121	-0.377143025415344	0.550221630224304	0.419031177831726	0.543069363256531	0.457253221838074	0.388177338781433	0.351899219823914	0.282081018407898	0.415753459203796	0.359861057653503	0.761941300878601	0.422529664892273	0.397125407812195	0.387787165014343	-0.292241610376282	0.72567286679657	0.42167812851532	0.24210658164032	0.60125312851532	0.42167812851532	1.33786257863641	0.73048672910907	0.0933511882262574	0.115517167476257
cg10507304-6-27637520	0.45440082370575	1.14855832846649	0.834100162695007	0.198076504491882	0.0596937468624879	0.440881912450867	0.417371090612488	0.562129025915222	0.113505860570984	0.440060114111023	1.01505696091278	0.00364538657196051	0.423861409399109	0.442394653905945	0.971813030126648	0.409312124670105	0.166856654150086	-0.301806684411926	0.986376699743347	0.375725555700378	0.184873105932312	0.49341052304657	0.424677686986999	0.347981458166199	1.18393014615448	0.365009235693054	0.333320131628113	0.697226107030945	0.175789677709656	0.36708447440155	0.455380642065125	0.360448527441101	0.419714733495789	0.460357626562195	0.29011270853241	1.01753161887177	0.332611910986023	0.410028769445496	-0.0682346344851684	0.548309232275085	-0.395598384912415	-0.0915041727542114	0.40087500339325	-0.118109644067688	0.0159862593136597	0.422497407201843	0.0907544283200075	0.4712399704953	0.00544143723114021	0.913770255041199	1.20053365976532	0.444078824255066	0.475392043371277	0.705923494970398	1.09804180844696	0.399291824132996	-0.388094933618469	-0.167592277978821	0.377733269628601	-0.223709544946594	1.21977731363495	0.470450430578308	1.05704431162079	0.224798110204773	0.606991551000671	0.520214149450378	0.527147392675476	0.425628756689148	1.06989649960907	0.345970256811218	-0.144410518579407	0.876117958593445	0.42167812851532	0.58575908164032	0.25760062851532	0.42167812851532	0.809616478042664	0.51931762851532	0.326715087632507	0.325364138882507
cg10547969-17-35084975	0.433828331396179	0.469191836156921	0.092537670385437	-0.339280987817688	0.539594254552918	0.421035420141296	0.471048598302917	0.104925533605652	0.435048368261414	0.387832621801453	0.37223746860321	0.44562589426239	0.793942917089539	0.457654161596375	0.437608537817078	0.411508632360535	0.412601161840515	0.408958823278503	0.452104207433777	1.15952706339081	0.287187613622742	0.410151030736999	0.387514194677429	0.380158965856628	0.40793565384491	0.676050743383484	0.398680639318542	0.150361614721374	-0.284340814599915	1.24763198209198	0.241535149755554	0.412684035131531	0.388925241186218	0.432207134252624	0.350779216222839	0.216656126562195	0.396699418676453	0.431297277135925	0.817411873205261	0.575984739965515	-0.160192877221985	0.00565733493621823	0.740667511083679	-0.0774751363772583	0.790321767004089	0.381654914892273	0.440238936010437	0.40476847818573	0.18090494492157	0.405311762731628	1.08163016745575	0.460072331945496	0.247337551061707	0.972582002660828	0.47882931613739	0.423947331823425	-0.35566742592804	0.541037229711609	0.453295777319031	0.429599962743835	0.441502821325378	1.09172593826874	0.321379819311218	0.472449617895203	0.326891058691101	0.812950657140808	0.818935900365906	0.373870264379578	0.435390007299499	1.19509876450165	0.508806989111023	0.0280584662838744	0.42167812851532	0.50291608164032	0.34044362851532	0.42167812851532	0.747155978042664	0.56482912851532	0.281203587632507	-0.385045347117492
cg10552446-2-66809923	0.110155018652039	0.451673523412781	0.860768357641296	-0.294847300561829	-0.270755058191223	0.435238107397156	0.427494285558777	0.713762220861511	0.419482055517273	0.260143309057312	0.96103115585907	-0.17048241848175	0.475587604345398	0.433228848852234	0.437561225072937	0.417261319616394	0.587328849096374	0.359956510534363	0.389678894689636	0.416434750646667	0.413899300878601	0.433423717992859	0.393008881933289	0.981553653112488	0.664354341100769	0.198510430639343	0.511058326574402	0.598597301977234	0.459224872655945	0.397965669347839	0.427279837011414	0.67204972238739	0.0923369284420777	1.12328282150848	0.396032903478699	0.239351813818054	0.445065105932312	0.358270964391785	0.820921560461121	0.579640427221374	0.460679810033874	-0.0879279778079222	0.332478198339539	-0.118148449121399	0.800709454259949	0.369535602148132	0.398323623266296	0.417814165441589	0.0723326321774292	1.12989444998749	1.12030285471161	0.422319019201355	0.954793238317566	0.267304689916687	1.04732000339325	0.401133019079285	0.47957126132782	-0.121780083032532	0.43626046457489	0.501710649999695	1.20984650858124	0.412273625524597	0.300902506567078	-0.048851694848938	0.29228974594696	0.656239344396667	0.398982587621765	0.447403951635437	1.02998269455536	0.418583451757507	-0.0887843236331176	0.0314581535397338	0.42167812851532	0.0928785816403199	0.75048112851532	0.42167812851532	0.877408252636414	0.45759140310907	-0.341718137773742	0.388412493476257
cg10595547-10-119310911	0.420230834081726	0.380595338842468	0.0882841730709839	0.371426514867859	0.485813757238464	0.696071922826843	0.445361100988464	0.646567036291199	0.40100587094696	0.429940124487	0.888627971288757	0.447793396947937	0.909045419775085	0.434289664281921	0.810971040502625	0.411041135046082	0.180591664526062	-0.13278767403595	0.407883710119324	0.373973566076355	0.343130116308289	0.459259533422546	0.450459697362976	0.365376468542175	0.368445156530457	0.690286246069031	0.348736142004089	0.434903117406921	0.469193688085632	0.771196484777527	0.447728652441101	0.366682537817078	0.275037743871765	0.520370636938171	0.361588718908386	0.421682629247742	0.376925921361999	0.423005779821472	-0.0518426241091919	0.424713242651062	0.443819625463562	0.707603837621765	0.615300013769226	-0.116031633691711	-0.0320087303103638	0.34612441757782	0.443686438695984	0.445200980871277	0.327085447607117	0.353235265417175	0.662823670141296	0.753700834631043	0.219449053747253	1.05099950534637	0.364306818822937	0.381761834508972	-0.000592923242492716	0.0944427323971557	0.413529280004578	-0.344123534570618	0.939985324010925	0.939146440954285	0.278479321996765	0.422488120580749	0.899179561376648	0.106667159826355	0.360362403051453	0.141430767065125	0.435678509985046	0.972020267187195	-0.17536050820343	0.844450968969421	0.42167812851532	0.21312508164032	0.63023462851532	0.42167812851532	0.248675256675476	0.957115407148132	0.51799886626532	0.32493839551532
cg10626816-1-39025249	0.179190844701843	0.418071349462585	0.787700183691101	0.057682525487976	-0.273778232141419	0.41785493344696	0.412624111608582	0.678793046911316	0.393773881567078	0.405982135107117	0.358474981908875	0.422204407568054	0.985564430395202	0.388371674902039	0.284161051122742	0.456908145666199	0.490419675146179	-0.305472663415833	0.384256720739441	0.393942576696472	0.499928126928406	0.436902544042664	0.426249707983093	0.760427479162292	1.15257216715057	0.655983256689148	0.790051152624206	0.633327128027039	0.433124698705749	0.420767495397644	0.400897663061218	0.406825548437195	0.461160754491882	1.10399464755829	0.389402729528503	0.280221639867859	0.409546931982117	0.399107790441589	0.744283386510925	0.606729253271179	0.489219636083679	0.203501848241882	0.815500024389343	0.173714376928406	0.190615280309753	0.364528428197937	0.483290449316101	0.406503991491394	0.175183458227234	0.421071276037292	1.11457168076141	0.45672484525116	0.408047064367371	0.254991515966492	0.495593829443054	0.396776845129089	0.491221087377625	0.529582743017273	0.449712290624695	0.541286476049499	0.402759334631043	0.395874451574402	0.267231332616882	0.511730131200867	0.337969571996765	0.588850170446472	0.39674641367157	0.431203777685242	1.01613652060516	0.647512277807312	0.469605502416687	0.920830979589539	0.42167812851532	0.50539158164032	0.33796812851532	0.42167812851532	0.142797594175476	0.658691744648132	0.39549420376532	0.44744305801532
cg10678427-3-127176163	0.515482036108093	0.407724540868835	0.0795303750973511	0.542392716894226	0.596467959264831	0.41471712485321	0.499860303014832	0.0940102383175659	0.496585072973328	0.427287326513367	0.278161173315124	0.537166598974304	0.488149621801453	0.503452866308289	0.258902242528992	0.532361337072449	0.429157866552429	0.520292527990417	0.420562912145691	0.397252768102722	0.500391318334656	0.411309735448914	0.500171899389343	0.422591670568542	0.388890358556824	0.153326448095398	1.05643434403046	0.533825319433289	0.572008890112	0.401856686803894	0.541954854467468	0.656403739843445	0.477233945898132	1.16830183896454	0.516878920934754	0.603408831274109	0.446099123388367	0.523185981847839	0.0203685779171752	0.670324444677429	0.318399827489929	-0.0760089603518678	0.321295215795593	0.153706568334656	0.00846747171600337	0.368903619604187	0.489879640722351	-0.153360817102356	0.0721126496334839	0.403557467443542	0.398084872167664	0.39436903665741	0.67156225577362	0.259477707372742	0.405849020849304	0.407210036535339	0.359559278783875	0.454673934423523	0.499004482030945	0.141478667455749	0.395345526037292	0.421494642980652	0.370760524023132	0.423668322607117	0.307094763403015	0.834915361852722	0.40070560507782	0.511787969091492	0.397528712011414	0.402059469213562	0.591144693822937	0.807719170995788	0.42167812851532	0.63561108164032	0.20774862851532	0.42167812851532	0.188497970636414	0.40370412110907	0.542267580226257	0.442299775476257
cg10747118-3-184243718	0.542009236669617	0.421357741430359	0.0958585756588746	0.451581917455749	0.597250159826355	0.444881325414734	0.556415503576355	0.711350438879089	0.539788273534851	0.16952252707489	0.284991373876648	0.194228799535828	0.392560822362976	0.544598066869812	1.12544744309052	0.540433537633972	0.0803730671139527	0.561351728551941	0.406366112707214	0.427455968664246	0.511387518896179	0.414329936010437	0.560230099950867	0.378919871130066	0.396065559118347	0.635363648656921	0.54668154459198	0.166502519994812	0.235915090673523	0.822389887365418	0.509372055028992	1.32748694040497	0.382877146459656	0.404908039526062	0.534845121496277	0.410222031835632	0.39937532394989	0.380440182409363	0.366567778478699	0.108772645238953	0.494521028051453	0.456463240209656	0.318196416357117	0.758524768896179	0.128861672277527	0.38467682016571	0.523203841283875	0.000753383459167478	0.847537850195007	0.422843668005066	0.405213072729187	0.958031237218933	0.163550456335144	0.374194907934265	0.413189221410828	0.437948237096863	0.559323479345398	0.0605711349850463	0.506966682592468	-0.201073131982727	0.410940726598816	0.665258843542175	0.268385724584656	0.44261452316864	0.694731963964539	0.00274956241424568	0.559545805639343	0.526372169653015	0.414646912572937	0.407031669775085	0.427881894384461	0.0491773715573121	0.42167812851532	0.59014258164032	0.25321712851532	0.42167812851532	0.109993074636414	0.31472722510907	0.570217684226257	0.531276671476257
cg10780890-10-102978277	0.421735970922546	0.492716475683289	0.333720309911804	0.410546651708679	0.545467894079285	0.438697059667664	0.465676237829285	0.0993991731320191	0.460856007787781	0.47772426132782	0.274485108129578	0.587160533788757	0.383284556615906	0.483890801122742	0.761697177343445	0.479465271886902	0.107525801366882	0.466084462804871	0.403220846960144	0.414765702917175	0.445319253149109	0.403614670263367	0.475571834203796	0.369035605382996	0.388162293371277	0.663572382909851	1.10677727884491	0.354053254247742	0.455846824926453	0.802934621618347	0.139537789281922	0.408524674657898	0.452399880712585	0.650749773778992	0.458606855749207	0.911348766088562	0.38611605820282	0.409047916662293	0.573651512731628	0.216457379491882	0.467829762304382	0.262923974462585	0.323224150610046	0.697170503149109	0.865003406530457	0.40546255441864	0.456742575536804	0.513553117712097	0.109689584447937	0.421363402257996	1.16988980698212	0.386168971471863	0.382623190588074	0.403865642187195	0.396502955663757	0.412432971349793	0.459346213598328	-0.00445313076202397	0.452792416845398	-0.305614397729797	0.528561460851746	0.385181577795105	0.238584458837585	-0.0566457425784301	0.354400698217468	0.202815296667175	0.529191539892273	0.451250903905945	0.418194646825867	1.12675840402801	0.55673262863739	0.0419871058102417	0.42167812851532	0.59698808164032	0.24637162851532	0.42167812851532	0.206760902136414	0.38815005260907	0.597156511726257	0.457853843976257
cg10828660-2-175205852	0.503633955785828	0.42388946054657	0.0717152947750855	0.48926963657196	0.452544878942566	0.485698044530945	0.498229222692566	0.5763391579953	-0.142978007348938	0.425033246191101	0.685278092992859	0.154721518652039	0.412136541479187	0.530249785986023	1.04225516220673	0.370541256750183	0.0662957862301636	0.457510447668152	0.368694831823425	0.390581687780457	0.45590423801239	0.396080655126648	0.523388819067078	0.570669590246277	0.404593278234558	0.689567367773132	0.375884263708191	0.114799239111023	-0.314988190210266	0.515331606481628	0.438221774145203	1.26962765952118	0.439839865575867	0.419765758642273	0.465753840612488	0.979751750951843	0.896515043066101	0.472805901525574	0.0152494975949096	-0.0796356356448364	0.490291747167664	-0.0552170406741334	0.341406135473328	0.71495348801239	-0.00505260860626222	0.377795539281921	0.478189560400085	0.537310102575378	0.949973569311218	0.601612387121277	0.414291791845398	0.419303956335144	0.277057175451355	0.268958627050476	0.840982940527039	0.401490956213074	-0.397951801538391	0.709677854101257	0.467249401708679	0.565780587133484	0.433255445715027	0.378973562658386	0.258108443700867	0.472671242284851	0.303372683080749	-0.00638971846954345	0.407819524755554	0.178130888769226	0.415254631689148	0.389956388891296	-0.240469386499329	0.0333990906735229	0.42167812851532	0.57031508164032	0.27304462851532	0.42167812851532	0.171458064136414	0.37183421460907	0.584516673726257	0.474169681976257
cg10943249-15-53097289	0.46250980832489	0.423927313085632	0.085531147314148	0.265731489111023	-0.312633268518372	0.461962897070007	0.432298075231628	0.181086010534363	0.428089845190125	0.140310098730164	0.769123945531921	0.402724371191101	0.69891139401825	0.465004638525085	1.10872301474579	-0.313587890710754	0.108418638769226	-0.290535699792786	0.701638684362488	0.413680540319519	0.430907090551453	0.41941150766571	0.45011767160614	1.12128244278534	0.421491130773621	0.523233220312195	0.433664116247253	0.492979091650086	0.418301662328796	0.423921459020691	0.203160626684265	1.20871651206024	0.414169718114929	0.416441611181335	0.44627669315155	1.04459560349091	0.420857895605164	0.440817754064636	0.324421350133972	-0.224255783105774	0.318393599706726	0.798788811864929	0.37723298801239	0.229032340551453	0.4942842439328	0.696386391820984	-0.177623587060852	0.00807295511444089	0.105224421850281	0.398357239660339	1.06860864438446	0.425842808874207	0.541663027990418	0.366123479589539	0.446125793066101	0.419642808752136	0.508298051000671	0.70486970664032	0.408217254247742	0.248281439672546	0.407390298254089	1.14568641519745	0.269804296239929	0.146234094823914	0.561035535619812	-0.018900865930481	0.813478377294617	0.0658917413082886	1.10687248422821	0.406928241430359	0.528641466039734	0.898802943212585	0.42167812851532	0.56463608164032	0.27872362851532	0.42167812851532	1.00068500613641	0.33835815660907	0.308481615726257	0.507645739976257
cg10949113-7-1362962	0.507523889989929	0.407499394750671	0.983756228979187	0.342886570776062	0.545095813146667	0.483488978735046	0.392720156896667	0.330290092199402	0.438180926855164	0.428087180395203	0.85017502719696	0.37944845285614	0.905206475683288	0.437270720190125	0.331641096410828	0.467493190954285	0.489214720434265	0.512091381872253	0.364483766027527	0.396876621984558	0.214395172216492	0.38848558933075	0.481651753271179	0.604022524450379	0.38197621243866	0.631721301977234	0.889687197912292	0.806262173315125	0.325957743993835	0.39152854068573	0.0576047083493043	0.389225593725281	0.182748799779968	0.382092692846374	0.451498774816589	0.636638685155945	0.402039977270203	0.456213835729675	0.209108431799011	0.602191298559265	0.228521681371765	0.134284893529968	0.412786069677429	0.188942422216492	0.833068325597839	0.366640473486023	0.474026494604187	0.42078603677948	0.0611575035153198	0.400219321325378	0.4435657260495	0.505220890539246	0.405221109655457	0.830988561254578	1.09507787473114	0.390002890417175	-0.0109168673342896	-0.0628192116946412	0.419955335912781	-0.340371478662414	0.425920379919128	0.382907496862488	0.550734377904968	0.849989176488953	0.527560617284851	0.284920215734558	0.421681458959656	0.448949822973328	0.397484565893249	0.875360323095398	0.563116547704773	0.759937024877624	0.42167812851532	0.48784908164032	0.35551062851532	0.42167812851532	0.288224406636414	0.45148355710907	0.601206016226257	0.394520339476257
cg10950661-11-31849156	0.439405003759461	0.431111508520203	0.102327342748718	0.486742684545593	-0.0899450730838013	0.425903092504578	0.413741270666199	0.318245205968933	0.448243040624695	0.400834294164734	0.421988140966492	0.391783566625671	0.42586358945282	0.436580833959656	0.283145210180359	0.436546304723816	0.139700834203797	0.430069495641785	0.434605879797058	0.421001735754089	0.449319285986023	0.425245703100281	0.447985867040711	0.40342463821991	0.396448326208191	0.401904415746765	0.868814311681824	0.195088287084656	-0.210520142236633	0.410803654455261	0.423134822118836	0.405726707494812	0.4923389135495	0.400794806615906	0.433096888586121	0.264939798925476	0.458073091039734	0.455087949499206	0.0912295455685425	-0.212229587671204	0.427679795141296	-0.0106489927005005	0.33325118344696	-0.072321464013977	0.613344439367371	0.381178587255554	0.433548608373718	0.310681150549011	0.0954136172848511	0.42742443509491	0.407101839819031	0.435301004308777	0.242697223424988	0.297457675024109	0.426960988500671	0.437167004186707	-0.345413753564758	0.68055090207489	0.431741449682312	0.494115635107117	0.87013749368866	0.451240610632019	0.3694324916745	-0.00910370974151609	0.348815731054382	0.0199723295040894	0.429196572729187	0.453523936742859	0.417294679662781	0.426394436864929	-0.280488338525696	0.904288138647156	0.42167812851532	0.31645758164032	0.52690212851532	0.42167812851532	0.219321336136414	0.40693448660907	0.447987945726257	0.439069409976257
cg10987597-13-112726058	0.489482910863953	0.648972415624695	0.91246324985321	0.455690591650085	0.529814834020691	0.42095199960907	0.398823177770691	0.100944113073425	0.496757947729187	0.537253201269226	0.933301048070984	-0.193080526269837	0.808472496557312	0.416362741064148	0.776870117284851	0.465240211828308	0.126115741308289	0.448276402746277	0.37776178690155	0.405746642858582	0.179763193090515	0.411215610204773	0.230679774145203	0.388062545324402	0.403616233312683	0.692947322851257	0.804219218786316	0.150011194189148	0.463785764867859	0.383029561559753	0.206676729223328	0.400974614599304	-0.347872179346008	1.1878957137204	0.423901795690613	1.03517370602997	1.23898999814423	0.448376856603699	0.0695254526730346	0.325199319433289	0.102755702245789	-0.000552085596008334	0.707122090551453	-0.0686035569094849	0.0132313464718627	0.460715494360046	-0.34902348452179	0.522419057653503	0.288632524389343	0.813270342199402	1.13395174692352	0.911367911413269	0.19683613052948	1.1356115821286	0.420257895605164	1.0299559112912	0.494207153539734	0.677010809179382	0.159680356786804	-0.310004457788391	0.875150400793152	0.392340517736511	1.11597139877899	-0.0511538026370241	0.805765638158874	-0.000602763391418515	0.389627479833679	0.175933843847351	0.438241586767273	1.21519834396942	0.422050568578796	0.0524410457516478	0.42167812851532	0.45160708164032	0.39175262851532	0.42167812851532	0.954714737175476	0.284128887648132	0.42772434676532	0.41521291501532
cg11028201-4-41867562	0.422443576025086	0.341765080785828	0.867568915014343	0.436543256811218	-0.438777500818176	0.337457664770203	0.419564842931824	0.0941987782345582	0.42227861289032	0.233439866430359	0.249076713232117	0.506432138891297	0.810264161718445	0.411706406225281	0.184705782445984	-0.220141123010559	0.607875406469421	0.44370006790741	0.493003452062683	0.759492308019714	0.377135858251648	0.348897275365906	0.421729439306335	1.09648521048553	0.864162898473816	0.52103498801239	1.17560588394745	0.761583859350281	0.0629404300289917	0.307741226720886	0.291388394384461	1.16889027976044	0.375215485815125	0.332355378881531	0.352659460851746	0.751384371191101	0.795732663305359	0.393245521764832	0.0289031178341676	0.556018984594421	0.392773367406921	-0.137987420434875	0.681553755712585	0.428070108251648	0.677633011632996	1.10748815952118	0.382547180639343	0.451257722814636	0.819691189550476	0.357805007360535	0.330214412084656	0.410093576574402	0.798766795690613	1.05933124728973	0.371575560766296	0.312281576452332	0.280654818700867	0.655579474340515	0.378927021947937	0.483589207372742	0.889640065954285	0.779568182897644	0.382017063940125	0.595530862524109	0.617600303320007	-0.0551870982302856	0.826743144994812	-0.423423490991516	0.345422251928406	0.336798009130554	0.130247233739929	0.762966710912781	0.42167812851532	0.53132058164032	0.31203912851532	0.42167812851532	0.241707478042664	0.40166862851532	0.444364087632507	0.596763351882507
cg11119419-10-102501375	0.478353038305359	0.391989543066101	0.961172377294617	0.305209719091492	0.528063961462097	0.410843127050476	0.461531305212097	0.0819812405148316	0.405991075170593	0.389404328710632	0.27760717551239	0.48900860117157	0.772739623998718	0.405726868505554	0.237173244726257	0.437561339269714	0.238961868749695	0.429627530187683	0.362544914342957	0.443991770299988	0.470826320531921	0.406612737646179	0.500745901586609	0.349830672765808	0.404622360754089	0.706542450292663	0.435751346227722	0.166712321630554	0.474856892309265	0.76569568900116	0.484601856664734	0.40137974204071	0.482108948095398	0.380132841161804	0.461501923132019	0.217758833471375	0.390550125585632	0.466777984045105	0.0173935801144409	0.611146446874695	-0.0800531703128051	0.782050041845398	0.346369217992859	0.655335570531921	0.870845473913269	0.361905621801453	0.456682642919617	0.46981018509491	0.12703465183075	0.384942469640808	1.19719387436493	0.428356038854675	0.197387257970886	1.09801370957001	0.37998102304657	0.721204038732605	-0.18918771901886	0.280509936620789	0.47656148422821	0.352153669653015	0.462998528234558	0.400382645177917	0.837186526220398	0.472543324804382	0.287383765600281	-0.0106466359500121	0.363946607275085	0.435775971288757	0.415752714208679	0.947091471410828	0.559953696020203	0.0826091731930541	0.42167812851532	0.42640908164032	0.41695062851532	0.42167812851532	0.737020692175476	0.346929842648132	0.35116930176532	0.49176796001532
cg11241663-2-66810341	0.0867826380368041	0.449682142797546	0.891700977026062	-0.359075681177063	-0.275562438806457	0.422259726781921	0.456187904943542	0.801804840246277	0.466216674902039	0.462624928442078	0.378981775243836	-0.158935799096985	0.518348223730164	0.487517468237	0.320525844457703	0.44979293900116	0.59159046848114	-0.288937870080872	0.390400514074402	0.411734370031433	0.420295920263367	0.383494337377625	0.485001501318054	1.04369627249725	0.867219960485535	0.300391050024109	1.22417394595917	0.160264921361999	0.00404849204071039	0.397248288732605	0.441628456396179	0.419344341772156	0.208967547826843	1.18451044089325	0.438319522863464	0.22455543320282	0.376718725317078	0.43804658377655	0.829017179845886	0.60206604660614	0.45329542941864	-0.0812383584231566	0.630245817724304	-0.116921829736633	0.852758073644714	0.355732221532898	0.449718242651062	0.501806784826355	0.0633082515621948	1.20696206937225	1.18415047409637	0.405981638586121	0.998546857702332	0.274210309301453	1.15997562277802	0.40608363846405	0.476383880712585	-0.124256463647766	0.434215083959656	0.51688126938446	1.082038127966	0.390595244909363	0.281875125951843	-0.0647740754641724	0.338281365331726	0.206438963781433	0.387215207006531	0.453964571020203	1.06984331394012	0.409385071142273	0.210231295751648	0.0428947729244994	0.42167812851532	0.10107158164032	0.74228812851532	0.42167812851532	0.890633372136413	0.41156752260907	-0.357986018273743	0.434436373976257
cg11267630-17-46811527	0.444691092016296	0.411554596777039	0.800339431005554	0.472918772802429	0.540745015173035	0.385063180761414	0.404061358923035	0.238901294225769	0.406846128881531	0.29904838242157	0.993898229223328	0.461463654882507	0.368870677709656	0.427101922216492	0.256774298437195	0.144072392980652	0.166669922460632	0.446459583898621	0.452103968053894	0.425006824010925	0.480367374242859	0.380632791357117	0.416657955297546	0.365066726476746	0.383725414465027	0.739222504003601	1.12012139993866	0.687842375341492	0.102131946020203	0.792332742712097	-0.128699089624329	0.381870795751648	0.503620001806335	0.387148894872742	0.443233976842957	0.507417887182312	0.44282717929657	0.457262037756042	0.0504266338253785	0.355099500585632	0.507356883398132	0.413576095556336	0.298752271703796	0.360010624242859	0.802713527624207	0.43406167551239	0.475877696630554	0.428867238805847	0.241356705541687	0.381629523351746	0.412705928075867	0.352739092565613	0.900552311681824	0.812360763280945	0.788051076757507	0.373813092443542	-0.0183386653079223	0.493040990331726	0.444218537939148	-0.267419276636047	0.386250581945496	0.380106698888855	0.672854579931335	0.52275937851532	0.317341819311218	-0.0235025822390746	0.419183660986023	0.437669024999695	0.378645767919617	0.675075525121765	0.45241074973114	0.597079226903992	0.42167812851532	0.39965408164032	0.44370562851532	0.42167812851532	0.675236478042664	0.38377162851532	0.462261087632507	-0.0367207801174926
cg11274314-2-242480504	0.452650345678406	0.400656850439148	0.0602976846676637	0.392410026464539	-0.366717731164856	0.416858434423523	0.398283612585144	0.164796547887878	0.33651438254364	0.419885636083679	0.398520482885437	0.469311908544617	0.586913931371765	0.437189175878601	0.238829552099304	0.423706646642761	0.686686176122742	0.42309083756073	0.451387221716003	0.374880077673035	0.382103627904968	0.413477045019226	0.177383208959656	0.494856980138855	0.476932668127136	0.44933475766571	0.368129653600769	0.738502629003601	0.454604199682312	0.371487996374207	-0.388951835962219	0.424647049413757	0.463830255468445	0.406701148534851	0.299900230505066	1.03457214084442	1.13104943295868	0.421997291418152	0.808571887487488	0.295572754247742	0.497483137060242	0.0242093492184448	0.729123525365906	0.663832877904968	-0.0191902187136841	0.3597389291745	0.461110950292664	0.421612492467957	0.607686959203796	0.398907777013855	0.370786181737976	0.456023346227722	0.968614565343933	0.237931016943054	0.488903330419617	0.408284346105652	0.451653588354187	0.563120243993835	0.456252791601257	0.221637977026062	0.390674835607605	0.388137952550964	0.247937833593445	0.520149632177429	0.442791072973328	0.694707671423035	0.372236914648132	0.390730278661804	0.379627021581726	0.366130778783875	0.482600003393249	0.668457480566101	0.42167812851532	0.54143158164032	0.30192812851532	0.42167812851532	0.157061169175476	0.553496319648132	0.44273777876532	0.40019948301532
cg11299477-5-153859854	0.381975225927429	0.479373730688171	0.901380564916687	0.263394906713562	-0.0883288509158325	0.455160314672546	0.431082492834167	0.252523428136902	0.403144262792664	0.381312516332703	0.81349436313446	0.45311478879364	0.487722811620789	0.430793056127624	0.284397432348328	0.421483526891785	0.0718560563717652	0.439239717809753	0.417323101965027	1.16145695792206	0.379446508153992	0.47990892526825	0.423820089208679	0.389690860387878	0.39952054837616	0.606890637914734	0.931014533849792	0.213748509252625	0.497999079931335	0.99865587662323	0.379134044286804	0.391992929662781	0.374871135717468	0.373124028783875	0.357635110754089	0.803258021093445	0.389841313207703	0.381495171667175	0.526447767736511	0.253789634496765	-0.0195649826907348	0.748715229467468	0.384807405614929	-0.094008241846008	0.525177661535339	0.349674809423523	0.368284830541687	0.51206537271698	0.65052283945282	0.445105657262878	0.969981061987	0.430383226476746	0.565497445592957	0.247096897192078	0.85481821066864	0.824816226354675	0.187911468603211	0.635166124242859	0.378250671850281	0.376264857275085	0.405240715856628	0.857249832799988	0.262024713842468	0.626975512426453	0.654973953222351	0.0713165516720582	0.398125794897156	0.428999158910828	0.830565901830749	0.421769659032898	0.530855883642273	0.0452873608151245	0.42167812851532	0.49133458164032	0.35202512851532	0.42167812851532	0.130495478042664	0.39168162851532	0.454351087632507	0.486424970882507
cg11342198-7-52155829	-0.405172361963196	0.403793142797546	0.128075977026062	0.475082318822937	0.453929561193542	0.410204726781921	0.487889904943542	0.305116840246277	0.459959674902039	0.249537928442078	1.11435477524384	-0.0343627990969848	0.343746223730164	0.453725468237	0.728751844457703	-0.29886006099884	0.67296946848114	-0.405229870080872	0.357172514074402	0.660213370031433	0.432350920263367	0.557527337377624	0.484887501318054	0.817660272497253	0.343513960485535	0.443273050024109	0.343266945959167	0.0856759213619995	0.12059749204071	1.1230402887326	0.323923456396179	0.366085341772156	0.455011547826843	0.336166440893249	0.381924522863464	0.16357743320282	1.25900872531708	0.46068758377655	0.176474179845886	0.51108004660614	0.47161242941864	0.191379641576843	0.436704817724304	0.504501170263367	0.805175073644714	0.338596221532898	0.441066242651062	0.472181784826355	0.168443251562195	0.379776069372253	0.974928474096374	0.864217638586121	0.111423857702332	0.353195309301453	0.355982622778015	0.43980063846405	-0.0383401192874145	0.659337536352234	0.404188083959656	-0.37444373061554	0.496586127966003	0.960249244909363	0.678456125951843	0.714412924535828	0.346916365331726	0.0149649637814332	0.332316207006531	-0.171482428979797	0.387425313940125	1.21404007114227	0.525843295751648	0.7324837729245	0.42167812851532	0.32075108164032	0.52260862851532	0.42167812851532	0.506047097628601	0.715582248101257	0.255738707218445	0.341626902468445
cg11468255-17-77780000	0.190296462987976	0.430248967748718	0.825424801977234	-0.142059856225891	0.505148386144714	0.414373551733093	0.421574729894714	0.284326665197449	0.426156499853211	0.36267775339325	0.345288600195007	0.333738025854187	0.422956048681335	0.462626293188172	0.299999669408875	-0.365208236047668	0.195532293432312	0.4797679548703	0.513956339025574	0.419942194982605	0.389526745214539	0.442245162328796	0.457251326269226	0.389442097448425	0.413414785436707	-0.0995131250247192	0.445577770910339	0.176245746313171	0.476348316991882	0.413709113683777	-0.160983718652649	0.421937166723328	0.440983372778015	0.421604265844421	0.446409347814636	0.299894258153992	0.43983855026825	0.371435408727722	0.000689004797058135	0.431278871557312	0.491638254369812	0.272831466528015	0.358114642675476	0.0453169952145386	0.789696898595886	0.37255304648407	0.444476067602234	0.463192609777527	0.122890076513367	0.418437894323425	0.423111299047546	0.448849463537292	0.295800682653503	0.272711134252625	0.521200447729187	0.445968463415222	0.434009705663757	0.641252361303406	0.451062908910828	0.426284094335632	0.436444952917175	0.442977069860535	0.286701950903015	0.117942749487	0.457244190282898	0.391339788732605	0.433686031957703	0.451507395971374	0.458006138891296	0.422801896093445	-0.12646387929718	0.0487985978756714	0.42167812851532	0.57240558164032	0.27095412851532	0.42167812851532	0.615138605034851	0.716634755507507	0.232564214624695	0.0756493078746949
cg11508718-14-55031827	0.32034926535614	0.411304770116882	0.881467604345398	0.398324946142273	0.193335188512878	0.424938354101257	0.414338532262878	0.0771544675656128	0.431635302221374	0.107074555761414	0.263169402563171	0.307852828222351	1.0373548510495	-0.344041904443665	0.264520471777039	0.00213656632049558	0.636116095800476	-0.00674624276153568	0.374709141393738	0.389109997350769	0.0462895475827026	0.38737796469696	-0.36437587136261	0.987270899816589	0.404774587804871	0.696815677343445	1.2411785732785	0.112337548681335	0.496646119360046	0.575868916051941	0.456035083715515	0.397219969091492	0.438863175146179	1.15963306821259	-0.2760968498172	0.995681060522156	0.411209352636414	0.111750211095886	0.631823807165222	0.216383673925476	0.461177056737976	-0.0692367311038207	0.34772144504364	-0.119904202417297	0.50579070096405	1.18119284885223	-0.438931130029602	0.413375412145691	0.185016878881531	0.403230696691589	0.65226410141571	0.804754265905457	0.603830485021668	1.04220993662079	0.419608250097351	0.947993265783386	0.494431508031921	0.59900816367157	0.441425711278992	0.551900896703796	0.391983755285339	0.996637872228699	1.02530675327118	0.515500551855164	0.453802992651062	-0.0223044088992309	1.13396983432587	-0.0781958016604614	1.05232694125946	0.829205698461609	0.508563923070984	0.513733400243836	0.42167812851532	0.55672058164032	0.28663912851532	0.42167812851532	1.01011583363641	0.35762398410907	0.179586443226257	0.488379912476257
cg11536474-2-63286049	0.540926229101257	0.412128733862	0.531317568090515	0.52532590988739	0.592836152257996	0.404510317846375	0.516000496007996	0.86540243131073	0.476900265966492	0.504396519506531	0.866585366308289	0.366814791967468	0.397689814794617	0.519189059301453	0.284494435522156	0.400472530065613	0.0545280595455934	-0.0482242790164184	0.409696105138855	0.506900961095886	0.51346951132782	0.393763928442078	0.518599092382507	0.357897863561707	1.11880855154999	0.234959641088562	0.388688537023621	0.791168512426453	0.367230083105164	0.398205879797058	0.198981047460632	0.399478932836609	0.531748138891296	0.394846031957703	0.495633113927918	0.199497024267273	0.390494316381531	0.512170174841003	0.0756637709103394	-0.199405362329407	0.529902020483093	0.857680232641296	0.721353408788757	0.74585676132782	0.918565664709168	0.365361812597351	0.514857833715515	0.296118375890808	1.01928184262665	0.534113660436707	0.388974065160828	0.369238229650574	0.146962448766785	0.697517900365906	0.392510213842468	0.397596229528503	-0.372865528222961	0.690465127416687	0.514110675024109	0.464729860448914	0.412893719030457	0.393903835973816	0.261840717016296	0.452271515600281	0.309198956396179	0.512178554845886	0.431508798070984	0.474737162084656	0.394153905004578	1.24150066220673	-0.293085113183899	0.946314363988953	0.42167812851532	0.29329008164032	0.55006962851532	0.42167812851532	0.660549638675476	0.229916789148132	0.39652624826532	0.44641101351532
cg11560280-12-54089497	0.476904702123718	0.36836920688446	0.859296041112976	0.474567382909851	0.513591625280457	0.363779790868835	0.456640969030457	0.058623904333191	0.453456738988953	0.393542992528992	0.23400483933075	0.537103264989929	0.357886287817078	0.467853532323914	0.910372908544617	0.418341003088074	0.0579005325680542	0.510283194006042	0.638340578161316	0.453565434118347	0.447640984350281	0.360769401464539	0.470920565404968	0.402399336584167	0.903002024572449	0.683019114111023	0.360257010046081	0.133606985448914	-0.366584443872376	0.637319352819519	0.498165520483093	0.36656740585907	0.452235611913757	0.354925504980164	0.466885586950378	0.145205497289734	0.334719789403992	0.459905647863464	0.3527112439328	0.173582110693054	0.469818493505554	0.724176705663757	0.363345881811218	0.358978234350281	0.0841861377316284	0.779730285619812	0.444519306737976	0.401184848913269	0.107273315649109	0.353841133459168	0.341411538183289	0.461031702673035	0.924451921789246	0.252009373388367	0.347592686864929	0.346504702550964	0.4710439447995	0.729767600439148	0.44721914804657	0.385607333471374	0.688486192052918	1.02169930899628	0.212404190038757	0.178858988622742	0.91334442941864	0.0568200278683472	0.352598271093445	0.463441635107117	0.351457378027039	0.348651135229187	0.423160359838562	0.533885837011414	0.42167812851532	0.60900508164032	0.23435462851532	0.42167812851532	0.504171478042664	0.45109262851532	0.394940087632507	0.251874130882507
cg11590053-6-41343459	0.446310094213562	0.564623598974304	0.0856524332028198	0.497783774999695	0.4087570173703	0.394428182958679	0.4319193611203	0.334923296423035	0.435657131078796	0.380976384618835	0.898410231420593	0.577781657079773	1.14395167990692	0.473745924413757	0.523210300634461	0.426011395177917	0.168941924657898	0.457473586095886	0.94805297025116	0.388385826208191	0.420383376440124	0.377638793554382	0.452277957494812	0.394500728674011	0.422211416662293	0.506792506200867	0.447134402135925	0.124604377538757	0.515619948217468	0.443427744909363	0.324143912572937	0.413813797948914	-0.443084995996399	0.853324897070007	0.428953979040222	0.184881889379578	0.422509181493835	0.402870039953308	0.0100186360226441	0.516382502782898	0.293768885595398	0.636548097753601	0.271749273901062	0.0767316264401246	0.814296529821472	0.385120677709656	0.42613869882782	0.496358241003113	0.0600227077389527	0.384495525549011	0.383487930273132	0.374866094762878	0.364759313879089	0.32356476547821	0.420828078954773	0.640267094640808	0.460792336889343	0.305922992528992	0.402362540136413	-0.255838274438782	0.984455584142761	0.458608701086121	0.256682582128601	0.271017380712586	1.05826582150848	0.432589419958191	0.683051663183289	0.41473302719696	0.842312770116882	0.683888527319031	0.505269751928406	0.0452662291012573	0.42167812851532	0.50381358164032	0.33954612851532	0.42167812851532	0.359242651995789	0.491526802468445	0.174982261585632	0.609785610835632
cg11631271-19-38700487	-0.278760655908508	0.387539848852234	0.0491406830807496	0.397757024877624	-0.02057873275177	0.391644432836609	0.42742661099823	0.0708545463009644	0.415020380956726	0.172369634496765	0.747550481298523	0.470356906957703	0.557585929784851	0.383628174291687	1.05857455051239	0.158321645055847	0.667752174535828	-0.337447164026184	0.363926220129089	0.368932076086121	0.476735626318054	0.746001043432312	0.424613207372742	0.746044978551941	0.400710666540222	0.554087756078796	0.516069652013855	0.619098627416687	0.218382198095398	0.548197994787292	0.418491162450867	1.24970404782684	0.357535253881531	0.373939146947937	0.445104228918152	0.983120139257507	1.24608143137177	0.404436289831238	0.764373885900574	-0.273602247339172	0.262562135473328	0.132420347631531	0.837985523778992	-0.140675123681946	-0.0196022203005982	0.340290927587585	0.45297494870575	0.221041490881042	0.602619957616882	0.377807775426941	0.660094180151062	0.817636344640808	0.751075563757019	0.22486101535614	0.385440328832703	0.827063344518738	0.163363586767273	0.440072242406921	0.422648790014343	0.575198975439148	0.371856834020691	0.37321795096405	0.229951832006531	0.576325630590515	0.315695071386414	0.791606669836121	0.501714913061218	0.44931727707489	0.511297019994812	1.01660277719696	0.364272001806335	0.566263478979187	0.42167812851532	0.31963808164032	0.52372162851532	0.42167812851532	0.484272377675476	0.328539528148132	0.43741198726532	0.40552527451532
cg11743528-1-218339560	0.0967355571041871	0.390795061864929	0.855325896093445	0.42402723789032	0.495075480260925	0.400349645849304	0.423121824010925	0.0666157593136598	0.0666325939694214	0.388604847509461	0.933309694311218	0.482456119970398	0.405549142797546	0.429853387304382	1.04140076352509	-0.354433141931457	0.476239387548523	0.420579048986511	0.364106433141785	0.383519289098816	0.37489783933075	0.889405256445007	0.335085420385437	0.993516191564636	1.13330887955292	0.669531969091492	0.37858586502655	0.588803840429382	0.463205411108093	0.343591207799988	0.422142375463562	0.366386260839539	0.207124466894226	1.16250435996063	0.314649441930847	0.988719352270203	0.47025664438446	0.403898502843933	0.415114098913269	0.570346965673523	0.314202348486023	0.175602560644226	0.586046736791687	0.65611308933075	0.530414992712097	0.463394140600281	0.239209161718445	0.489791703893738	0.634173170629578	0.391266988439636	1.09600639316376	0.435428557653503	0.943913776769714	0.222207228368836	0.422424541845398	0.387689557531433	-0.414712200220032	-0.160080544580383	0.349435003027039	0.472877188451843	1.20758504703339	0.360593163976746	0.562101045019226	-0.0633101563967895	1.01869528439911	-0.0400211171511841	0.345259126073914	-0.413519509912415	1.07352823300751	0.381962990209656	-0.326048785180969	0.457705691991882	0.42167812851532	0.22002858164032	0.62333112851532	0.42167812851532	1.13975841013641	0.49455656060907	0.128058019726257	0.351447335976257
cg11756095-1-32410614	0.458060937841492	0.385289442602234	0.35454527683075	0.455409618627625	-0.36938413900177	0.384039026586609	0.41981320474823	0.162236140050964	0.408403974706726	0.471302228246765	0.250206075048523	0.500620500707703	0.375017523534851	0.370691768041687	0.22826414426239	0.416090238805847	0.0364487682858276	0.431086429723816	0.481786813879089	0.93492666983612	0.455465220068054	0.388856637182312	0.479093801122742	0.339852572301941	1.14386926029022	0.683476349828796	0.359560245763855	0.351019221166687	0.421718791845398	0.388144588537293	0.478948756200867	0.377313641576843	0.438278847631531	0.401140740697937	0.434949822668152	0.538324733007507	1.27301302512177	0.411384883581238	0.769841479650574	0.579844346410828	0.484012729223328	-0.103217058618469	0.924342117528992	0.520490470068054	0.424699373449402	0.998119521337586	0.45549454245575	0.401216084631043	0.939639551366882	0.392051369176941	0.370318773901062	0.360203938390808	0.131490157507019	1.08529660910614	0.371788922582703	0.373508938268738	-0.377592819482727	0.721978836156921	0.458300383764343	0.573000569189148	0.387999427770691	0.37859654471405	1.04357942575653	-0.100973775659485	0.315706665136414	0.608426263586121	0.686288506811218	0.43627087082489	0.370958613744812	0.365789370946961	0.463814595556335	0.923547072729187	0.42167812851532	0.41633108164032	0.42702862851532	0.42167812851532	0.238148978042664	0.41670512851532	0.429327587632507	0.578095268882507
cg12036633-15-63758958	-0.381251179468079	1.19935332529266	0.902212159521179	-0.381985498681946	-0.35075925631134	0.674105909277039	-0.38710891256134	0.241266022741394	0.483674857397156	-0.093333889062805	0.628981957738953	0.0220793833981324	0.362765406225281	0.188326650732117	0.23859002695282	0.477907121496277	0.422195650976257	-0.244036687585754	1.25104369656952	0.78553255252655	0.399114102758484	1.24313351987274	0.493886683813171	0.331514454992371	1.25010914298065	0.209522232519226	0.354484128454285	0.114324103857117	-0.366782325464172	0.361311471227722	-0.397207361108703	0.365807524267273	0.435513730321961	0.369429623388367	0.477351705358582	0.166162615697937	0.375066907812195	-0.422400233728333	0.422281362341003	0.594540229101257	0.0407436119137574	-0.107003175928039	0.604880000219421	0.136641352758484	0.468925256139831	0.716293404028015	-0.200382574853821	0.603238967321472	0.0595154340573121	1.25798625186737	0.448438656591492	0.539210821081238	0.990425040197449	0.62913449179657	1.25552480527313	1.26311782095917	-0.384793936792297	0.420384718847351	0.0312952664547729	-0.342883548120422	0.803388310461121	1.23166142740448	1.07855630844696	0.0651771070309449	1.15159354782684	-0.0328088537234496	0.889394389501648	-0.11647024648468	0.488082496435242	1.23833425363739	0.549765478246765	0.895269955419617	0.42167812851532	-0.21950891835968	1.06286862851532	0.42167812851532	0.672818105034851	0.880786255507507	0.174884714624695	-0.253538045125305
cg12062819-1-156358231	0.505348985693054	0.429848490453796	0.187649324682312	0.554544666479187	0.217742908849792	0.427911074438171	0.479480252599793	0.194256187902527	0.449942022558289	0.492876276098328	0.746129122900085	0.456480548559265	0.404133571386414	0.48577081589325	0.926422192113953	0.53084228665741	0.44687681613739	-0.334695522424621	0.398421861730652	0.415715717687683	0.541324267919617	0.414231685033875	0.469605848974304	0.373307620153503	0.416980308141785	0.764983397680359	0.408872293615417	0.35103526901825	0.18344483969696	0.418458636388855	0.517125804052429	0.535894689428406	0.554462895483093	0.4128147885495	0.499823870519714	0.88821978085907	0.417814072973328	0.4862189314328	0.466049527502136	0.20143139426239	0.27346477707489	0.281857989233093	0.328601165380554	0.178369517919617	0.0216954213009644	0.385143569189148	0.515643590307312	0.476707132482605	0.0920675992184449	0.419724417028503	0.411068821752625	0.402305986242371	0.795505205358581	0.279606656957703	0.412001970434265	0.4136409861203	0.518512228368835	0.491491884008484	0.493118431615906	0.14762161704071	0.712373475622253	0.425374592565613	1.03276547360809	0.411983272192078	0.940930712987976	0.00282331143768311	0.621623554662781	0.483132918676453	0.493227661596375	0.418784418798523	-0.189290356592102	0.0889741205807494	0.42167812851532	0.48643208164032	0.35692762851532	0.42167812851532	0.192584175636414	0.38439932610907	0.531850785226257	0.461604570476257
cg12109823-8-67454595	0.44989685532196	0.391680360082703	0.165062194311218	0.403274536108093	0.219793778478699	0.592367944067078	0.425529122228699	0.795305057531433	0.450667892187195	0.286938145727234	0.373273992528992	0.408716418188171	0.40431044101532	0.483715685522156	0.236177061742859	0.493356156286316	0.542755685766297	-0.393255652795715	0.839379731359558	0.445559587316589	0.407682137548523	0.588188554662781	0.45729271860321	0.51607948978241	0.421244177770691	0.118928267309265	0.915015163244324	0.867439138647156	0.462581709325867	0.366388506017761	0.490442673681336	0.370472559057312	0.444703765112	0.542870658178406	0.497649740148621	0.244057650487976	0.385217942602234	0.366958801061707	0.707660397131042	0.599067263891296	0.449558646703796	-0.120791141138	0.37679503500946	-0.148269612451477	0.296162290929871	0.322669438818054	0.477254459936218	0.447667002111511	0.0260684688473511	0.42381928665741	0.401752691381531	0.504332855871277	0.585736074987488	0.226074526586609	0.383956840063171	0.509280855749207	-0.00738990200225825	0.25653575363739	0.461877301244812	0.0694124866696166	0.39166134525116	0.445942462194519	0.273448343237	0.523946141820984	0.731169582616882	0.209163181066589	0.788705424291687	0.415785788305359	0.608799531225281	0.377244288427429	-0.306494486963196	0.892529990209656	0.42167812851532	0.17836158164032	0.66499812851532	0.42167812851532	0.510456651995789	0.340312802468445	0.627955261585632	-0.164238625164368
cg12380339-10-124910812	0.458920161352234	0.396835666112976	0.922696500341492	0.483184842138367	0.413488084508972	0.419077250097351	0.435957428258972	0.699753363561707	0.420485198217468	0.479622451757507	0.365239298559265	0.464804724218445	0.367759747045593	0.420173991552429	0.238385367773132	0.289895462316589	0.0578569917965699	0.422919653234558	0.815987037389832	0.379811893346863	0.487561443578796	0.393244860693054	0.440041024633484	0.339433795812683	0.425132483800964	-0.0741764266604616	0.418334469274597	0.455697444677429	0.52082901535614	0.401448812048035	0.462475979711609	0.421745865087585	0.514188071142273	0.381654964208679	0.418258046178894	0.376457956518249	0.762531248632507	0.44487910709198	0.0469587031613159	0.21662156992157	0.50077895273407	0.128392164892273	0.800421341039734	0.570250693578796	0.850698596960144	0.748348744848328	0.478780765966492	0.445247308141785	0.377951774877625	0.388832592687683	0.377576997411804	0.35200716190155	0.375464381017761	1.03814283261688	0.381024146093445	0.42288016177948	0.519319404028015	0.631555059667664	0.451658607275085	0.60121379269989	0.387401651281433	0.385720768224793	0.661150649267273	0.418523447851257	0.316436888647156	0.751277487096863	0.40641973032196	0.428262094335632	0.382469837255554	0.426257594457703	0.379978819067078	0.0304672962399292	0.42167812851532	0.56644658164032	0.27691312851532	0.42167812851532	0.573567009675476	0.346018160148132	0.45400261926532	0.38893464251532
cg12436377-5-87440296	0.0604105175534057	0.348737022314148	0.742927856542664	0.483224198339539	0.514719440710144	0.338853606298523	0.446191784460144	0.428372719762878	0.44444855441864	0.190293807958679	1.05605965476044	0.586166080419617	0.327566103246765	0.468337347753601	0.187341723974304	0.451100818517761	0.797079347997742	0.28323200943573	0.319209393591003	0.323257249548035	0.412294799779968	0.344245216894226	0.143993380834656	1.10045215201386	1.22595384000214	-0.15060507045929	0.904903825475769	0.801383800878601	0.348652371557312	0.315379168249207	0.407783335912781	0.338555221288757	0.142229427343445	1.21825832040985	0.452226402380066	0.220986312719421	1.24852660483368	0.343079463293152	-0.0805569406375123	0.601116926122742	0.435564308935242	-0.0753984789065551	0.257614697240906	0.590726049779968	0.577062953161316	0.3633301010495	0.122242122167664	0.517604664342956	0.923000131078797	1.23059794888885	0.951896353612976	0.698957518102722	0.993569737218933	1.10924518881805	0.320250502294617	0.312303517980652	-0.438120239770813	0.393246415868835	0.413619963476257	0.518538148901062	1.20044900748261	0.313241124425964	0.275606005468445	0.156983804052429	0.443569244848328	-0.0869421567019653	0.313079086523132	0.445898450536804	0.317167193456726	0.959904950658875	0.54201717526825	0.889508652441101	0.42167812851532	0.40057158164032	0.44278812851532	0.42167812851532	0.0901764871364135	0.30392763760907	0.582679096726257	0.542076258976257
cg12516359-11-17717280	0.486051568822937	0.463488073583679	0.825880907812195	-0.0162457503909302	-0.282917508020325	0.426799657568054	0.486717835729675	0.11577977103241	0.470399605688171	-0.172729140771789	0.400266706029968	0.221827131689148	0.433021154516296	0.499084399023132	0.973732775243836	0.460998869787292	0.195988399267273	0.383646060705261	0.403382444860535	0.424285300817566	0.4367748510495	0.469776268163757	0.508836432104187	0.375258203283386	0.419640891271667	-0.0800670191897582	0.4200598767453	0.417257852148132	0.465303422826843	0.403911219518738	0.427214387182312	0.407162272558289	-0.0733175213870239	1.16668537167938	0.458158453649597	1.03849236398895	0.41199465610321	0.467263514562683	0.705886110632019	0.610340977392273	-0.373905639795227	0.700205572362976	0.327224748510437	0.251008101049499	0.297259004430847	0.988758152319031	0.458935173437195	0.378347715612488	0.445606182348328	0.414240000158386	0.391022404882507	0.417168569372253	0.463311788488464	0.276127240087585	0.410270553564148	0.991852569250183	-0.383681188501282	-0.146425532861633	0.460429014745789	-0.201541799829407	0.669876058752136	0.420649175695496	0.333135056737976	0.25881685532196	0.656131296117859	0.176213894567566	1.07011013779266	0.436680501806335	0.442761244726257	1.12782600192841	0.512876226537781	0.0279627037106323	0.42167812851532	0.52530608164032	0.31805362851532	0.42167812851532	0.882614908136414	0.45946805860907	-0.209301482273743	0.386535837976257
cg12674357-6-106957945	0.415436039403992	0.420245544164734	0.0871063783932496	0.427211720190124	-0.21889603743927	0.405810128149109	0.39383630631073	0.555890241613464	0.440097076269226	0.183192329809265	0.379983176611023	0.498918602270203	0.424884625097351	0.431833869604187	0.99057324582489	0.441598340368347	0.324948869848328	0.406935531286316	0.535673915441589	0.396933771398621	0.394842321630554	0.453623738744812	0.396203902685242	0.463391673864441	0.410407361852722	0.410613451391296	0.484177347326355	0.465513322729187	0.484524893407898	0.482293690099793	0.470762857763367	0.428991743139343	0.395119949194031	0.419500842260437	0.425739924230652	0.973745834570007	0.431425126684265	0.427022985143738	0.464181581213074	-0.195077552026672	0.267595830785828	0.706705042944031	0.312222219091492	0.637312571630554	0.810797475011902	0.373374622900085	0.39576364401825	-0.0335518138064575	0.401757652929382	0.396004470739441	0.781857875463562	0.458176039953308	0.437613259069519	0.33902171066864	0.431138024145203	0.419049039831238	-0.259769717920227	0.0328459377194213	0.401630485326843	0.0378176707516479	0.427372529333191	1.07561364627655	0.367611527319031	0.611104325903015	0.330130766698914	0.333786365148621	0.427545608373718	0.41085197238739	0.424153715307312	1.02005847250946	-0.244284302881165	0.835738174291687	0.42167812851532	0.38048208164032	0.46287762851532	0.42167812851532	0.312740978042664	0.47767412851532	0.368358587632507	0.594594377882507
cg12744031-7-158751184	0.140816264623718	0.38512876938446	0.451735603612976	0.424770945409851	-0.0490428122195434	0.385074353368835	0.460860531530457	0.302361466833191	0.185629301488953	0.509137555028992	0.26769740183075	-0.214100172510071	0.351210850317078	0.449070094823914	0.211257471044617	0.505013565588074	0.595383095068054	0.490589756506042	0.346775140661316	1.17581899661835	0.433804546850281	0.407547963964539	0.480484127904968	0.314988899084167	0.374066587072449	0.716354676611023	0.359605572546081	0.215592547948914	-0.361633881372376	0.368504915319519	0.406010082983093	1.24052396835907	0.450952174413757	1.17734606748016	0.481983149450378	0.728249059789734	0.453772351903992	0.457896210363464	0.5206648064328	0.644359673193054	0.407257056005554	-0.0162827318362426	0.860433444311218	-0.146001203149719	0.508788700231628	0.848157848119812	0.388791869237976	-0.286138588586731	0.0350038781491089	0.361625695959167	0.357009100683289	0.946269265173035	0.416244484289246	1.13849393588837	0.483528249364929	0.906632265050964	0.1243335072995	-0.0495708370608521	0.41535771054657	0.528978895971374	0.377023754552917	0.395109871496277	0.773340752538757	0.548394551122742	0.29187699191864	0.380288590368347	1.26399883359344	0.453053197607117	0.473493940527039	0.626133697729187	0.0314939223385619	0.550045399511414	0.42167812851532	0.60866058164032	0.23469912851532	0.42167812851532	0.576388617175476	0.233283767648132	0.43006622676532	0.41287103501532
cg12787323-10-119494959	0.344758682958679	0.416400187719421	0.716885021947937	0.448525363744812	0.174584606115418	0.435545771703796	0.448071949865417	0.135541885168152	0.420470719823914	0.270578973363953	0.996933820165711	0.35029824582489	0.824615268652038	0.428530513158875	1.03502688937958	-0.404678016076965	0.196563513403015	0.117261174841003	0.361932558996277	0.383596414953308	0.467510965185242	0.3874713822995	0.464820546239929	1.00768331741913	0.38478600540741	0.684089094945984	0.403071990881042	0.111944966283874	-0.233643463037415	0.80094933365448	0.457439501318054	0.521002386694031	0.448949592748718	0.367603485815125	0.421688567785339	0.249613478124695	0.352500770238953	0.445828628698425	0.763937224767761	0.382773091528015	0.446573474340515	0.810245686498718	0.369714862646179	0.144272215185242	0.777897118566589	0.657813266454773	0.454890287572937	0.40730382974823	0.88272329648407	0.371351114294128	0.37157451901825	0.356740683507996	0.130292902624207	0.234283354223328	0.35323366769989	0.435516683385925	-0.290114074365539	0.483823581274109	0.448505128881531	0.562007314306335	0.407056172887878	0.364153289831238	0.366876170873718	-0.0192360305422973	1.0732734102536	0.583730008703308	0.440892251928406	0.420261615942078	0.940226358862	1.02017211606415	0.519539340673523	0.0665128178463744	0.42167812851532	0.40629108164032	0.43706862851532	0.42167812851532	0.232890492636414	0.43630264310907	0.486519102226257	0.409701253476257
cg12836959-3-147098568	0.432674679174499	0.878563183935242	0.716042018163757	0.513779359960632	-0.339217397668762	0.416730767919617	0.429967946081238	0.725901881383972	0.441137716039734	0.152703969579773	1.07484881638153	-0.23251375795929	0.388044264867859	0.478388509374695	0.259169885595398	0.447708980138855	0.102029509618835	0.459848171056824	0.394851555212097	0.395833411169128	0.0341819614010619	0.41504937851532	0.43119454245575	0.613858313634949	0.38831500162323	-0.0477739088381959	0.760285987096863	0.127181962499695	-0.318678466821594	0.7195213298703	0.469301497533875	0.396549382909851	0.503926588964539	0.394352482030945	0.33689856400116	0.198580474340515	0.391087766454773	0.498789624914245	0.166522220983581	0.556811087743835	0.523581470556335	0.764954682714539	0.333161858862	0.249281211401062	0.0213321147824095	1.03214026267059	-0.0555957162112427	0.17597682596405	0.63820629269989	0.441054110509949	0.42835851523407	0.370878679723816	0.169648898840027	0.660737350439148	0.39092666391571	0.397092679601746	-0.235084078149719	0.686116577489929	0.482337125097351	0.586300310522156	0.878413169103699	0.386839286047058	1.13883416708954	0.526165965673523	0.585929406469421	-0.0201419950808716	0.658548248144226	0.107159612157898	0.45163235507782	0.390719112279968	-0.310058663110657	0.448640814062195	0.42167812851532	0.0430625816403199	0.80029712851532	0.42167812851532	1.22568747804266	0.54531662851532	0.300716087632507	-0.111036286117492
cg12879143-3-138679347	0.457811736913757	0.4055582416745	0.0817710759030151	0.43478741769989	0.509321660070496	0.431167825658875	0.442063003820496	0.16570893912323	0.419964773778992	0.0167530273190307	0.949317874120789	0.230551299779968	0.404928322607117	0.384570567113953	0.295330943334656	0.424897037878113	0.462238567358093	-0.00803777120391852	0.401168612951355	0.417389468908386	0.41548101914032	0.404293436254578	0.341680600195007	0.632210371374207	0.389060059362488	0.703524148901062	0.399338044836121	0.114159020238953	0.485128590917664	0.406375387609558	0.273147555273132	0.395864440649109	0.355258646703796	0.480870539770203	0.397683621740418	0.203420532079773	0.458859824194031	0.417232682653503	0.518590278722839	0.579109145483093	0.453113528295593	0.601351740453796	0.974286916601257	0.41854226914032	0.586725172521667	0.897487320409851	0.442737341528015	0.331340883703308	0.692739350439148	0.516038168249207	0.767755572973328	0.407996737463074	0.421101956579285	0.382090408178406	0.870769721654968	0.414196737341003	0.402171979589539	0.692653635229187	0.421425182836609	-0.129892631738586	0.508320226842957	0.495996343786316	0.728498224828796	0.337496023412781	0.350627464208679	0.573061062658386	0.596631305883484	0.437596669897156	0.395017412817078	0.440826170019226	0.538057394628601	0.111179871801453	0.42167812851532	0.54879808164032	0.29456162851532	0.42167812851532	0.327240651995789	0.523528802468445	0.180073261585632	0.672102117835632
cg12934884-6-28558070	0.43494359360321	0.376990098363953	0.301893932592468	-0.423847725610657	0.351560516759949	0.358972682348328	0.459020860509949	0.0855027958126831	0.449682630468445	0.452021884008484	0.774585730810242	0.571959156469421	0.42711917929657	-0.396198576196594	0.223638800024109	0.444207894567566	0.621771424047546	0.481596085485535	0.420375469640808	0.364112325597839	-0.103647124170227	0.370746292944031	0.22366445688446	0.32218722806366	0.390078916051941	0.444598005590515	0.358655901525574	0.779455876928406	0.508315447607117	1.19397824429901	-0.349544588037415	0.432895297338562	0.16096650339325	0.713751396459656	0.449499478429871	0.146964388769226	0.695333680883484	-0.436234460657043	0.644056135412292	0.309192002172546	0.442078384985046	0.777279597143249	0.42046377329071	0.572448125829773	0.0852620292111206	0.928187177099304	0.433753198217468	0.230456740392761	0.473976207128601	0.34444802493866	0.346622429662781	0.468082594152527	0.340190813268738	0.444630264867859	0.418750578344421	0.354386594030457	-0.398797163721008	0.62993049191864	0.421629039526062	-0.325980775049133	0.37466908353241	0.710286200475769	1.09032408151825	0.571507880102234	0.276747320898132	0.837297919347839	0.367092162572937	0.438385526586609	0.505478269506531	1.19035202670868	0.209043251318054	0.0806347284909056	0.42167812851532	0.30216658164032	0.54119312851532	0.42167812851532	0.243655978042664	0.36886612851532	0.477166587632507	0.584091836882507
cg12940439-1-67600707	0.0939283647213746	0.453741869482117	0.899489703710632	0.419958045507507	-0.312527712121887	0.449616453466492	0.441224631628113	0.164910566930847	-0.330259598413391	0.187066655126648	0.708883501928406	-0.207071072412414	0.426400950414734	0.48311319492157	0.284136571142273	-0.25764233431427	0.23792319516571	0.379921856603699	0.441582240758972	0.464227096716003	0.413029646947937	0.470792064062195	0.443857228002625	0.400115999181824	0.429635687170105	0.0552287767086792	0.427840672643738	0.15261664804657	-0.290560781274719	1.23100801541718	0.344279183080749	1.25344706845673	0.428707274511414	1.16763716757782	0.456374249548035	0.23833215988739	0.413522452001648	0.402646310461121	0.273823906530457	-0.214265226709289	0.47980015610321	-0.0310306317385864	0.417426544408875	-0.0800641030520629	0.578825800329285	1.23722794821747	0.442291969335632	0.221935511510925	0.964332978246765	0.792271796056824	0.409491200780945	0.984585365270691	0.924004584386902	0.272538035986023	0.436731349462585	0.431900365148621	-0.315595392602844	0.465180263036804	0.445876810644226	0.546616996069031	0.440684854650574	0.420401971593933	0.295387852636414	0.00508265122039797	0.422337092016296	0.0169726904660035	0.432582933691101	-0.380040702295227	0.487431040624695	1.19355579782684	-0.251417977563782	0.0839434996090698	0.42167812851532	0.0883785816403199	0.75498112851532	0.42167812851532	0.897673184175476	0.333137334648132	0.39818679376532	0.44475046801532
cg13023870-14-37124018	0.513783995336609	0.437265500097351	0.0895433343258667	-0.168521323877258	-0.0408190815066529	0.424389084081726	0.489465262243347	0.316193197546082	0.111312032201843	-0.270081714258118	1.06101513254364	-0.0369624417971801	0.409287581029968	0.541969825536804	0.888593201757507	-0.355031703699036	0.326569825780945	0.314536487218933	0.407368871374207	0.518428727331238	0.0605652775631714	0.415133694677429	0.530952858617859	0.383027629797058	0.411644317785339	0.766667407323914	0.509001303258972	0.518339278661804	0.522101849340515	1.08793064603241	0.0695188136959839	0.42031369907196	0.097365905126648	0.406121798193054	0.523469880163269	1.02610979050262	1.33901708261688	0.465025941076355	0.181298537145691	0.499812403905945	0.475280786718445	0.592145998876648	0.377456175024109	0.365415527563171	0.0098024309445191	0.382372578832703	-0.0462114000491332	0.42440714212616	0.947006608861999	0.407573426672058	0.392818831396179	0.389944995885925	0.815369215002136	0.273447666601257	0.40357998007782	0.425796995763855	-0.37693776198761	0.743239893652039	0.51459944125946	-0.322643373315735	1.14135648526581	0.436835602209168	1.09783048325165	0.397237281835632	0.883141722631531	0.0775613210812378	0.801441564306336	0.487185928320007	0.578789671239929	0.556147428442078	-0.299243346948547	0.827895130224304	0.42167812851532	0.32186608164032	0.52149362851532	0.42167812851532	0.052363478675476	0.473807629148132	0.38828608826532	0.45465117351532
cg13081331-7-1308600	0.0254737026119995	0.350351207372742	-0.00321395839874272	-0.420832616601868	-0.419944374231262	0.534297791357117	0.436586969518738	0.181770904821472	0.438070739477234	-0.123777006982727	0.410344839819031	0.34896926547821	1.13337228830536	0.427407532812195	0.767155909032898	0.424342003576355	0.463140533056335	0.449840194494324	0.370119578649597	0.530796434606628	-0.532010015161438	0.50839940195282	0.0597305658932495	0.335452337072449	0.31819702506073	0.374011114599304	0.584219010534363	0.535706985937195	0.508459556615906	0.3187663533078	-0.294754479028625	1.17894940634735	0.144388612402039	1.22623250546844	0.41519158743866	0.858832497778015	0.318619789892273	0.396213648351746	0.198994244421082	0.505607111181335	0.184609493993835	0.566304706152039	0.3308508822995	0.205023234838562	-0.0821928617800903	0.288328286108093	0.0162153072262574	0.52512484940155	0.34342631613739	0.371456133947449	0.74600453867157	0.962384703161316	0.890936922277527	0.495240373876648	0.36527768735321	0.444519703039246	0.459086945287781	-0.0896423990725708	0.386923148534851	-0.403927666040344	1.2001521925412	1.16899830948456	0.670897190527039	0.735970989111023	0.358367429906921	0.439044028356628	0.837467271581726	0.421340635595398	0.42169937851532	0.817163135717468	0.529489360326843	0.868613837499695	0.42167812851532	0.25741058164032	0.58594912851532	0.42167812851532	0.322071651995789	0.528697802468445	0.751206261585632	-0.145043423164368
cg13104713-1-46632811	-0.34693744545929	0.438622059301453	0.199281893529968	0.435137235326843	0.359569477697449	0.441529643285828	0.386971821447449	0.189461756750183	0.351716591405945	0.446573844945984	0.323265691747742	0.402948117406921	0.51761114023407	0.386725384740906	0.283831760961609	-0.333693144494934	0.629247384985046	0.375866046423035	0.408069430578308	0.429594286535339	0.476970836767273	0.430130253881531	0.40881941782196	0.38560618900116	0.420346876989441	0.613083966528015	0.904385862463074	0.162024837865906	0.405227408544617	0.421630205236511	0.398997372900085	1.22923725827606	0.49596346433075	0.422861357397156	0.378655439367371	0.223686349706726	0.793424641820984	0.369677500280457	0.773223096349793	0.563273963110046	0.495472345922546	0.67834555808075	0.42841773422821	0.648053086767273	0.400994990148621	0.397581138036804	0.454878159154968	0.385113701330261	0.799615168066101	0.45459698587616	0.423738390600281	0.465389555090027	0.923346774206238	0.292310225805359	0.448533539281921	0.422162554967957	0.493513797216492	0.59518045285614	0.437089000463562	0.583650185888367	0.42820604446991	0.417172161413269	0.29029604245575	0.341272841039734	0.329813281835632	0.0249718802853395	0.506566123510437	0.405066487524109	0.421575230444031	0.422830987646179	0.409580212255554	0.519077689428406	0.42167812851532	0.56181408164032	0.28154562851532	0.42167812851532	0.720617850136414	0.37718400060907	0.227118459726257	0.468819895976257
cg13163833-2-176954533	0.439328326635437	0.882404831396179	0.0262616656246948	0.45765600742157	-0.236245750207825	0.379743415380554	0.405399593542175	0.68611852884491	0.422534363500671	0.42885561704071	0.434204463842468	0.424010889501648	1.1643949123288	0.457199156835632	0.306221533056335	0.0688756275997924	0.448126157079773	0.452219818517761	0.397961202673035	1.15937405863007	0.379121608861999	0.402815025976257	0.447288189916687	0.388147961095886	0.382251649084167	0.661463738622742	0.4585736345578	0.784680609960632	0.00636918063934316	0.346173977331238	0.431632144994812	1.20028203037079	0.398227236425476	0.359539129491882	0.426034211462097	0.156301121801453	0.37187441391571	0.392767272375183	-0.017568131555481	0.0936757352047728	0.417969118017273	0.739874330175476	0.486824506322937	-0.136406141138	0.596186762243347	0.309998910131531	0.369225931249695	0.514436473424988	0.851970940160828	0.821161757970886	0.415868162695007	0.496274327184753	0.554138546300964	0.205451997900085	0.548432311376648	0.494497327062683	-0.409278430688782	0.404362224950867	0.396812772558289	0.479037957983093	0.322071816564636	0.381445933507996	1.06411181455048	0.50772561313446	0.326827053930359	0.378986652380066	0.842530895605164	0.402689259618835	0.496475002538757	0.436244759740906	-0.0148410156497194	0.323615461523132	0.42167812851532	0.19790408164032	0.64545562851532	0.42167812851532	0.0834071831364135	0.40054433360907	0.458042792726257	0.445459562976257
cg13248778-7-128337725	0.429152207983093	0.424958712743835	0.129874546972351	0.401307888769226	0.572060131139832	0.42632329672821	0.295936474889832	0.146190410192566	0.497034244848328	0.528312498388367	0.573086345190124	0.0393807708493042	0.479180793676453	0.0575660381832886	0.252917414403992	0.489344508947449	0.0838600384274292	0.548162699865418	0.626183084020691	0.404540939977722	0.437362490209656	0.467060907323914	0.475908071264343	0.390024842443542	0.440229530431824	0.372301619970398	0.421737515905457	0.142300491308289	0.526518061987	0.574049858678894	0.463193026342468	0.441117911718445	0.279506117773132	0.438241010839539	0.482921092809753	1.05653500314911	0.419083295263367	0.368170153722839	0.116587749792175	-0.0714653834475709	0.278969999364929	0.808903211523132	0.338931387670593	-0.107496259790344	0.0494326435910034	1.17287179147919	0.111563812597351	0.222288354772644	0.207928821508484	0.422933639318542	0.441449044042664	0.42972020853241	0.227854427648621	0.558329879247742	0.897119192724304	0.397850208410339	-0.284791549341125	0.489714106298523	0.424319653905945	0.564577839330749	0.409923697912292	0.673308814855652	1.07716869589813	-0.0453305055178833	0.357393935278015	0.759456533727722	0.41392577695282	0.474578140966492	0.410631883886414	0.419485641088562	-0.231710134302063	0.0737143428707885	0.42167812851532	0.49830208164032	0.34505762851532	0.42167812851532	0.742580766136413	0.31660791660907	-0.128321624273742	0.529395979976257
cg13334135-10-102986636	0.444372462743836	0.392176967504578	0.744304801733093	0.405933143529968	0.535332385900574	0.405273551488953	0.475078729650574	0.226265664953308	0.37261349960907	0.443440753149109	0.263408599950867	0.470164025610046	0.371570048437195	0.332765292944031	1.00014266916473	0.424414763708191	0.281405293188171	0.30145795462616	0.385889338781433	0.423327194738464	0.460522744970398	0.387579162084656	0.414515326025085	0.708913097204285	0.401099785192566	0.63619587473114	0.415405770666199	0.411755746069031	0.482357316747742	0.379024113439636	0.303239281103211	0.691891166479187	0.476630372533875	1.07878026560028	0.384820347570496	0.420241257909851	0.385633550024109	0.391791408483582	-0.0105329954470824	0.139440871313171	0.485606254125671	0.734546466283875	0.425426642431335	0.612016994970398	0.843135898351746	0.371621046239929	0.443801067358093	0.376511609533386	0.0732750762692262	0.402014894079285	0.393064298803406	0.374699463293152	0.617887682409363	1.03721613400848	0.428850447485046	0.385473463171082	-0.306514294580383	0.727780361059265	0.428479908666687	0.499261094091492	0.387589952673035	0.448591069616394	0.582039950658874	0.212180749242859	0.454360190038757	0.740490788488464	0.402924031713562	0.428880395727234	0.651246138647156	0.390221895849304	0.495996120458679	0.659797597631531	0.42167812851532	0.64242408164032	0.20093562851532	0.42167812851532	0.341560651995789	0.509208802468445	-0.00995573841436764	0.583609959835632
cg13448197-10-43846281	0.038782833593445	0.453301338354187	0.818972172582703	0.178901514379578	0.370778756750183	0.372191922338562	0.417754100500183	0.530046035802918	0.445479870458679	-0.326631876001282	0.572381970800476	0.308236396459656	0.483726419286804	0.39028766379364	0.225379040014343	0.4921441345578	0.723903664037781	-0.366933674524231	0.481900709631043	0.375428565588074	0.453857115820007	0.441665532934265	0.416134696874695	0.665510468053894	0.359745156042175	0.70431824558075	0.349225141515808	0.20360711691864	0.466667687597351	0.847245484289246	-0.37938834804718	0.366478537328796	0.458971743383484	0.41922063644989	0.472468718420105	0.17209762875946	1.23463692087372	0.433567779333191	0.386661375402527	0.635496242162781	-0.429883375024719	0.687645837133484	0.316540013280945	0.206866365820007	-0.0349927307986449	0.346753417089539	0.403807438207703	-0.295837019617004	0.0483094471188356	0.365388264928894	0.351770669653015	0.471976834142761	0.991960053258972	1.15310750485809	0.398336818334656	0.425455834020691	0.113300076269226	0.686032731908875	0.457005279516296	-0.353408535058899	0.429418323522644	0.474692440466003	0.479543321508484	0.243896120092468	0.848057560888367	0.242693159338074	0.472961402563171	0.488215766576843	0.371642509496765	0.940070266698914	0.502907491308289	0.50760896848114	0.42167812851532	0.31914708164032	0.52421262851532	0.42167812851532	0.0303856546754762	0.837415805148132	0.41042526426532	0.43251199751532
cg13525448-10-102986601	0.423801354345398	0.37770685910614	0.887815693334656	0.408337035131531	0.500828277502136	0.370194443090515	0.410075621252136	0.239299556554871	0.388007391210632	0.439722644750671	0.243266491552429	0.459247917211609	0.366150940038757	0.377884184545593	0.703364560766297	0.394786655309753	0.386090184789734	0.402084846227722	0.642346230382996	1.06073108634003	0.46166063657196	0.372692053686218	0.375584217626648	0.606157988805847	0.369119676794128	0.665552766332703	1.19999266226776	0.559857637670593	0.461168208349304	0.379059005041199	0.400067172704773	0.56551205808075	0.475009264135437	1.09728215720184	0.426640239172058	0.948810149511414	0.363104441625671	0.391043300085144	0.0214118961544801	0.587814762914734	0.477851145727234	0.787370357885437	0.684583534032898	0.0418098865719605	0.813951789953308	0.362523937841492	0.467833958959656	0.371517501134949	0.0404289678707886	0.387598785680847	1.18763619040497	0.474898354894714	0.367978574010925	0.774588025610046	0.363335339086609	0.404633354772644	0.0712695970211793	0.619082252660828	0.430812800268249	0.558618985693054	0.361663844274597	0.369215961217957	0.668515842260437	0.136623640844421	0.88209808164032	0.762902680090027	0.375740923315125	0.417221287328796	0.419104030248718	0.375414787450867	0.505050012060242	0.502343489233093	0.42167812851532	0.58854708164032	0.25481262851532	0.42167812851532	0.207102478042664	0.39018862851532	0.455844087632507	0.497909416882507
cg13536080-11-85659096	0.137663106786804	0.435988611547546	0.917149445776062	-0.130052212427063	0.390760029943542	0.878362195531921	0.477896373693542	0.0935793089962769	0.427154143652039	-0.208781602807922	0.295989243993836	-0.146304330346985	0.422188692480164	0.455217936987	0.270670313207703	0.44912440775116	0.16374993723114	0.490601598669128	0.987429982824402	0.424038838781433	0.0375633890133667	0.780785806127624	0.462073970068054	0.945641741247253	1.17930842923553	0.718317518774109	0.427305414709167	0.661642390111999	-0.27963503920929	1.09454875748261	0.381672925146179	1.23349081052216	0.335925016576843	1.19746490964325	0.385034991613464	0.27872490195282	1.16076719406708	0.34584405252655	0.781393648595886	0.59630251535614	0.44014089816864	0.128341110326843	0.683706286474304	0.474024639013367	0.163380542394714	0.394230690282898	-0.188325288598938	0.412578253576355	0.254099720312195	1.18170153812225	0.404669942846375	0.418044107336121	0.260227326452332	1.10636377805145	0.446790091528015	0.42281110721405	0.454469349462585	0.399242005102234	0.438391552709656	0.35374773813446	0.418746596716003	0.412904713659363	0.378602594701843	-0.0570766067141723	0.361352834081726	0.0387894325314331	0.418778675756531	0.456223039770203	1.08254478269012	1.09629053989227	0.528747764501648	0.0511862416744995	0.42167812851532	0.47703508164032	0.36632462851532	0.42167812851532	0.257272605034851	1.08162975550751	0.590430214624695	-0.178806322125305
cg13679303-9-96623674	0.394084112279968	0.40075661704071	0.364061451269226	0.447332793066101	0.429007035436707	0.922220201025086	0.413422379186706	0.416606314489441	0.428768149145203	0.337356402685242	0.846801249486999	0.305937675146179	0.369314697973328	0.424555942480164	0.784021318700867	0.499089413244324	0.0362899427243042	0.0607556041622924	0.415817988317566	0.362255844274597	0.440876394506531	0.457193811620789	0.472486975561218	0.426277746740417	1.1427774347287	0.693821524267273	0.408273420202332	0.527527395605164	-0.353310033716126	0.845335762975769	0.257384930639343	1.23341381601532	0.0823110220700073	1.26390491513641	0.416470997106628	0.192827907445984	0.362268199560242	0.444308058019714	0.66131565408905	0.637909520849304	0.178216903661804	0.0727921158200074	0.314919291967468	-0.0779373554934693	0.860928547887878	0.337112695776062	0.463548716894226	0.201559259069519	0.0361007258053589	0.387168543615417	1.15698994833954	1.03836211282928	0.166227331945496	0.426119783544617	0.459191097021179	0.431444112707214	0.18812735495575	0.706795010595398	0.45722855820282	-0.363884256372376	0.896027602209167	0.715736719152527	0.240740600195007	0.555041398778992	0.71553983957489	0.00456943802459725	0.385766681249695	0.298714045263367	0.840035788183289	0.578532545385437	0.141701769994812	0.341928247167664	0.42167812851532	0.25360058164032	0.58975912851532	0.42167812851532	0.590569978042664	0.29960212851532	0.546430587632507	-0.290502964117492
cg13731133-22-30938073	0.424327986669617	0.442636491430359	0.917088325658874	0.162283667455749	0.238818909826355	0.457048075414734	0.322562253576355	0.391215188879089	0.298104023534851	0.36249527707489	0.290879123876648	0.317586549535828	1.13090357236298	0.281032816869812	0.277639193090515	-0.269966712366028	0.0888778171139527	0.0344734785519409	0.396238862707214	0.420205718664246	0.480425268896179	0.417614686010437	0.422366849950867	0.737172621130066	0.421289309118347	0.261654398656921	1.18835529459198	0.149922269994812	0.480073840673523	0.448525637365417	0.384475805028992	0.423645690404968	0.490501896459656	1.04551878952606	0.318695871496277	0.426157781835632	0.55045407394989	0.448663932409363	0.385768528478699	0.609888395238953	0.493428778051453	0.775709990209656	0.333761166357117	0.665087518896179	0.176934422277527	1.22149057016571	0.385932591283875	0.461336133459168	0.387292600195007	0.412954418005066	0.446600822729187	0.407204987218933	0.379272206335144	0.553631657934265	0.442463971410828	0.431021987096863	0.478985229345398	0.411072884985046	0.452739432592468	0.496244618017273	0.544673476598816	1.11698459354218	0.282937474584656	0.33848927316864	0.510016713964539	0.266606312414246	0.873267555639343	0.417734919653015	0.420690662572937	0.476219419775085	0.46404164438446	0.415550121557312	0.42167812851532	0.62190208164032	0.22145762851532	0.42167812851532	0.229798978042664	0.39908512851532	0.446947587632507	0.526319876882507
cg13834146-15-77927305	0.500974415746765	0.437190920507507	0.109638754736023	0.513227096532898	-0.318089661096497	0.433377504491882	0.430479682653503	0.340271617956238	0.411613452611999	0.289254706152039	0.337562552953796	0.529419978612976	0.410467001440125	0.41266824594696	1.03018662216766	0.358469716711121	0.568367246191101	0.424259907629089	0.401282291784363	0.415458147741394	0.514930697973328	0.423389115087585	0.447305279028015	0.378819050207214	0.453279738195496	0.41844182773407	0.417699723669128	0.18462169907196	-0.131205730249329	0.439704066442566	0.32337223410614	0.427090119482117	0.518238325536804	0.427343218603211	0.438392300573425	0.223725210912781	0.416136503027039	0.450527361486511	0.795521957555847	-0.0585431756838989	0.0494082071286012	0.542504419286804	0.485184595434265	0.674768947973328	0.0288708513546754	0.387882999242859	0.469568020361023	0.468669562536316	0.100258029272156	0.432901847082214	0.422026251806335	0.395177416296082	0.179977635412293	0.303509087011414	0.499450400487976	0.426332416174011	0.180360658422546	0.402256314062195	0.459045861669617	0.546351047094421	0.428947905675964	0.419950022619324	0.422443903661804	0.561289702245789	0.326960143041687	0.684247741491394	0.411836984716492	0.456536348730164	0.442146091650085	0.415796848852234	0.0622400734616089	0.0844465506344605	0.42167812851532	0.41958908164032	0.42377062851532	0.42167812851532	0.325477151995789	0.525292302468445	-0.104039238414368	0.601602561835632
cg13906377-1-63792695	0.57123340976532	0.723207914526062	0.104393748754578	0.464480090551453	-0.316075667077942	0.430061498510437	0.523891676672058	0.544703611974793	0.471473446630554	0.569920700170593	0.361832546972351	0.544097972631531	0.410030995458679	0.486348239965515	0.289534616186218	-0.274832289270325	0.0797212402096558	0.525800901647644	0.866583285802917	0.419436141759949	0.538881691991882	0.42425510910614	0.53403627304657	0.446925044225769	0.42722373221405	-0.0219331782473756	0.417059717687683	0.151746693090515	-0.0226687362307739	0.416473060461121	0.470696228124695	0.432076113500671	0.507587319555359	0.420819212621765	0.51231929459198	0.901029204931335	1.04308049704559	0.484492355505066	0.0237249515744019	0.226074818334656	0.432673201147156	-0.000264586694641133	0.34873458945282	-0.0835910580081176	0.03669084537323	0.391445993261414	0.535921014379578	0.299865556554871	0.60341902329071	0.427548841100769	0.41632624582489	0.397487410314636	0.187583629430847	0.284395081029968	0.414910394506531	0.430293410192566	0.281541652441101	0.45802930808075	0.518904855688171	0.120461041112976	1.31114789969452	0.440469016637878	1.16938189768036	0.382673696264343	0.330767137060242	0.00746973550994884	0.419155978735046	0.486829342748718	0.41673208566864	1.06979084287079	0.0302760674801635	0.270097544653015	0.42167812851532	0.32793658164032	0.51542312851532	0.42167812851532	0.322801651995789	0.527967802468445	-0.0355577384143677	0.730561425835632
cg13990351-7-64349133	0.160259763525085	0.357080268285828	0.826739102514343	0.409733444311218	-0.0507353133181763	0.353067852270203	0.404354030431824	0.296059965734558	0.41408880039032	0.382572053930359	0.220933900732117	0.424083326391296	0.327410349218445	0.349998593725281	1.02176396994598	0.410692064489441	0.663054593969421	0.46252825540741	0.996131639562683	1.09480349551971	0.438629045751648	0.341828462865906	0.387683626806335	0.811963397985535	0.823624085973816	0.65880117551239	0.336042071447449	0.420914046850281	0.463817617528992	1.25097641422089	0.303458581884461	0.345588467260437	-0.393424326684875	1.17417456638153	0.383141648351746	0.144354558691101	1.25325485080536	0.420083709264831	-0.0182636946658326	0.598624172094421	-0.435420445093079	0.787715767065125	0.642100943212585	-0.0937627042483518	0.268677199132996	1.06026134702118	0.452686368139343	0.0284049103146362	0.946707377050476	0.346761194860535	1.17427159958466	0.874493764074402	0.430603983190613	0.207464434789734	0.962227748266296	0.804259763952331	0.473010006200867	-0.061684338159485	0.421200209447937	-0.381723605127258	0.341844253454285	0.337872370397644	0.756507251440124	0.529919050024109	1.09042249082001	0.771516089269714	0.334462332494812	0.115086696508484	0.713002439428406	0.337236196630554	0.450290421239929	0.719471898412781	0.42167812851532	0.49978458164032	0.34357512851532	0.42167812851532	0.259904600636414	0.46358275110907	0.608854210226257	0.382421145476257
cg14038391-10-102900130	0.446681188818054	0.423302693578796	0.801533527807312	0.460943869604187	0.495775111974793	0.420260277563171	0.447440455724792	0.681284391027527	0.406805225683289	0.456756479223328	0.436997326025085	0.503062751684265	0.396037774511414	0.38796301901825	0.268558395238953	0.34055548978241	0.41981901926239	0.429357680700378	0.403674064855652	0.410965920812683	0.514885471044617	0.409125888158875	0.407225052099304	0.363147823278503	0.405622511266785	0.716422600805359	0.785533496740418	0.59169447214325	0.47795304282196	0.405659839513855	0.428225007177429	0.414620892553406	0.540567098608093	0.4076489916745	0.433224073644714	0.31394998398407	0.403985276098328	0.4324351345578	0.371857730627136	0.12102659738739	0.53235698019989	0.792265192358093	0.331864368505554	0.625100721044617	0.0157896244259644	0.395072772314148	0.484095793432312	0.426437335607605	0.548803802343445	0.413882620153503	0.405593024877624	0.386525189367371	0.681734408483582	0.362509860082703	0.407158173559265	0.4048811892453	0.512911431493835	0.722731087133484	0.466413634740906	0.580043820165711	0.412828678747253	0.403379795690613	0.291956676733093	0.503633475317078	0.433538916112976	0.646518514562683	0.397346757787781	0.451776121801453	0.407215864721375	0.400446621923523	0.476864846532898	0.0525353237057494	0.42167812851532	0.51218908164032	0.33117062851532	0.42167812851532	0.175191365636414	0.36211251610907	0.484854975226257	0.483891380476257
cg14089267-13-23412409	0.207250078710632	0.339539583471375	0.76088241769989	0.450966759496765	-0.401819998132629	0.399655167455749	0.394468345617371	0.248382280920105	0.387515115575867	0.437329369115906	0.518873215917664	0.423129641576843	0.729333664403992	0.425193908910828	0.238811285131531	0.432559379674988	0.746718909154968	0.439205570592957	1.07816595474823	0.360961810705261	0.394475360937195	0.342542778051453	0.448121941991882	0.354713713171082	0.345445401159363	0.606873490697937	0.325869386632996	0.155358362035828	0.482525932714539	0.308653729406433	0.222702897070007	0.371684782445984	0.392317988500671	0.356838881567078	0.418403963537292	0.758050873876648	0.849787165990906	0.411552024450378	0.797003620519714	0.576679487279968	0.412246870092468	0.743035082250671	1.03648225839813	-0.083605389062805	0.831305514318542	0.436582662206726	0.39940568332489	0.463175225500183	0.891830692236023	0.877366510046082	0.387674914770203	0.473775079259949	0.14442629837616	1.01845374997528	0.855608063451843	0.428706079137878	0.431538321386414	0.679050977026062	0.377070524633484	0.507136710058289	0.313602568639832	0.813952685583191	0.196960566625671	0.0970343652096559	0.336218806005554	-0.0557105955447387	0.381495647680359	0.411390011694031	0.516194754613953	0.337449511816101	0.446135736425476	0.827250213598328	0.42167812851532	0.33335608164032	0.51000362851532	0.42167812851532	0.0322332381754761	0.812442388648132	0.42162784776532	0.42130941401532
cg14108567-12-8717487	-0.181087995019837	0.769163509740906	0.340633343969421	0.376488685766296	-0.337942071863098	0.419940093725281	0.420283271886902	0.151076207189636	0.486674041845398	-0.325804704614563	0.615620142187195	-0.234288432153625	1.25310859067352	0.486514835180359	1.08617821140106	0.421186305944519	0.1439318354245	0.491726496862488	0.447370881017761	0.580701736974793	-0.288201712793274	0.806263704320984	0.101414868261414	0.708405639440613	0.365931327428894	0.499606416967468	0.877647312902527	0.290851288305359	0.16237885898407	0.563310655675964	0.296394823339539	0.345346708715515	-0.200336085229797	0.656346807836609	-0.342198110193176	0.325995800146179	0.384260092260437	0.43051795071991	0.321560546789246	0.617786413549499	0.393767796361999	0.751947008520203	0.792718184667664	0.716187537206726	0.158582440588074	0.884229588476257	-0.484766390405579	0.0322461517697143	0.0195916185055542	0.499631436315613	1.24511584103973	0.50762800552948	0.220528224645691	1.11487067624481	0.393026989721375	0.60641200540741	-0.426811752344055	0.672511903295593	0.438329450903015	-0.33737736367218	1.24891249490936	0.669238611852722	0.928673492895203	0.00297729147918707	0.779524732275085	0.849161330724792	0.47608257394989	0.394298937963562	0.564386680883484	0.360586438085632	0.0383866626950072	-0.0147318601321412	0.42167812851532	-0.16158041835968	1.00494012851532	0.42167812851532	0.344833105034851	1.14103925550751	0.502869714624695	-0.379981361125305
cg14207654-1-43533913	-0.344196091211243	0.4406444135495	0.966626247778015	0.29180558957489	0.313006831945496	0.447445997533875	0.470562175695496	0.45004011099823	0.375696945653992	0.407156199194031	0.299074045995789	0.287547471654968	0.414238494482117	0.467755738988953	0.302245115209656	0.545168209753113	0.225673739233093	-0.312539599328918	0.525298784826355	0.421767640783386	0.53212619101532	0.417838608129578	0.471629772070007	0.376863543249207	0.415911231237488	0.408789320776062	0.411808216711121	0.146086192113953	0.553888762792664	0.424659559484558	0.524545727148132	0.836356612524109	0.540444818578796	0.422903711645203	0.531335793615417	0.223236703954773	0.417557996069031	0.506271854528503	0.741077450597839	0.443138317358093	0.555833700170593	-0.0378300876712035	0.358071088476257	0.50286344101532	0.236552344396668	0.392358492284851	0.545532513403015	0.539663055578308	0.101974522314148	0.428990340124207	1.05879274484833	0.408284909338074	0.394391128454285	0.361648580053406	0.415896893529968	0.423429909216003	0.567362151464539	0.505736807104187	0.513165354711609	-0.302578459863586	0.430290398717957	0.416057515661316	0.285982396703796	0.311870195287781	0.565595636083679	0.0170222345333863	0.720271477758484	0.490415841772156	0.416822584692078	0.420802341894226	0.471839566503601	0.604042043676453	0.42167812851532	0.35164808164032	0.49171162851532	0.42167812851532	1.04210885613641	0.32345400660907	0.198450465726257	0.522549889976257
cg14262681-20-21084420	0.480953105688171	0.368655610448914	0.198651444677429	0.488773786474304	0.51132802884491	0.346349194433289	0.44686437259491	0.0377043078976438	0.467786142553406	0.489062396093445	1.0253152428952	0.348669668554382	0.319363691381531	0.474941935888367	0.19395631210907	0.389421406652527	-0.00960806386749274	0.495856597570495	0.313405981725769	0.3255008376828	0.417330387914734	0.350049805028992	0.457403968969421	0.313750740148621	1.0892394281369	-0.189012482324524	0.477878413610535	0.616583389013367	0.439378959692078	0.337658756383972	0.482442924047546	0.318511809423523	-0.379149984521789	0.314168908544617	0.454134990514831	0.830611900854187	0.349519192968445	0.444362051427918	0.473631647497253	0.587934514257507	-0.239624102929993	0.75770610922821	0.301595285375671	0.724214637914734	0.832791541296081	0.593144689184265	0.300437710302429	0.542870252477722	0.794725719213562	0.336671537023621	0.425570941747742	0.304380106237488	0.810743325353699	0.26040177695282	0.323852090429382	0.318133106115417	-0.158987651636047	0.692765004003601	0.430082551611023	0.541439737035827	0.347466595617371	0.52519371256073	0.20053659360321	0.325166392187195	0.240978832983093	0.6646324314328	0.320208674657898	0.43532603867157	0.338922781591492	0.44803753879364	0.467375763403015	0.119640240575866	0.42167812851532	0.56624708164032	0.27711262851532	0.42167812851532	0.111163298636414	0.31309844910907	0.579902908226257	0.532905447476257
cg14288281-1-1093457	-0.333946577539368	0.426357927221375	0.0935697614498903	0.244000103246765	0.585676345617371	0.41460751120575	0.443857689367371	0.501121624670105	0.419034459325867	0.514802712865906	0.282622559667664	0.535463985326843	0.423704008153992	0.456203252660828	1.06442162888153	0.488758723424988	0.731354252904968	0.478437914342957	0.38916729849823	0.400982154455261	0.499581704687195	0.399237121801453	0.441017285741882	0.360716056921082	0.399372744909363	-0.129317165552063	0.398272730382996	0.144142705785828	0.477361276464539	0.415083073156433	0.502673240820007	0.405883126195984	0.317456332250671	0.400493225317078	0.445267307287292	0.470802217626648	0.397516509740906	0.480180368200379	0.0147459642697145	0.624475831029968	0.530223213842468	0.111094426000671	0.319800602148132	0.707341954687195	0.0191628580685426	0.437004005956726	0.49300402707489	0.498197569250183	0.768535035986023	0.405744853796082	0.627690258520203	0.376568423009949	0.80197664212616	0.262488093725281	0.397603407201843	0.400677422887878	0.524167665136414	-0.124499679223938	0.476358868383484	0.564103053808289	0.413137912389832	0.393630029333191	0.271702910375671	0.0820867089596559	0.553580149755554	0.695641748205261	0.393014991430359	0.461538355444031	0.400603098363953	0.395466855566101	0.491077080175476	0.747170557348328	0.42167812851532	0.60737758164032	0.23598212851532	0.42167812851532	0.163272978042664	0.35538012851532	0.490652587632507	0.511410627882507
cg14367020-6-99292286	0.299270122533874	0.414177627294617	0.116961461523132	0.502062803320007	-0.348624954309387	0.398450211278992	0.464864389440613	0.509740324743347	0.499661159399109	0.557191412939148	0.296208259740906	0.558109685400085	0.400434708227234	0.51534795273407	0.244142328954773	0.49920342349823	0.0451829529782105	0.327046614416199	0.381132998571472	0.599717854528503	0.491885404760437	0.398576821874695	0.503620985815124	0.356401756994324	0.387084444982605	0.752117534521179	0.433073430456238	0.68652840585907	-0.00386202346221931	0.383694773229675	0.53586094089325	0.682464826269226	0.497171032323914	0.39751492539032	0.501792007360535	1.05696491769989	1.22029320981415	0.50513606827362	0.150222664342957	-0.19986346889679	0.38342991391571	0.0958391260739135	0.789934302221375	-0.117424345239563	-0.00797444185821533	0.359516706029968	0.424712727148132	0.449994269323425	0.643676736059265	0.418357553869324	0.412700958593445	0.436427123083191	0.971833342199402	1.11362679379852	0.967506107275085	0.397181122961121	-0.373604634790344	0.0490300208493041	0.481488568456726	0.164584753881531	0.945022612463074	0.388910729406433	1.06459361044891	0.640782409032898	0.340962849828796	-0.0127035517214965	0.388346691503601	0.489881055517273	0.414915798437195	0.493839555639343	0.490245780248718	0.13475125742157	0.42167812851532	0.59954958164032	0.24381012851532	0.42167812851532	0.412707605034851	0.319647755507507	0.434995214624695	0.534620778874695
cg14395298-13-23412250	0.269724033544617	0.383609538305359	0.492141372533875	0.47007471433075	-0.371110043298645	0.410977122289734	0.405144300451355	0.108359235754089	0.422220070409851	0.43629332394989	0.351414170751648	0.241941596410828	0.889716619237976	0.429744863744812	0.660447239965515	0.463470334508972	0.656218863988953	0.465837525426941	0.933172909582214	0.395035765539246	0.401057315771179	0.365133732885437	0.442206896825867	0.382962668005066	0.410389355993347	0.646335445531921	0.34092834146698	0.206977316869812	0.515117887548523	0.362337684240418	0.211827851903992	1.22501673727997	-0.222229056665344	0.384233836401062	0.418846918371277	0.284787828710632	1.03558712082489	0.433797979284363	0.810389575353699	0.612187442113953	0.235669824926453	0.488915037084656	0.935003213232117	-0.0819104342288207	0.846684469152527	0.908022617040711	0.432424638158874	0.515789180334167	0.787760647070007	0.535256464880066	0.398819869604187	0.499993034093933	0.140633253210144	0.883017704809265	0.366712018285828	0.414167033971863	0.471315276220398	0.680918931860046	0.406810479467468	0.523882664892273	0.387236523473816	0.601230640417175	0.227176521459656	0.21198832004364	0.327021760839539	0.224180359289246	0.374913602514343	0.394297966528015	0.524990709447937	0.378460466650085	0.46341169125946	0.837707168432312	0.42167812851532	0.31919608164032	0.52416362851532	0.42167812851532	0.0418557086754761	0.812963859148132	0.40993731826532	0.43299994351532
cg14527456-14-74100987	0.474694001928406	0.427466506689148	0.553963340917664	-0.350045317285461	0.162497925085144	0.424314090673523	0.375860268835144	0.529383204137878	0.37426803879364	0.345134292333679	0.324221139135437	0.218179564794617	1.07802258762177	0.424509832128601	0.993605208349304	0.442109302892761	0.495186832372742	0.31411549381073	0.401642877966003	0.727751733923035	0.499351284154968	0.421688701269226	0.432581865209656	0.393046636388855	0.403203324377136	0.42586741391571	0.407738309850769	0.699284285253601	0.466640855932312	1.04860865262421	0.456266820287781	0.813756705663757	0.314768911718445	0.409131804784851	0.399003886755066	0.317753797094421	0.401163089208679	0.434730947668152	0.777262543737488	0.539697410497742	0.257805793310242	-0.0638099945315552	0.325082181615906	-0.105157465845032	0.830113437536316	0.3803475854245	0.448996606542664	0.451087148717957	0.0825426154537964	0.418292433263855	0.941563837987976	0.916887002477722	0.558009221593933	0.265753673193054	0.423183986669617	0.432856002355652	0.229582244604187	0.655334900243835	0.447463447851257	0.558395633276062	0.411399491857605	0.418558608800964	0.277100489843445	0.0315312884274292	0.305238729223328	0.537413327673035	0.885177570898132	0.273354934911804	0.415497677831726	0.401181435033874	0.0574486596432494	0.576090136816101	0.42167812851532	0.37921708164032	0.46414262851532	0.42167812851532	0.510747731175476	0.312009881648132	0.42167934076532	0.42125792101532
cg14543255-17-8905775	0.43200075766571	0.320099262426453	0.922256096654968	0.470752438451843	0.508589680822449	0.359589846410828	0.371960024572449	0.627905959875183	0.389806794530945	0.448503048070984	0.201859894872742	0.525588320531921	0.88710634335907	0.373206587865906	0.249514964086609	0.406394058630066	0.727620588110046	0.403832249548035	0.820225633703308	0.364714489660339	0.407499039892273	0.353277457006531	0.42327062094696	0.26028939212616	0.306357080114441	0.661726169653015	0.805732065588074	0.230086040990906	0.180462611669617	1.11428540836151	0.286152576025085	0.328966461401062	0.425974667455749	1.09679256052216	0.418551642492371	0.924780552831726	1.11322684494598	0.422664703405457	0.0770302994747924	0.565829166235046	0.437278549047546	0.765037761205749	0.22502493735321	0.638617289892273	0.544981193273621	0.295935341161804	0.424008362279968	0.401570904455261	0.553812371191101	0.32247818900116	0.306170593725281	0.331945758215027	0.709614977331238	0.828465428930359	0.315717742406921	0.412746758092957	0.454568000341492	0.18650365598114	0.375840203588562	-0.393365610986633	0.32309824759491	1.06650536453827	0.750027245580749	0.439167044164734	0.361901484960632	0.616124083410339	0.356573326635437	0.378139690649109	0.307574433569031	0.533095190771179	0.423166415380554	0.885111892553406	0.42167812851532	0.42196258164032	0.42139712851532	0.42167812851532	0.938123679675476	0.245380830148132	0.44437628926532	0.39856097251532
cg14657277-2-123419093	0.263318067968445	0.432513572729187	0.895425406957703	0.454625748754578	0.528664991125183	0.411253156713562	0.439286334875183	0.0953422701779175	0.460843104833679	0.482347358373718	0.299377205175476	-0.0150003691653441	0.433006653661804	0.40815589816864	0.303707274389343	0.2241823689328	0.347975898412781	0.479679559850769	0.479766944006043	0.430565799963074	0.331436350195007	0.423070767309265	0.466491931249695	1.04242370242889	0.430620390417175	0.25076847995575	0.831997375890808	0.61042535129364	0.422630921972351	0.410798718664246	-0.35815411367218	0.404788771703796	-0.423406022241516	0.39384587082489	0.013584952795105	0.24235186313446	0.628352155248718	0.391432013708191	0.545522609777527	-0.220101523462219	0.469200859350281	0.086974071508484	0.318715247655945	0.100702600195007	0.796926503576355	0.373224651464539	0.431151672582703	0.439157214757996	0.686196681493836	0.412707499303894	1.13305290402802	0.920530068517761	0.270112287633972	0.804390739233093	0.405277052709656	0.422238068395691	0.446363310644226	-0.0759710337161255	0.437388513891296	-0.228768300683899	0.444474557897644	0.391977674841003	0.290106555883484	0.0584713544674684	0.317249795263367	0.197142393713074	0.800104636938172	0.436404000951843	0.439503743871765	1.18893950107391	0.324252725683289	0.60233620285614	0.42167812851532	0.55720458164032	0.28615512851532	0.42167812851532	0.958883451675476	0.336985602148132	0.41249806126532	0.43043920051532
cg14701643-12-52208721	0.419398022802429	0.353621527563171	0.0202133617916871	0.441821703588562	-0.297549054040833	0.346964111547546	0.407106289709168	0.586535225011902	0.413866059667664	0.396841313207703	0.29905016000946	0.33384558566864	0.421229608495789	0.375338853002625	0.809632229223328	0.348165323766785	0.501030853246765	-0.402424485315247	0.521770898840027	0.342754754797058	0.445162305028992	0.34624972214325	0.393790886083679	0.641787657262878	1.00894234525116	0.653828434789734	0.627960330724793	0.647423306127625	0.442976876806335	0.37197167349823	0.465396841161804	0.344162726537781	0.460032932592468	0.411727825658875	0.393405907629089	0.832085817968445	1.2541711100827	0.406133968542175	0.0194735646115113	0.562398431371765	0.464526814184265	0.726810026342468	0.253215202489929	0.491168555028992	-0.0500875415896607	0.358165606298523	0.438723627416687	0.37119216959198	0.63687163632782	0.354293454137878	0.729895858861999	0.346285023351746	0.711369242467957	0.592010694067078	0.39911200754364	0.337960023229675	0.472486265478211	0.665745921117859	0.437255468725281	-0.154044345849915	0.370056512731628	0.444894629674988	0.673948510717468	0.558510309301453	0.844074750097351	0.511068348547058	0.797166591772156	0.421541955785828	0.350414698705749	0.330375455907898	0.0846826805172729	0.870585157690125	0.42167812851532	0.38859708164032	0.45476262851532	0.42167812851532	0.608672573675476	0.347904724148132	0.38671418326532	0.45622307851532
cg14707006-5-87982684	0.436895432226257	0.385626936987	0.916634771215515	0.43306211301239	0.480977355382996	0.402177520971375	0.419283699132996	0.22257963443573	0.0469064690914917	0.450341722631531	0.262437569433289	0.489398995092468	0.360914017919617	0.419025262426453	0.231751638647156	0.429007733190613	0.0266782626705933	0.439511924108582	0.384290308263855	0.377970164220886	0.42822771445282	0.407730131567078	0.496699295507507	0.967199066686706	1.15380175467499	-0.137923155786438	0.819101740148621	0.690728715551453	-0.353421713769837	0.599550082922058	0.264042250585632	0.365204135961609	0.421618342016296	1.1355402350827	0.407627317052917	0.784345227392273	1.19260351950653	0.423248377966003	-0.00186602596466057	0.257636840795593	0.224706223608093	-0.0970035642337035	0.730273611913757	0.61693396445282	0.798596867834168	1.15714601572235	0.00633803684051526	0.454194579015808	0.902183045751648	1.12308186356171	0.938249268285828	0.395782432775574	0.131652651891785	1.10375010349091	0.372269416967468	0.413940432653503	0.441593674902039	0.648991330541687	0.384283878149109	0.509884063573913	1.20391292215546	0.357136039098816	0.287546920141296	0.127646718725281	0.748245159521179	-0.0539282420291137	0.365842001195984	0.411117365209656	0.366026108129578	1.14278586533173	0.485446089941101	0.0387435671139527	0.42167812851532	0.30509058164032	0.53826912851532	0.42167812851532	0.750019478042664	0.49159662851532	0.354436087632507	0.268373939882507
cg14709691-1-46632871	-0.359210100122375	0.429681404638367	0.867284238866882	0.440013580663757	0.547997823034363	0.433828988622742	0.406736166784363	0.351530102087097	0.363142936742859	0.431421190282898	0.291384037084656	0.453122462743836	0.698682485570984	0.36021173007782	0.271894106298523	-0.24631179915802	0.67715473032196	0.412784391759949	0.396672775915222	0.411853631872253	0.501735182104187	0.411129599218445	0.393333763158875	0.376049534338074	0.407042222326355	0.647245311864929	1.20985920779999	0.13877018320282	0.408425753881531	0.411483550573425	0.382369718237	1.23989960361298	0.502854809667664	0.41224270273407	0.355340784704285	0.21555969504364	1.2886969871579	0.401078845617371	0.766424441686707	0.551577308446961	0.47478169125946	0.761726903417664	0.575998079565124	0.591573432104187	0.459289335485535	0.382301483373718	0.448099504491882	0.378632046667175	0.908610513403015	0.425793331213074	0.410773735937195	0.507479900426941	0.928654119543152	0.273384571142273	0.430184884618835	0.410502900304871	0.482014142553406	0.670533798193054	0.441248345800476	0.604193531225281	0.416963389806824	0.407751506750183	0.278311387792664	0.523486186376648	0.325364627172546	0.152057225622253	0.443272468847351	0.417048832861023	0.410112575780945	0.408598332983093	0.447364557592468	0.67480203476532	0.42167812851532	0.57191108164032	0.27144862851532	0.42167812851532	0.786189329175476	0.370670479648132	0.37790093876532	0.46503632301532
cg14789818-1-227748712	0.465422482030945	1.13046998679169	0.0675478210202028	0.445309162817078	0.505929405187683	0.352471570776062	0.415997748937683	0.302895684240418	0.442835518896179	0.342344772436218	1.06398561923798	-0.227163955102844	0.759482067724304	0.46044031223114	0.891433688451843	0.1510277829953	0.677640312475281	-0.409493026086731	0.486362358068543	0.353166214025574	0.441354764257507	0.457687181371765	0.430351345312195	0.468124116491394	0.838320804479675	0.45045789401825	0.322379789953308	0.46089376535614	-0.386010663965149	0.334609132726746	0.35829230039032	0.336762185766296	0.449377391820984	0.34907828488739	0.474048366857605	0.14979827719696	0.330210569311218	0.430064427770691	0.379238023840027	-0.276927109399719	0.453051273412781	-0.049738514429016	0.578028661718445	-0.159958985742492	0.233875917638855	1.09139206552704	0.428422086645203	0.240439628820496	0.879886095556335	0.384880913366394	0.319419318090515	0.477775482580261	0.114209701696472	0.270476153295593	0.368368466772156	0.388087482458191	0.470465724706726	0.681180380346375	0.425217927953796	0.253552113378601	1.07995697196014	0.488163088903503	0.820784969945984	0.588165768529968	1.08658120932587	0.184816807775574	0.375086051000671	0.363060415014343	0.382001157934265	0.414304915136414	0.441000139745789	-0.0267073830813598	0.42167812851532	0.25064808164032	0.59271162851532	0.42167812851532	0.450406605034851	0.464725755507507	0.397296214624695	0.374571506874695
cg14911521-2-71113568	0.422912797704773	0.387013302465515	0.0732401366940308	0.437120478490906	0.505074720861511	0.38479088644989	0.431809064611511	0.0653749999142455	0.401819834570007	0.455184088110046	0.735017934911804	0.445352360570984	0.406649383398132	0.459323627904968	0.388413004125671	-0.223229901330871	0.211738628149109	0.466377289587097	0.387184673742371	0.375108529699402	0.419780079931335	0.418898497045593	0.454058660986023	0.378969432165222	0.720416120153504	0.649837209692078	0.990829105627136	0.500438081029968	0.438083651708679	0.364268448400574	0.415728616064148	0.360856501440125	0.277209707494812	0.686639600561218	0.436644682531433	0.469705592870789	0.717604884985046	0.420902743444519	0.119029339513855	0.100874206274109	0.394775589086609	0.743624801244812	0.285397977392273	0.342262329931335	0.845936233312683	0.431798381200867	0.393309402319031	0.440363944494324	0.789767411230164	0.377651229040222	0.366688633764343	0.610697798254089	0.2856640173703	0.383828468969421	0.824126782445984	0.407288798132019	0.460090040380554	0.377152696020203	0.408351243627624	0.528266429052429	0.763201287633972	0.414588404577332	0.789390285619812	-0.0210039157962036	0.307876524999695	0.771348123449402	0.6993373666745	0.430841730688171	0.385262473608093	0.600119230810242	0.492820455419617	0.0223259325924681	0.42167812851532	0.57312758164032	0.27023212851532	0.42167812851532	0.944165930636413	0.35679008110907	0.0832405402262573	0.489213815476257
cg15042866-3-27755970	0.213114291967468	0.44139079672821	0.751260630956726	0.478612972753601	0.497253215124207	0.416019380712585	0.366963558874207	0.690317494176941	0.418497328832703	0.322151582372742	0.3086944291745	0.435423854833679	0.379408877660828	0.416230122167664	0.320287498388367	-0.356843407068176	0.681044122411804	0.131282783849793	1.00044816800507	0.417897023962097	0.415067574194031	0.429646991308289	-0.103036844751282	0.806935926427917	0.989322614416199	0.218521703954773	1.22326159988983	0.131995575292664	0.457171145971375	0.383658942663269	-0.143398889673157	1.24264399570282	-0.298001798242493	0.431183094823914	0.395940176794128	0.984725087133484	0.420350379247742	0.262048237707214	-0.0115961662234497	-0.241535299463196	0.417670083349304	-0.0710757044924927	0.785141471654968	0.319758824194031	0.0209687275753784	0.430937875463562	0.434306896581726	0.224947438757019	0.0964209054928589	0.420166723302917	1.15352812802704	0.504218292516785	0.960984511632996	0.925506963232117	0.685938276708679	0.498637292394714	-0.39217146535675	0.571710190282898	0.40832473789032	-0.295093076684875	0.391839781896667	0.427323898840027	0.723844779882507	0.559768578466492	0.45783901926239	0.357007617712097	0.423747860937195	0.430171224950867	1.15439596787079	1.20113272507294	0.488529949682312	0.721723426855163	0.42167812851532	0.59553758164032	0.24782212851532	0.42167812851532	0.339520151995789	0.511249302468445	0.132036761585632	0.620925723835632
cg15056288-2-119590523	0.485352693700867	0.419834198461609	0.894987032690124	0.465200374486999	0.345606616857605	0.419914782445984	0.464837960607605	0.666622895910339	0.437496730566101	0.48041998410614	0.815095830907898	0.532996256567078	0.427162279394226	0.415593523901062	1.01343290012177	0.484842994665222	0.0528135241452026	0.0713481855831909	1.04529856973846	0.404551425695496	0.460832975927429	0.419628393041687	0.419666556982117	0.384763328161316	0.392967016149597	0.696835105688171	1.01488900162323	0.145333977026062	0.461563547704773	0.417514344396667	0.464616512060242	1.25829539743622	0.489093603490906	0.410615496557312	0.412819578527527	1.01529748886688	0.76878578098114	0.458547639440613	0.00677223550994865	0.612033102270202	0.0647244850827026	0.228489697240906	0.345725873388367	-0.00779077407257084	0.430836129308777	0.47723527719696	0.447765298315125	0.272398840490417	0.0945883072262574	0.408698125036316	0.398095529760437	0.403248694250183	0.335337913366394	0.259421364965515	0.478969678442078	0.423639694128113	0.486444936376648	0.0925495920162964	0.450852139623718	0.141676325048523	1.12223418363007	0.410826300573425	1.03708118161591	0.51777698019989	0.766649420995789	0.827822019445496	0.409431262670593	-0.00305137331573491	0.414209369604187	0.399554126806335	0.10698035141571	0.061634828588562	0.42167812851532	0.50266158164032	0.34069812851532	0.42167812851532	0.320053151995789	0.530716302468445	-0.0948732384143679	0.633082011835632
cg15123562-6-44044507	-0.366316135034485	0.423892369726257	0.094889203954773	0.096660545751648	0.575443788122253	0.418077953710632	0.485546131872253	0.775061067174988	0.44672890183075	0.543586155370789	0.324635002172546	0.522339427831726	0.419123450658875	0.37048669516571	0.270775071386414	0.217017165929871	0.788397695409851	-0.328534643152161	0.407963741003113	0.400765596960144	0.516015147192078	0.430240564306336	0.448754728246765	0.600647499425964	0.419369187414246	-0.10817972304718	0.400546172887878	0.18089414829071	0.543628718969422	0.408248515661316	0.48426868332489	0.415459568700867	0.541035774755554	0.448071667821961	0.493793749792175	0.801951660131531	0.440594952245789	0.458581810705261	0.751109406774597	0.622128273534851	0.121987656347351	0.120062868505554	0.757406044653015	0.352203397192078	0.00991530057342532	0.375297448461609	0.500165469579773	0.421954011755066	0.751915478490906	0.415023296300964	0.407062701025086	0.381075865514832	0.911722084631043	0.271415536230164	0.702290849706726	0.421228865392761	0.534908107641296	0.590823763280945	0.494854310888367	-0.303539503686828	0.407090354894714	0.414104471838074	0.274264352880554	0.594433151464539	0.306776592260437	0.815617190710144	0.411010433935242	0.453955797948914	0.404706540868836	0.401261298070984	0.486768522680359	0.51383799985321	0.42167812851532	0.60887158164032	0.23448812851532	0.42167812851532	0.785653642675476	0.279772793148132	0.41354425226532	0.42939300951532
cg15182790-17-79318146	0.45449848398407	0.392660988744812	0.0637998229733277	-0.378361835229797	-0.337302592859192	0.394091572729187	-0.411111249109192	0.0869626861935425	-0.396489479150696	0.463369774389343	0.299318621191101	0.318675046850281	1.19691906967743	-0.363983685815735	1.03817169040497	0.463153784948425	0.509751314428406	0.434473975866394	1.01570836002167	0.391011215978699	-0.467593233789368	0.42708618332489	-0.37080065273468	0.480632118444519	1.1476918064328	0.678716895971375	0.684974791906433	0.668662767309265	0.494736337987976	0.798268134679871	0.480352302343445	1.27845618771942	-0.447982606225891	0.378643286840515	-0.40239563118927	0.615161279150085	0.677089571264343	-0.431001570276184	0.818005025793152	-0.270085107446594	-0.438129724634094	-0.092657512475891	0.75207766367157	0.702021016210632	-0.01303508040802	0.346955067480164	-0.442566911401672	0.0385466307736206	0.659158097509461	0.385861915319519	0.44032532004364	0.688068484533386	0.137089703649597	1.12169515524872	0.395678468725281	1.01280148441132	-0.389692273340149	-0.169310617700501	-0.456683070093079	0.553833115331726	0.395903973913269	0.589855090856628	0.859712971899109	0.112315770483093	0.805841211278992	0.755340809728699	1.2040550529538	0.415994416967468	0.38997115988739	1.18940491708954	-0.150164858301087	0.597062618871765	0.42167812851532	0.35496458164032	0.48839512851532	0.42167812851532	0.523844478042664	0.37781762851532	0.468215087632507	-0.358808054117492
cg15215612-19-51231736	0.385916222509461	0.437454727270203	0.543241561498718	0.295704903295593	0.145644145666199	0.432580311254578	0.466487489416199	0.154646424718933	0.449577259374695	0.512407512914734	0.988217359716492	0.243975785375671	0.42266680820282	0.239641052709656	0.272818428930359	0.517441523473816	0.281234052953796	0.495298714391785	0.633507098547058	0.422016954504089	-0.341424495263977	0.423559921850281	-0.0986099142092897	0.37156685696991	0.407318544958191	0.690695634496765	0.413771530431824	0.506805505834656	0.409087076513367	1.28354087320526	0.485091040868835	0.420852926244812	-0.0586618677005005	1.14117402536591	0.462466107336121	0.557583017675476	0.418957309789734	0.497750168249207	0.597878764318542	0.298649631078796	-0.0592939861087036	0.0030692260494995	0.33539840219696	0.704883754736023	0.0319816581173706	0.939216806005554	0.490521827123718	0.509988369299011	0.549112836034851	0.42085065384491	0.410144058569031	0.387457223058777	0.406902442174988	0.879766893774109	0.463999207250671	0.415071222936707	0.551030465185242	0.29514312082489	0.514138668432312	0.174172853857117	0.41960671243866	0.418428829382019	0.569146710424499	0.441060509008484	0.390549949804382	0.816012548254089	0.405266791479187	0.457448155492859	0.411008898412781	0.413994655614929	0.511573880224304	0.559327357397156	0.42167812851532	0.40359508164032	0.43976462851532	0.42167812851532	0.394484151995789	0.456285302468445	0.555978761585632	-0.131110581164368
cg15425541-14-61118751	0.437552182958679	0.352882687719421	0.113048521947937	0.464665863744812	0.479575106115418	0.386100271703796	0.414840449865418	0.703516385168152	0.420934219823914	0.401752473363953	0.913587320165711	0.55373474582489	0.316697768652039	0.451690013158875	0.179854389379578	0.285520483923035	0.106758013403015	0.442263674841003	0.385860058996277	0.317830914953308	0.373149465185242	0.4302998822995	0.465135046239929	0.387763817419128	0.35846950540741	0.619934594945984	1.12732649088104	0.212758466283875	0.292058036962586	0.43200683365448	0.433387001318054	1.18374488669403	0.385913092748718	0.302993985815125	0.422447067785339	0.880280978124695	1.20719127023895	0.405074128698425	-0.0350642752322388	-0.318945408471985	0.297060974340515	0.737963186498718	0.426675362646179	0.600319715185242	0.777524618566589	0.445163766454773	0.394775787572937	-0.17296467025177	0.87320279648407	0.335402614294129	0.46817401901825	0.342524183507996	0.898823402624207	0.881760854223328	0.30568916769989	0.301264183385925	0.374115425634461	0.579132081274109	0.384432628881531	0.334218814306335	0.445014672887879	0.323133789831238	0.908488670873718	0.439649469457703	0.931192910253601	0.238032508703308	0.321043751928406	0.419798115942078	0.350063858862	0.787702616064148	0.429193840673523	0.855877317846375	0.42167812851532	0.30742908164032	0.53593062851532	0.42167812851532	0.195981768136414	0.33251891860907	0.522885377726257	0.513484977976257
cg15627089-11-16625751	-0.457691794336243	0.874719710424499	0.167476544653015	0.39212788644989	0.502920128820496	0.374816294408874	0.368301472570496	0.70446340787323	0.275033242528992	0.388217496069031	0.216476342870788	0.292051768529968	0.355042791357117	-0.425092964136047	0.677066412084656	0.122791506628113	0.621354036108093	0.434137697546082	0.325441081701355	0.411027937658386	-0.39476951210968	0.339899905004578	-0.364012931054993	0.642002840124206	0.462415528112488	0.274703617651062	1.23098751358612	0.0966124889889526	0.443305059667663	0.303346856359558	-0.465057975976868	1.22259690939911	0.153118115453796	1.1453410085202	-0.469135909509582	0.944526000829773	1.24184329294403	-0.508880848596497	0.538442747472839	-0.324192385766907	0.372776997045593	0.770749209203796	0.732570385351257	-0.16739226210968	0.225147641271667	1.16774578915985	0.431877810278015	0.456328352453308	0.801581819189148	0.337314636999207	0.595824041723328	0.707064206213074	0.525200425329285	0.218076876928406	0.743292190404968	0.356539206091003	0.438847448339539	-0.0439538960208131	-0.534461348413391	-0.404678162988586	0.306926695592956	1.09714581253632	1.0570146935788	0.514165492162781	0.521323932958679	0.580921531408386	1.00685477463348	0.431720138647156	0.364481881567078	1.11647263876923	0.516066863378601	0.877491340551453	0.42167812851532	0.60398308164032	0.23937662851532	0.42167812851532	0.923851311675476	0.235468462148132	0.42232692126532	0.42061034051532
cg16171281-18-73167422	0.388945661352234	0.641916166112976	0.867766000341492	0.439547342138367	0.479151584508972	0.525514750097351	0.412800928258972	0.502491863561707	0.417935698217468	0.438516951757507	0.974859798559265	0.165038224218445	0.319217247045593	0.422723491552429	0.973660867773132	0.330919962316589	0.40808349179657	0.436478153234558	0.382189537389832	0.297298393346863	0.379506943578796	0.373107360693054	0.437618524633484	0.541907295812683	0.455202983800964	0.556138073339539	0.324449969274597	0.682041944677429	0.42942251535614	0.367403312048035	0.363932479711609	0.295270365087585	0.291219571142273	0.280228464208679	0.392840546178894	0.85913945651825	1.19946074863251	0.39637560709198	0.756184203161316	0.50595006992157	0.40765045273407	-0.057263335107727	0.300124841039734	0.657430193578797	0.446298096960144	0.258066244848328	0.378513265966492	0.486502808141785	0.802846274877625	0.325152092687683	1.0449934974118	0.92709266190155	0.850415881017761	0.998949332616882	0.441445646093445	0.37271366177948	-0.487691095971985	0.639775559667664	0.386864107275085	-0.20258970730011	1.19855315128143	0.300302268224792	0.189131149267273	0.435443947851257	0.586107388647156	0.338291987096863	1.13472723032196	0.387983594335632	0.391388337255554	0.300798094457703	0.473839319067078	0.352156796239929	0.42167812851532	0.45765358164032	0.38570612851532	0.42167812851532	0.705204640175476	0.250637790648132	0.41853424976532	0.42440301201532
cg16171526-1-155043744	-0.20978825039093	0.408079254369812	0.891118088598328	-0.364564569604797	0.538671672765808	0.405862838354187	0.419026016515808	0.195641951818542	0.409393786474304	0.462293040014343	0.276718886816101	0.481679312475281	0.400289335302429	0.424316579809265	0.267738956029968	0.453437050573425	0.683644580053406	0.343032241491394	0.504124625646668	0.449514481603699	0.499779031835632	0.39575144894989	0.40961061289032	0.369628384069519	0.4374980720578	-0.152516838403626	0.401632057531433	0.748569032934265	0.458355603612976	0.977404400304871	0.455211567968445	1.27140745334442	0.505977659399109	0.413875552465515	0.43295363443573	0.587888544775086	0.409220836889343	0.460099695348816	0.0863422914181519	0.370725158178406	0.527914540990906	0.285732753149109	0.31774392929657	0.626580281835632	0.0068441852169801	0.681656333105164	0.400572354223328	0.415079896398621	0.979182363134461	0.397664180944519	0.39038758566864	0.412812750158386	0.484610969274597	0.584862420873718	0.439958734350281	0.392828750036316	0.492275992284851	-0.1155863520755	0.439740195531921	-0.223519619043274	0.400347239538269	0.471957356481629	0.697806237524109	0.507517036108093	0.289462476903992	0.737432075353699	0.383767318578796	0.421955682592468	0.39122242551239	0.395187182714539	0.485954407323914	0.766305884496765	0.42167812851532	0.61046908164032	0.23289062851532	0.42167812851532	0.636198874675476	0.287922025148132	0.41696148426532	0.42597577751532
cg16192707-6-99292347	0.448928176488953	0.360276681249695	0.83607951547821	0.418870857275085	-0.413041900354309	0.34138526523407	0.394386443395691	0.501906378698425	0.364168213354187	0.470388466894226	0.234045313695984	0.541670739355164	0.339341762182312	0.443220006689148	0.338990382909851	0.445268477453308	-0.00449499306671147	-0.385244331628723	0.31881305252655	0.700981908483582	0.416804458715515	0.331888875829773	0.408865039770203	0.368037810949402	0.324019498937683	0.667752588476257	1.18967848441132	0.399688459814148	0.333391030492859	0.622503827184753	0.463740994848328	0.744919880224304	0.419021086278992	0.848831979345398	0.419398061315613	0.980861971654968	1.23839226376923	0.425875122228699	0.517779718298035	0.547126585058288	0.430635967870789	0.123698180028992	0.652982356176453	-0.174640291284485	-0.00506638790313729	0.313834759985046	0.42192378110321	0.349953323278503	0.647177790014343	0.331956607824402	1.18821901254852	0.319554177038269	0.89091639615448	1.0869398477536	0.365597161230164	0.335723176916199	-0.366552580835266	0.631147074804382	0.410536622411804	0.449839807836609	1.19225966641815	0.330912783361511	0.976004664403991	0.659320462987976	0.495835903783874	-0.0605704977664184	0.657453745458679	0.320500109472351	0.433312852392273	0.436705609594421	-0.205214165796204	0.550825311376648	0.42167812851532	0.55486008164032	0.28849962851532	0.42167812851532	0.198917015636414	0.32540516610907	0.566543625226257	0.520598730476257
cg16210842-5-139511585	0.402558951513367	0.383045456274109	0.870031290502625	0.3940706322995	0.500599874670105	1.06534804025848	0.409374218420105	0.162221153722839	0.392343988378601	0.43362924191864	0.268256088720398	0.359640514379578	0.571464537206726	0.439901781713562	0.994483157934265	0.404195252477722	0.0170947819577027	0.466107443395691	1.00613082755096	0.672487683507996	0.347426233739929	0.975535650854187	0.418431814794617	0.334858585973816	0.349690273962097	0.573233363500671	0.33758125943573	0.081311234838562	0.451243805517273	0.581348602209168	0.424048769872742	0.360767655248718	0.421650861303406	0.338513754369812	0.429822836340027	0.810941746679382	0.33342603879364	0.335603897253113	0.338563493322449	0.584150360082703	0.427012742895203	0.701260955053406	0.749886131200867	0.456192483739929	0.765770387121277	1.13077653500946	0.299447556127625	0.419255098302917	0.643965565038757	0.410975382848816	0.698040787572937	0.348765952062683	0.122904171178894	1.00095462277802	0.460680936254578	0.371635951940613	0.234702194189148	0.627970849828796	0.221324397436218	0.506045582861023	1.01754644144257	0.956067558385925	1.02445643942841	-0.0426887619876098	0.351182678808289	0.785362277257996	0.338515520483093	0.411208884496765	0.358319627416687	0.354721384618835	0.37957160922821	0.778238086401062	0.42167812851532	0.63024758164032	0.21311212851532	0.42167812851532	0.674331591128601	0.812329741601257	0.00778020071844482	0.173342408968445
cg16263887-4-190939230	0.405132109350281	0.438044614111023	0.921082448339539	0.420150790136414	0.497614032507019	0.449371198095398	0.396968376257019	0.262252311559753	0.455708146215515	0.436429399755554	0.432470246557312	0.368246672216492	0.46123769504364	0.407152939550476	0.724813315771179	-0.230667589685364	0.0463449397946168	0.472219601232605	0.395529985387878	0.39917884134491	0.302033391576843	0.805546808691101	0.460639972631531	0.74568874381073	0.906689431799011	0.646849521337585	0.422075417272644	0.684683392675476	-0.212414036645813	0.882814760046082	0.150782927709656	0.440205813085632	0.42270701914032	0.431437912206726	0.408567994176941	0.211522904516296	0.393535196630554	0.419822055090027	0.529764651159363	0.206171517919617	-0.200687099267883	0.0166261128903198	0.486301289037781	0.455183641576843	0.834736544958191	0.600134692846375	0.353461713964539	0.521186256139831	0.0977707228756715	0.44514754068573	0.467764945409851	0.409889109899597	0.191460329015808	0.823700780614929	0.422311094091492	0.416009109777527	-0.342186647973938	0.38601000766571	0.419543555273132	0.147858740697937	1.26202359927948	0.402385716222839	1.07684759726532	0.409157395849304	0.674142836645203	-0.0360915649050902	0.546320678320007	0.100769042333679	0.439411785253601	1.18686954245575	-0.228088232934875	0.154260244237976	0.42167812851532	0.35182958164032	0.49153012851532	0.42167812851532	0.368302978042664	0.41125312851532	0.434779587632507	0.540134995882507
cg16283362-7-156795914	0.46176775754364	0.358651262304382	0.106966096532898	0.423781438329773	0.538266680700378	0.352209846288757	0.435378024450378	0.343790959753113	0.437387794408874	0.279926047948914	0.345177894750671	0.467834320409851	0.365273343236999	0.356538587743835	0.501106963964538	0.474249058507996	0.0747485879879761	0.485547249425964	0.407131633581238	0.784432489538269	0.425093039770203	0.34444545688446	0.43299262082489	0.661703392004089	0.338999079992371	-0.105944830469055	0.374588065466003	0.589326040868835	0.285758611547546	0.562488408239441	0.483080575903015	0.347096461278992	0.450698667333679	1.03204456040009	0.4232426423703	0.651147552709656	0.340756844823913	0.430890703283386	0.0385372993527222	0.566212166112976	0.437222548925476	0.763876761083679	0.65554793723114	-0.175055710229797	0.83845119315155	1.04298534103973	0.447123362157898	0.445676904333191	0.0432123710690308	0.370035188879089	0.32842259360321	0.420317758092957	0.199692977209167	1.09579242880829	0.344707742284851	0.337646757970886	-0.429789999780579	0.63000465585907	0.404786203466492	-0.238841611108703	0.384926247472839	0.371492364416199	0.772393245458679	0.422420044042664	0.264189484838562	-0.028683916711731	0.334575326513367	0.447192690527038	0.47142143344696	0.436845190649109	-0.197850584741516	0.0720658924313354	0.42167812851532	0.49480258164032	0.34855712851532	0.42167812851532	0.506196261175476	0.249779411648132	0.46258187076532	0.38035539101532
cg16391955-1-50881185	0.460018438085632	0.419654942846375	0.87036977707489	0.479993118871765	0.554539361242371	0.41092952683075	0.397054704992371	0.378123640295105	0.423843474950867	0.486161728490906	1.05529157529266	0.399913000951843	0.403250023778992	0.414443268285828	0.848334644506531	0.492752739049988	0.0651502685299684	0.412976929967957	0.51782531412323	0.432283170080261	0.490935720312195	0.478019137426453	0.420131301366882	0.415173072546082	0.459838760534363	0.677657850072937	0.388817746007996	0.606665721410828	0.411552292089539	0.396841088781433	0.421087256445007	0.569790141820984	0.515930347875671	0.401471240942078	0.419886322912292	0.232566233251648	0.390090525365906	0.448696383825378	0.142245979894714	-0.0480021533450318	0.432643229467468	0.296693441625671	0.376861617773132	0.143464970312195	0.873182873693543	0.367830021581726	0.46111204269989	0.443897584875183	0.244093051611023	0.411619869421082	0.392628274145203	0.392438438634949	0.21156965775116	1.00035510935028	0.415164422826843	0.429321438512878	0.185550680761414	0.048183336401062	0.460273884008484	0.522315069433289	0.423808928014832	0.439821044958191	0.707090926000671	0.434698724584656	0.613424165380554	-0.00162223616973861	0.441322007055359	0.421976371069031	0.440794113988953	0.398099871191101	-0.0225339041995239	0.175057572973328	0.42167812851532	0.26892708164032	0.57443262851532	0.42167812851532	0.208552671136414	0.40502582160907	0.457953280726257	0.440978074976257
cg16476975-7-155164995	0.459708139501648	0.54822864426239	0.872735478490906	0.392154820287781	0.519479062658386	0.352198228246765	0.388041406408386	0.183978341711121	0.378239176366882	0.454999429906921	0.671447276708679	0.324095702367859	0.751411725195007	0.373907969701843	0.520377345922546	0.413786440466003	0.000136969945983834	0.452257631383972	0.672218015539246	0.376425871496277	0.443229421728211	0.337759838842468	0.385357002782898	0.689383773962097	0.381870461950378	0.636954551488953	0.338247447424011	0.746713422826843	0.475267993505554	0.340019790197449	0.234121957861023	0.343740843237	0.468008049291687	0.603416942358093	0.395970024328308	0.312615934667664	0.452433226781921	0.421779085241394	-0.0545733186892701	0.547111548070984	0.472494930883484	0.471866143041687	0.727826319189148	0.665741671728211	-0.050521424890442	0.361137722997742	0.430018744115906	0.422550286291199	0.599214753027039	0.410681570837097	0.675361975561218	0.322884140050964	0.155882359167175	0.406266810766296	0.365778124242859	0.351240139928894	0.459666382177429	0.670737037817078	0.419336585424499	0.549680770849304	0.344456629430847	0.347623746374207	0.319312627416687	0.495295426000671	0.81491886679657	0.159354465246277	0.486085708471375	0.387023072485046	0.628110815404968	0.335012572607117	0.382309797216492	0.770691274389343	0.42167812851532	0.34834358164032	0.49501612851532	0.42167812851532	0.403313826128601	0.300880976601257	0.486491435718445	0.444360173968445
cg16647921-4-41867533	0.398462469213562	0.762737973974304	0.84711380820282	0.415716149999695	-0.4751886076297	0.294751557958679	0.3902577361203	-0.0291193285769653	0.407768506078796	0.366269759618836	0.187303606420593	0.479953032079773	0.319170054906921	0.414601299413757	0.10527067563446	0.127879770177917	0.529880299657898	0.427002961095886	0.46324934525116	0.457688201208191	0.348996751440124	0.394918168554382	0.417036332494812	1.07198610367401	0.877663791662292	0.596590881200867	1.16944177713593	0.725544752538757	0.418850323217468	0.356604119909363	0.408284287572937	1.03078417294891	0.360937379003601	0.620084272070007	0.355188354040222	0.708064264379578	1.13504755649384	0.358537414953308	0.372025011022644	0.540738877782898	0.375983260595398	-0.184908527246399	0.937283648901062	0.661068001440125	0.698164904821472	1.08039905270966	0.35651507382782	0.422654616003113	0.840895082738953	0.479083900549011	0.349906305273132	0.337334469762878	0.518833688879089	1.02090714047821	0.335124453954773	0.431426469640808	0.400310711889343	0.627748367528992	0.349582915136414	0.461011100561218	1.16534695914276	0.294349076086121	1.0076919571286	0.629352755712586	1.01831219650848	-0.157432205041809	0.965960038183288	-0.48169059780304	0.331758145116882	0.292087902319031	0.465184126928406	0.831464604101257	0.42167812851532	0.61561158164032	0.22774812851532	0.42167812851532	0.0991763921364135	0.30865754260907	0.538673001726257	0.537346353976257
cg16755500-17-27918338	0.460994365942078	0.35800587070282	0.811969704931335	0.42705404672821	0.121423289098816	0.351493454687195	0.363582632848816	0.0820835681515503	0.367646402807312	0.417644656347351	0.274232503149109	0.450641928808289	0.370079951635437	0.367009196142273	0.954428572362976	0.376768666906433	0.722492196386414	0.373075857824402	0.614439241979675	0.334581097936707	0.45443364816864	0.360323065282898	-0.120843770776673	0.350536000402527	0.341517688390808	0.617544777929382	1.02823967386444	0.664475649267273	0.436047219945984	0.342970016637878	0.442877184301453	0.378173069677429	0.475783275732117	0.434298168798523	0.372131250768738	0.939928161108093	0.772941453222351	0.404562311681824	0.78484390775116	0.508813774511414	0.452937157323914	0.753329369482117	0.635415545629578	0.58146989816864	0.822602801549988	0.311347949438171	0.412721970556335	0.388584512731628	0.645661979467468	0.339115797277527	0.755648202001648	0.431927366491394	0.962315585607605	0.564560037206726	0.425456350683289	0.344408366369324	0.451319608617859	0.329489264257507	0.412410811864929	0.494795997289734	0.339307855871277	0.340411972814636	0.198269853857117	0.489044652441101	0.234425093237	0.719932691686707	0.358749934911804	0.366660298925476	0.897230041845398	0.330658799047546	0.257038023656921	0.896013500829773	0.42167812851532	0.60232308164032	0.24103662851532	0.42167812851532	0.733361170175476	0.280848320648132	0.42900677976532	0.41393048201532
cg16800111-14-105293760	0.359294739843445	0.433276244604187	0.497344078832703	0.380216420629578	0.216133663000183	0.405617828588562	0.404900006750183	0.200357942052917	0.431470776708679	0.508827030248718	0.272611877050476	0.348400302709656	0.483900325536804	-0.34150542995636	1.05302194626434	0.1556490408078	0.510524570287781	0.414514231725769	0.670779615881043	0.733641471838074	0.448631022070007	0.429012439184265	-0.257739396875305	0.382717374303894	0.395725062292175	0.72253015183075	0.938460047765808	0.11919202316864	0.492964593847351	0.674996390539246	0.48184155820282	0.389381443578796	0.455904649633484	1.15181554269989	0.439990624670105	0.25526153500946	1.27623582712372	0.00981268558319098	0.0258982816525269	0.607697148412781	0.281170531225281	0.480433743383484	0.516510919530945	0.701266272070007	0.057336175451355	0.814138323339539	-0.436394655542298	0.408926886632996	0.277962353368835	0.400630171178894	0.786563575903015	0.523371740392761	0.748740959508972	0.620643411108093	0.409887724584656	0.396081740270691	0.484009982519226	-0.132412361841126	0.450529185766296	-0.340197628808899	1.20189422977264	0.414857346716003	0.295549227758484	0.357783026342468	0.895909467138367	0.0387180655880738	0.374173308813171	0.458120672826843	0.384942415746765	0.389080172948914	0.495736397558289	0.86576187473114	0.42167812851532	0.51597258164032	0.32738712851532	0.42167812851532	0.765330478042664	0.34361962851532	0.502413087632507	0.249383052882507
cg16909408-3-134125688	0.457494075536804	0.421928580297546	0.129252414526062	0.454172756322937	0.0911329986935425	0.417992164281921	0.398900342443542	0.298836277746277	0.379100112402039	0.340371365942078	0.292550212743835	0.325818638403015	0.560915661230164	0.362036905737	0.887342281957703	0.42216937650116	0.0949499059811402	0.408691567419128	0.394848951574402	0.442101807531433	0.486626357763367	0.413123774877624	0.367362938818054	0.363834709997253	0.422417397985535	0.379588487524109	0.543435383459167	0.580270358862	-0.21936807045929	0.407553726232605	0.437597893896179	1.22986277927216	0.509337985326843	0.40774687839325	0.394525960363464	0.20780087070282	0.400197162817078	0.45720402127655	0.811137617345886	0.58470948410614	0.49938186691864	-0.0333299209231567	0.564349255224304	0.506075607763367	0.544646511144714	0.379034659032898	0.471386680151062	0.425207222326355	0.0810066890621948	0.510312506872253	0.400424911596374	0.396551076086121	0.461868295202332	0.622489746801453	0.458756060278015	0.68591807596405	0.471544318212586	0.546457973852234	0.428584521459656	0.563368706884461	0.414768565466003	0.427419682409363	0.371513563451843	0.517256362035828	0.695827802831726	-0.00662459871856691	0.502198644506531	0.391646008520203	0.409593751440124	0.405305508642273	0.364652733251648	0.751535210424499	0.42167812851532	0.33706058164032	0.50629912851532	0.42167812851532	0.291995478042664	0.48961562851532	0.356417087632507	0.546870947882507
cg16952345-3-193858883	0.0496894032955934	0.431238908056335	0.108342742284851	-0.0316739159182738	0.463591326452332	1.02425049204071	0.530638670202331	0.358711605505066	0.396067440160828	0.434435693700867	0.301676540502625	0.590488966161804	0.403261988988953	0.501827233495789	1.01934860971649	-0.360582295740051	0.273097233739929	-0.233384104822082	1.06806027933319	1.10606513529022	-0.417956314477844	0.421532102636414	-0.332326733423157	1.01879703775604	0.439093725744324	-0.134009184717102	0.437428711217957	0.521277686620789	0.5326832572995	0.708019053991394	0.561879221654968	0.822801107030945	0.501061313085632	1.17387720615204	0.329540288122253	0.393698198461609	0.918023490575867	0.491099349035339	0.875074945104675	-0.236760188135071	0.514883194677429	-0.0698565931643675	0.336031582983093	0.485709935522156	0.0159648389035035	0.389882986791687	0.0669490079098513	0.302112550085144	0.777671016820984	0.420586834631043	0.417176239355164	0.88112540384491	0.173615622961121	1.15502507456024	0.415606388036804	0.851748403722839	-0.355299354028625	-0.136012698388977	-0.417730150781555	0.57962703464325	0.413988893224793	0.409484010168152	1.12824589121063	0.254543689794617	1.03185013059052	0.773508729040222	0.40533297226532	0.501420336278992	0.423823079198914	0.403170836401062	0.546367061010437	0.0584555381832886	0.42167812851532	0.64816008164032	0.19519962851532	0.42167812851532	0.867537733175476	0.222648883648132	0.42808534276532	0.41485191901532
cg17054060-5-3606081	-0.282910864282532	0.93221964047821	0.0605824747067262	0.467535816503601	0.524704058874206	0.342158224462585	0.464843402624206	0.421673337926941	0.466161172582703	0.499367426122742	1.0568132729245	0.00557769858367924	1.20128172141083	0.497371965917664	0.434743342138367	0.460678436681824	0.348006966161804	0.224893627599792	0.411608011755066	0.321122867712097	0.323076417944031	0.368608835058289	0.479903998998718	0.709557770177917	0.531293458166199	0.704609547704773	0.348373443639831	0.575276419042664	-0.348278010278626	0.855158786413269	-0.131728045923157	0.34924583945282	0.0328570455075073	0.333716938573914	0.420420020544128	0.130629930883484	0.346419222997742	0.448543081457214	0.79144767752655	0.109109544286804	-0.438543072900696	0.325142139257507	0.396378315404968	0.434441667944031	0.871811571325378	0.869959719213562	0.326694740331726	0.181087282507019	0.602345749242859	0.439883567052917	0.703525971777039	0.308617136266785	0.109696355382996	0.413277806982117	0.316745120458679	0.369768136144714	0.0410133783932495	0.656308034032898	0.43340658164032	-0.399307232934876	0.337451625646667	0.549734742590027	0.668679623632507	0.457984422216492	0.48154886301239	0.0706384614620972	0.453401704687195	0.158653068700867	0.739202811620788	0.494058568822937	0.556354793432312	-0.000521729394836468	0.42167812851532	0.33094508164032	0.51241462851532	0.42167812851532	0.182379978042664	0.38941012851532	0.456622587632507	0.587696245882507
cg17101450-10-102900365	0.413029951513367	0.304328456274109	0.841934290502625	0.4102726322995	0.488265874670105	0.297364040258484	0.401075218420105	0.492255153722839	0.361699988378601	0.37746424191864	0.732969088720398	0.459669514379578	0.278643537206726	0.347165781713562	0.431765157934265	0.410392252477722	0.627692781957703	0.376764443395691	0.291192827550964	0.380242683507996	0.400228233739929	0.290533650854187	0.386413814794617	0.597215585973816	1.0368182739621	0.622290363500671	1.01682025943573	0.617430234838562	0.451570805517273	0.666767602209168	0.406740769872742	0.490175655248718	0.421173861303406	0.295646754369812	0.381628836340027	0.946482746679382	0.63424903879364	0.378025897253113	0.641080493322449	0.574292360082703	0.425081742895203	0.744383955053406	0.263732131200867	0.600482483739929	-0.104559612878723	0.75949453500946	0.397809556127625	0.419732098302917	0.736813565038758	0.322726382848816	0.312718787572937	0.302325952062683	0.923179171178894	0.785094622778015	0.411556936254578	0.833883951940613	0.435606194189148	0.668336849828796	0.392339397436218	0.413430582861023	0.309106441442566	0.287964558385925	0.734481439428406	0.46424423801239	0.698110678808289	0.713599277257996	0.293735520483093	0.388384884496765	0.285751627416687	0.283093384618835	0.43861560922821	0.619688086401062	0.42167812851532	0.59412758164032	0.24923212851532	0.42167812851532	0.173062252636414	0.33297240310907	0.524231862226257	0.513031493476257
cg17133668-1-162792177	0.461029129736023	0.367062634496765	0.851291468725281	0.463195810522156	0.498743052892761	0.41383321848114	0.452158396642761	0.813739331945496	0.0536091666012573	0.462692420141296	0.287245266943054	0.149986692602234	0.414630715429382	0.494676959936218	0.594538336156921	-0.337923569299622	0.368422960180359	-0.309768378381653	0.361107005773621	1.15665086173065	0.406500411962585	0.375015829076843	0.446194993017273	0.451783764196472	0.403605452184753	0.382459541723328	0.376727437658386	0.797031413061218	0.494408983739929	0.396677780431824	0.432778948095398	0.377114833471374	0.431198039526062	1.21777293259247	0.412348014562683	0.988188924902039	1.2104822170163	0.422508075475769	0.815205671545105	0.574998538305359	-0.119669078882141	-0.031719866723938	0.750935309423523	-0.133918338037414	0.00902256534393309	0.325395713232117	0.418601734350281	0.161162276525574	0.107392743261414	0.892794561071472	1.16874396579559	0.468876130285339	0.46618334940155	0.275567801000671	0.809723114477234	0.400860130163269	0.445992372411804	0.198465028051453	0.412838575658874	0.533553761083679	0.358011619665222	0.389032736608582	0.851992617651062	0.513028416235046	0.382472857030945	-0.0212075445193481	0.640457698705749	0.0803450627194213	1.00918380563934	0.440366562841492	0.159276787450867	0.657775264623718	0.42167812851532	0.44297608164032	0.40038362851532	0.42167812851532	0.135582378636414	0.34421452910907	0.530690988226257	0.501789367476257
cg17159790-18-73168179	0.453551039159851	0.672834543920593	0.104437378149109	0.435494719945984	0.471542962316589	0.400583127904968	0.376204306066589	0.110839241369324	0.395111076025085	0.461034329565125	0.237028176366882	0.305158602026062	0.31188962485321	0.416309869360046	0.96273424558075	0.434555340124207	0.504293869604187	0.420781531042175	0.693330915197449	0.97110277115448	0.386503321386414	0.329435738500671	0.398890902441101	0.3402936736203	0.361566361608582	0.672503451147156	1.12866434708221	0.0571533224850463	-0.333734106836243	1.14674968985565	0.215029857519226	0.407305742895203	0.41561694894989	1.1899738420163	0.346382923986511	0.956653834325867	1.21773812644012	0.399529984899597	0.523006580968933	-0.266487552270813	0.134923830541687	0.75469704269989	0.633947218847351	0.657016571386414	0.650205474767761	1.17371062265595	0.415626643774109	0.409934185949402	0.209482652685242	0.9739244704953	1.16517087521942	0.349900039709167	0.112926258825378	1.0810267104245	1.09144402390106	0.338423039587097	0.434356281835632	0.168458937475281	0.413063485082703	0.352405670507507	1.21418752908905	1.07815264603241	1.09152152707489	0.416643325658875	1.07307876645477	0.21008636490448	0.800364608129578	0.420429972143249	0.906259715063171	0.41121547226532	0.496521696874695	0.872240174047546	0.42167812851532	0.25041408164032	0.59294562851532	0.42167812851532	1.00290626463641	0.34130741510907	-0.254723125773742	0.504696481476257
cg17247873-10-134332277	0.445585182958679	0.520253687719421	-6.04780520628845e-05	0.433208863744812	0.000772106115417559	0.322495271703796	0.429919449865417	0.766465385168152	0.412505219823914	0.404056473363953	0.711802320165711	0.10710774582489	0.388183768652039	0.455212013158874	0.162677389379578	-0.449583516076965	0.390182013403015	0.460396674841003	0.438740058996277	1.20098991495331	0.404164465185242	0.4954178822995	0.462671046239929	0.515036817419128	1.16461150540741	0.144972594945984	0.348778490881043	0.876912466283875	0.166859036962585	0.29639483365448	0.440748001318054	1.21363288669403	-0.517490907251282	1.19680198581512	0.437445067785339	0.228662978124695	1.22903927023895	0.383781128698425	0.214118724767761	0.236583591528015	0.429981974340515	-0.159231813501282	0.560162362646179	0.673264715185242	-0.0762103814334106	0.341893766454773	0.245762787572937	0.49667232974823	-0.00579820351593008	0.387728614294128	0.39214001901825	0.551843183507996	0.490599402624207	0.180401854223328	0.57131616769989	0.484800183385925	0.130225425634461	-0.211850918725891	0.406717628881531	0.488278814306335	0.410775672887878	1.14778278983124	0.206314670873718	0.643591469457703	0.311202910253601	0.483351508703308	0.942961751928406	0.428227115942078	1.070871858862	0.404863616064148	0.511412840673523	-0.0166476821536255	0.42167812851532	0.00410208164031983	0.83925762851532	0.42167812851532	0.123192478042663	0.35090962851532	0.495123087632507	0.500473096882507
cg17651959-20-21498100	0.550285134374695	0.440003639135437	0.0980064733639527	0.332977815160828	0.607836057531433	0.455827223119812	0.473524401281433	0.116157336584167	0.506936171239929	0.542531424779968	0.306452271581726	0.429632697240906	0.404113720068054	0.50903596457489	0.273957340795593	0.56161043533905	0.0784499648190308	0.354135626257019	0.400696010412293	0.411332866369324	0.510098416601257	0.426190833715515	0.509701997655945	0.660454768835144	0.418087456823425	0.704646546362	1.09813644229706	0.14616141769989	0.538678988378601	0.417826785070496	0.55015995273407	1.25215783811005	0.533319044164734	0.51099193723114	0.501238019201355	0.39366192954071	0.582080221654968	0.517098080114441	0.0525796761837768	0.0945915429440306	0.231503925756531	0.353633137914734	0.336399314062195	0.219312666601257	0.149428569982605	0.388725717870789	0.523980738988953	0.530895281164246	0.0871247479000855	0.976566565710144	0.426112970434265	0.761372134924011	0.614232354040222	0.409182805639343	0.411653119115906	0.416553134801941	-0.345813622949524	0.0712410326901244	0.516223580297546	-0.187073234277649	0.432806624303894	0.414839741247253	0.870252622289734	0.601957420873718	0.320040861669617	0.196237460119324	0.401313703344421	0.390287067358093	0.419261810278015	0.455273567480164	0.544916792089539	0.10973426926239	0.42167812851532	0.60127508164032	0.24208462851532	0.42167812851532	0.189299365636414	0.35718551610907	0.518697975226257	0.488818380476257
cg17810609-5-72746710	0.507493110693054	0.446104615453796	0.351582449682312	0.526762791479187	0.426387033849793	0.427918199438171	0.480887377599792	0.649292312902527	0.113101147558289	0.123619401098328	0.707056247900086	0.295494673559265	0.376353696386414	0.47507794089325	1.05594331711395	0.35643541165741	0.34611294113739	0.197585602575378	0.732314986730652	0.523968842687683	0.434822392919617	0.460898810033875	-0.352616026025696	0.338429745153504	0.415522433141785	0.725048522680359	0.352800418615418	0.46402839401825	-0.0325820353030395	0.983174761388855	0.415642929052429	0.891789814428406	-0.126705979516907	1.1576619135495	0.479243995519714	0.23652290585907	0.947165197973328	0.4550130564328	0.215656652502136	-0.28898948073761	0.47559490207489	0.699446114233093	0.407398290380554	0.130149642919617	-0.0194024536990355	0.484453694189148	0.461013715307312	0.120746257482605	0.241570724218445	0.455498542028503	0.351970946752625	0.502139111242371	0.121520330358582	0.228732781957703	0.355638095434265	0.3922861111203	-0.174057646631165	0.698704009008484	0.454229556615906	0.49826874204071	0.440329600622254	0.360873717565613	1.15424159860809	-0.0411606028079222	0.526551837987976	0.00617143643768325	0.377697679662781	0.371564043676453	0.458100786596375	0.455707543798523	-0.274184231592102	0.31893524558075	0.42167812851532	0.23536558164032	0.60799412851532	0.42167812851532	0.412663151995789	0.438106302468445	0.633066761585632	-0.180027170164368
cg17959970-6-10383164	0.0120348794918824	0.414411384252625	0.95432521848114	0.355458560278015	0.573121802648621	0.433494968237	0.461672146398621	0.464309081701355	0.483203916357117	0.262588169897156	1.03619201669891	0.306766442358093	0.408047465185242	0.465839709692078	0.296329085912781	0.191783180456238	0.108500709936218	0.431736371374207	0.55821275552948	0.394920611486511	0.491675161718445	0.469682578832703	0.458093742773132	0.354758513952332	0.392988201940613	0.420910291479187	0.402009187414246	0.139075162817078	0.0953547334957885	0.808225530187683	0.489729697851257	0.452578583227234	0.229743789281921	0.397995682348328	0.427259764318542	0.895757674657898	0.388582966772156	0.514206825231628	0.603595421300964	0.454311288061218	0.509808670873718	0.107854883031921	0.456109059179382	0.696408411718445	0.00822631509979255	0.370537462987976	0.44451848410614	0.432348026281433	0.0959894930172731	0.402149310827332	0.389347715551453	0.373034880041199	0.96154909915741	1.06605155075653	0.413510864233093	0.402677879919128	-0.280387877832336	0.691157777807312	0.485875325414734	-0.313494489160461	0.410656369421082	0.390657486364441	1.06120236740692	0.414524165990906	0.320552606786804	0.587070205236511	0.444918448461609	0.0477128124752807	0.423770555395203	1.02850131259735	0.304607537206726	0.866647014379578	0.42167812851532	0.35574308164032	0.48761662851532	0.42167812851532	0.252243978042664	0.47532712851532	0.370705587632507	0.564509626882507
cg18063312-5-72740737	0.435489618993835	0.400535123754578	0.900797957983093	0.455178299779968	0.323649542150574	0.303167707738953	0.422986885900574	0.717858821203308	0.35938165585907	0.459221909399109	1.00039475620087	0.207302181860046	0.646894204687195	0.448894449194031	0.296964825414734	0.416844919958191	0.0787564494381715	0.46034711087616	0.327134495031433	0.354952350988464	0.386624901220398	0.536857318334656	0.451849482275085	0.900064253454285	1.03396094144257	0.67885303098114	0.346825926916199	0.627571902319031	0.494456472997742	0.273083269689636	0.435640437353211	0.297810322729187	0.123139528783875	0.298652421850281	0.410671503820496	0.189026414159851	1.13174370627411	0.404512564733582	-0.0959878391970825	-0.209262972436828	0.404405410375671	0.749444622533875	0.735240798681336	0.290832151220398	0.226822054601746	0.449689202489929	0.389135223608093	0.482968765783386	0.856440232519226	0.999041050329285	0.389437455053406	0.421589619543152	0.366665838659363	0.830210290258484	0.376586603735046	0.380121619421082	0.329758861669617	0.670664517309265	0.368571064916687	0.480450250341492	0.493069108923035	0.287469225866394	0.825534106908875	0.428494905492859	1.05749934628876	-0.125549055261536	0.281942187963562	0.420244551977234	0.451093294897156	0.547656052099304	0.466281276708679	-0.0852652461184691	0.42167812851532	0.28358708164032	0.55977262851532	0.42167812851532	0.368335522628601	0.251944673101257	0.506118132218445	0.479338477468445
cg18109320-5-87985809	0.448989133886414	0.451490638647156	0.898570472875671	0.445594814672546	0.486935057043152	0.398667222631531	0.404944400793152	0.283705336095886	-0.312906829248352	0.448253424291687	0.828570271093445	0.549181696752625	0.383464719579773	0.445129964086609	0.703247340307312	0.182854434850769	0.0260859643307496	0.452154625768738	0.385173009924011	0.709788865881043	0.376315416112976	0.417483833227234	0.434407997167664	1.08298476834686	1.17879145633514	-0.121352454126282	0.369341441808777	0.794670417211609	-0.35064801210968	0.382742784582214	0.366193952245789	0.409441837621765	0.406412043676453	0.830976936742859	0.417018018713074	0.167550929052429	1.21926522116669	0.40242607962616	0.593791675695496	0.40921254245575	0.13170192526825	-0.0916848625735474	0.762677313573914	0.696272666112976	0.805723569494324	1.18782471738251	-0.408912261499329	0.484093280675964	0.848669747411804	1.18216356522186	1.18319296994598	0.37601813443573	0.139310353551941	1.08318180515106	0.353324118627625	0.39088213431366	0.462105376562195	0.400756032201843	0.401378579809265	0.48509176523407	1.23451562381561	0.378024740758972	0.377656621801453	0.024414420385437	0.305123861181336	-0.0469305403689575	0.70007270285614	0.424082066869812	1.05066380978973	1.18981756699188	0.530990791601257	0.0419432687741088	0.42167812851532	0.31670608164032	0.52665362851532	0.42167812851532	0.302804655636414	0.51885580610907	0.528286265226257	0.327148090476257
cg18161327-13-100627703	0.451644693212585	0.390145197973328	0.453613032201843	0.451684373998718	-0.407063383630676	0.335336781957703	0.369059960119324	0.189244895422058	0.43266073007782	0.173423983617859	1.00465083041962	0.433547256078796	0.305552278905945	0.426408523412781	1.03962589963348	0.124127994176941	0.000627523656921425	0.44993618509491	0.312998569250183	0.339093425207214	0.403449975439148	0.384804392553406	0.429607556493835	0.582823327673035	1.19333501566132	0.53130010519989	1.17289000113495	0.612016976537781	-0.178322452783508	0.341655343908386	0.46166351157196	0.318780396947937	0.400516603002625	1.18096049606903	0.437047578039246	0.141953488378601	1.23142878049286	0.380314638952331	0.628227235021667	-0.268458898218079	0.424934484594421	0.347674696752625	0.807433872900086	0.586337225439148	-0.0828118711795045	0.309694276708679	0.422608297826843	0.448595840002136	0.911046306737976	1.11158912454803	0.624751529272156	0.333771693761902	0.354254912878113	0.819446364477234	1.0732466779538	0.399359693639832	-0.464932064111633	0.683993591528015	0.391486139135437	0.508970324560242	0.769985183141785	0.564817300085144	0.505225181127624	-0.0420910202883911	0.624263420507507	0.00103601895721439	0.414090262182312	0.412382626195984	0.344537369115906	0.420385126318054	0.300622350927429	0.229773828100281	0.42167812851532	0.30716308164032	0.53619662851532	0.42167812851532	0.374770651995789	0.475998802468445	-0.122484738414368	0.578753927835633
cg18235734-1-91301731	0.433528479833679	0.419609984594421	0.0912438188229371	0.461729160619812	-0.326963597009582	0.421760568578796	0.366817746740418	0.769574682043152	0.361733516698914	0.454612770238953	0.846626617040711	0.36693304269989	0.510442065527039	0.396365310033875	0.284004686254578	0.397641780798035	0.339159310278015	-0.340107028283996	0.911755355871277	0.402390211828308	0.470544762060242	0.4750971791745	0.378333343114929	0.364479114294128	0.39233380228241	0.640032891820984	0.388819787756042	0.756556763158875	-0.167512666162415	0.82102913052948	0.453831298193054	0.409280183569031	0.503776389623718	0.918145282690125	0.393908364660339	0.804458274999695	0.396607567113953	0.416077425573425	0.777592021642761	0.517797888403015	0.477210271215515	-0.0521615166262818	0.799335659521179	0.635282012060242	0.0636419154415894	0.486316063329773	0.465159084447937	-0.25191337337677	0.38229409335907	0.407412911169128	0.48535431589325	0.454082480382996	0.360932699499207	0.535578151098328	0.40079646457489	0.426171480260925	0.47908972250946	0.653012378149109	0.421227925756531	0.564257111181335	0.408208969762878	0.404134086706238	1.06506296774872	0.549826766332703	1.0091692071286	0.541592805578308	0.411207048803406	0.411855412817078	0.407820155737	0.408178912939148	0.0819491375485229	0.908875614721375	0.42167812851532	0.26950508164032	0.57385462851532	0.42167812851532	0.190362478042664	0.38886262851532	0.457170087632507	0.494465916882507
cg18267049-10-101875028	0.496401717138367	0.413313221899109	0.0819170561276245	0.4794133979245	-0.340477359704895	0.435287805883484	0.463576984045105	0.368146919347839	0.458831754003601	0.46065500754364	0.996916854345398	0.176320280004578	0.539640302831726	0.420434547338562	0.254686923559265	0.129991018102722	0.207107547582703	-0.225755790979309	0.398179593175964	0.440539449132996	0.506293999364929	0.415619416479187	0.445944580419617	0.414792351598816	0.422479039587097	0.639951129125671	0.39970502506073	0.202189000463562	-0.0117174288577271	0.394273367834167	-0.285961464502258	1.12933742087372	0.464907626928406	1.17412351999481	0.462927601965027	0.204845512304382	0.39988380441864	0.457617662878113	0.417654258947449	0.498765125707703	0.459304508520203	0.753353720678406	0.837600896825867	-0.0445067506350708	0.266331152746277	0.37823330063446	0.510605321752625	0.495043863927917	0.0736133306637574	0.406450148473816	0.650004553197937	0.383453717687683	0.237643936803894	0.669503388403015	0.403477701879578	0.401909717565613	0.0551729598141479	0.432718615453796	0.482192163061218	-0.259794651513977	0.652924207067566	1.13757232401093	1.14530020505341	0.38562300363739	0.503302444433289	0.336883042882996	0.390910286108093	0.440749650121765	0.460301393041687	0.393409150243835	0.50932837485321	0.627587852026062	0.42167812851532	-0.0189829183596801	0.86234262851532	0.42167812851532	0.326216651995789	0.524552802468445	0.676831261585632	-0.137557727164368
cg18276016-1-156076340	0.410384372900085	0.398315877660828	0.896401711889343	0.421972053686218	0.533136296056824	1.0490144616452	0.400369639806824	0.175885575109558	0.34223640976532	0.413849663305359	0.262534510107117	0.437206935766296	0.379868958593445	0.396257203100281	0.793200579320984	0.390062673864441	0.642351203344421	0.39307986478241	0.368747248937683	0.387191104894714	0.415237655126648	0.389068072240906	0.375371236181335	0.952349007360535	0.382363695348816	0.36253878488739	1.14152768082245	0.705215656225281	0.403918226903992	1.19917902359589	0.42067519125946	0.407136076635437	0.443492282690125	0.404102175756531	0.403510257726746	0.687768168066101	0.813687460180359	0.407446318639831	0.784767914709168	0.420652781469421	0.478303164281921	0.767345376440124	0.298653552587586	0.523583905126648	0.793435808507996	1.16609895639618	0.438803977514343	0.388263519689636	0.907268986425476	0.867507804235535	0.379461208959656	0.914259373449402	0.876267592565613	0.280282044164734	0.391510357641296	0.384088373327331	0.481274615575867	0.649612271215515	0.411331818822937	0.527108004247742	0.984647862829285	1.04373797977264	0.248657860815125	0.521456659399109	0.822349100195007	0.741267698644714	0.919487941869812	0.416513305883484	0.382969048803406	0.410922806005554	0.469794030614929	0.183931507787781	0.42167812851532	0.60130858164032	0.24205112851532	0.42167812851532	0.933679780675476	0.336507931148132	0.41330439026532	0.42963287151532
cg18331855-17-1131781	0.467155728002625	0.363122232763367	0.905214066991882	0.475310408788757	0.538861651159363	0.370827816747742	0.419472994909363	0.473959930212097	0.402833764867859	0.407628018407898	0.245856865209656	0.383913290868836	0.327775313695984	0.42143555820282	0.393729934423523	0.45269902896698	0.47076355844696	0.465169219884949	0.349758604040222	0.538225459997253	0.439067010229187	0.358741427343445	0.440720591283875	0.627695362463074	0.342878050451355	0.440768139989929	0.345064035924988	0.26326001132782	0.466011582006531	0.348866378698425	0.379547546362	0.458965431737976	0.0505286377926636	0.35532853085907	0.428981612829285	0.18086152316864	0.339022815282898	0.429759673742371	0.0842472698117066	0.59810913657196	0.45832151938446	0.772374731542664	0.461598907690125	0.659261260229187	0.853429163610535	0.324873311498718	0.450352332616882	0.477056874792175	0.266897341528015	0.365965159338074	0.360249564062195	0.321054728551941	0.171344947668152	0.427644399267273	0.340434712743835	0.362136728429871	0.473514970678406	0.622321626318054	0.423342173925476	0.0212763593502808	0.364269217931824	0.925258334875183	0.720179215917664	0.018829014501648	0.730838455297546	0.132407053747254	0.344571296972351	0.430553660986023	1.04668140390594	0.377257161108093	0.467243385717468	0.35793486289032	0.42167812851532	0.61165008164032	0.23170962851532	0.42167812851532	0.342277151995789	0.508492302468445	0.307507761585632	0.546377797835632
cg18351329-2-176970508	0.405521600195007	0.37249010495575	0.576177939184265	0.41119828098114	0.517125523351746	0.374109688940125	0.414779867101746	0.74209980240448	0.376526637060242	0.441985890600281	0.482196737402039	0.437570163061218	0.669708185888367	0.400276430395203	0.988628806615906	0.361672901159363	0.0717764306393433	0.432828092077332	0.643072476232605	0.433731332189636	0.39287188242157	0.534756299535828	-0.0875755365237426	0.930254234655457	0.376935922643738	0.605725012182312	0.665303908117371	0.579941883520203	-0.282858545801086	0.814760250890808	0.151395418554382	0.368878303930359	0.409428509985046	0.381953403051453	0.426536485021667	0.173700395361023	0.368140687475281	0.365242545934753	0.227354142004089	0.535392008764343	0.373472391576843	0.719546603735047	0.290017779882507	0.59038813242157	0.790448035802917	1.1521061836911	0.392143204809265	0.370207746984558	0.872339213720398	0.693059031530457	0.363754436254578	0.392536600744324	0.456395819860535	1.08005527145966	0.364416584936218	0.664024600622253	-0.408539157129211	0.449697498510437	0.334567046117859	0.433526231542664	1.21209709012421	0.363126207067566	0.637788088110046	0.449577886694031	0.283560327489929	0.215546925939636	0.800544169164734	0.343714533178406	0.407099276098328	0.370514033300476	0.435691257909851	0.458710735082703	0.42167812851532	0.26837758164032	0.57498212851532	0.42167812851532	0.399290701628601	0.713301852101257	0.0136133112184448	0.448383298468445
cg18430555-5-170740937	0.471880131567078	0.38917163632782	0.942258470556336	0.29136781235321	0.510166054723816	0.374655220312195	0.352552398473816	0.0792583337765503	0.176334168432312	0.403715421972351	0.847530268774109	0.511352694433289	0.398187717260437	0.439879961767273	0.388160337987976	0.250276432531433	0.105236962011414	0.212217623449402	0.338047007604675	0.467185863561707	0.27688241379364	0.391640830907898	0.366945994848328	0.932832766027527	0.348258454015808	0.728637543554382	1.18359243948944	0.649695414892273	0.487854985570984	0.361422782262878	0.0997929499264528	1.08519283530243	0.279724041357117	0.355779934423523	0.418620016393738	0.218531926733093	0.355579218847351	0.402660077306824	-0.0365743266238404	0.602107540136414	0.444883922948914	0.797281135107117	0.798838311254578	0.0301526637936402	0.827383567174988	0.890262715063171	0.424011736181335	0.422669278356628	0.922781745092468	0.685318562902527	0.600596967626648	0.328489132116394	0.182018351232605	0.794523802831726	0.385872116308289	0.731843131994324	0.455973374242859	0.538310029882507	0.424797577489929	-0.294301237085266	1.19251062149628	0.410103738439636	0.688408619482117	0.539386418066101	1.040876858862	0.402119457311707	0.743276700536804	0.265533064550476	0.738750807470398	1.12540756467255	0.285322789281921	-0.028684733545227	0.42167812851532	0.53043658164032	0.31292312851532	0.42167812851532	0.283717478042664	0.46979662851532	0.376236087632507	0.611689626882507
cg18549292-17-79371014	0.432654048681336	0.411945553442078	0.857343387670593	-0.333236270532532	0.544229971838074	0.414017137426453	0.399904315588074	0.287510250890808	0.37890908554657	0.427516339086609	0.277815185888367	0.387113611547546	0.400916634374695	0.379838878881531	0.832504255102234	0.410478349645691	0.0487918791256715	0.37920754056366	0.830624924718933	0.402627780675964	0.467462330907898	0.416107748022156	0.408679911962586	0.819243683141785	1.12928637113007	0.62279946066864	0.919230356603699	0.662645332006531	0.467783902685242	0.392086699377136	0.154724867040711	0.412411752416687	0.479753958471375	0.430262851537781	0.158420933507996	1.02501484384735	1.28953113596161	0.441502994421082	0.526965590490418	0.570665457250671	-0.415774159936829	-0.0449779477786254	0.763694228368835	0.641392580907898	0.00503648428924564	0.360384632177429	0.451458653295593	0.369309195470886	0.949909662206726	0.410531480016785	1.17123588474091	0.821371049230652	0.251459268346863	0.797470719945984	0.407260033422546	0.400137049108582	-0.301022708642883	0.201947946996765	0.110963494604187	0.354672680028992	1.23951453861053	1.06414165555389	0.704754536596375	0.490232335180359	0.622573775976257	0.0774223744259645	0.937647617651062	0.392039981664734	0.399108724584656	1.1435604817868	0.482746706396179	0.929722183569031	0.42167812851532	0.60050008164032	0.24285962851532	0.42167812851532	1.00085447804266	0.40287562851532	0.443157087632507	0.391556717882507
cg18623980-2-45240563	0.449004957250671	0.452798462011414	0.0595262962399293	0.427563638036804	-0.12947711959259	0.381760045995789	0.40310122415741	0.796169159460144	0.373352994115906	0.440871247655945	0.735878094457703	0.444655520116882	0.363343542944031	0.456814787450867	0.60620216367157	0.431100258215027	0.0821017876950074	0.377098449132996	0.618286833288269	0.3742406892453	0.500622239477234	0.371535656591492	0.444254820531921	0.336014591711121	0.366808279699402	0.677956369237976	0.694308265173035	0.243465240575867	-0.289552188745422	0.870406607946472	0.492011775610046	0.377494660986023	0.48736786704071	0.372994760107117	0.427059842077332	0.604699752416687	0.412959044530945	0.444423902990417	0.202554499059753	0.236443365820007	0.512317748632507	-0.0749370392092896	0.324609136938171	0.428375489477234	0.687702392858582	0.340879540746765	0.432151561864929	0.475061104040222	0.232748570776062	0.379412388586121	0.370471793310242	0.352832957799988	0.931486176916199	0.42163962851532	0.382617941991882	0.370801957677917	0.446877199926453	0.599389855566101	0.446620403173523	-0.226454411401672	0.422750447179871	0.36977856412323	1.09233344516571	0.517728243749695	0.278993684545593	0.5754532829953	0.369559526220398	0.38978689023407	0.374878633153992	0.37679239035614	0.465156614965515	0.551899092138367	0.42167812851532	0.49244058164032	0.35091912851532	0.42167812851532	0.175604478042664	0.39619362851532	0.449839087632507	0.535243394882507
cg18794404-10-22542024	0.416584609228211	0.345882113988953	0.0167599482174685	0.367415290014343	0.467233532384949	0.347457697973328	0.399450876134949	0.669018811437683	0.408677646093445	0.416879899633484	0.558000746435242	0.512191172094421	0.67237419492157	0.393712439428406	0.579262815649109	0.361221910192566	0.510697439672546	0.385388101110535	0.319022485265808	0.329252341222839	0.449514891454773	0.344759308569031	0.37824147250946	0.89484624368866	0.326513931676941	0.632302021215515	0.327998917150574	0.647383892553406	0.373954463232117	0.330918259924011	0.400908427587586	1.15394231296356	0.46149451901825	0.541933412084656	0.401304494054871	0.927274404394226	1.27175469650848	0.130272554967957	-0.0549338489627075	0.424851017797546	0.466381400610046	0.20035661276825	0.24257878891571	0.583340141454773	0.817672044836121	1.1619101927243	0.406222213842468	0.396845756017761	0.855300222753601	0.34960404056366	1.10488044528778	0.311600609777527	0.944427828893738	0.210530280492859	0.330501593969421	0.332420609655457	0.486160851903992	0.68231750754364	0.441107055151062	0.551517240575867	1.22348909915741	0.539523216100769	0.653387097143249	0.408223895727234	0.701421336523132	-0.0598860650271607	1.02315617819794	0.437815542211609	0.334145285131531	1.05582604233368	-0.114301733056946	0.901208744115906	0.42167812851532	0.0817930816403199	0.76156662851532	0.42167812851532	0.936393985175476	0.254128135648132	0.41351959476532	0.42941766701532
cg18943693-1-155043561	-0.319479021753235	0.445396483007507	0.898895317236023	-0.327041340967102	0.558402901403503	0.439282066991882	0.385624245153503	0.274576180456238	0.363332015111999	0.404128268652039	0.307878115453796	0.449964541112976	0.421674563940125	0.35515980844696	0.286280184667664	0.400709279211121	0.680151808691101	0.285058470129089	0.416090854284363	0.424773710241394	0.525694260473328	0.428509677587585	0.374730841528015	0.383916612707214	0.423318300695496	-0.11438860976593	0.421144286169128	0.72310826157196	0.386511832250671	0.852482628942566	0.42731679660614	1.24937168198212	0.547011888036804	0.42979578110321	0.412905863073425	0.251837773412781	0.425088065527039	0.443799923986511	0.0422555200558472	0.557166386816101	0.551256769628601	0.169428981786804	0.342310157934265	0.666399510473328	0.0383204138546753	0.400957561742859	0.370483582861023	0.389648125036316	0.980712591772156	0.434423409582214	0.427552814306335	0.400447978796082	0.202094197912293	0.311212649511414	0.427109962987976	0.427395978674011	0.483233220922546	-0.0935831234378052	0.466907424169617	-0.222455390405579	0.433388468175964	0.429116585119324	0.295294466161804	0.525505264745789	0.323585705541687	0.758387303991394	0.419219547216492	0.399930911230164	0.425695654150085	0.425315411352234	0.483625635961609	0.91366811313446	0.42167812851532	0.56830958164032	0.27505012851532	0.42167812851532	0.551877520175476	0.336150670648132	0.41357612976532	0.42936113201532
cg19047660-17-46619923	-0.3591983520755	0.444262152685242	0.896320986913758	0.453596328710632	0.510786571081238	0.608891736669617	0.419522914831238	0.0976368501339722	-0.365019315210266	0.055798938329773	1.04528478513153	-0.195565789209289	0.415801233617859	0.426317478124695	0.279784854345398	0.449478948888855	0.562200478368836	0.361465139806824	0.423366523962097	1.16519037991913	0.296386930151062	0.82109434726532	0.435704511205749	0.867198282384949	1.17204197037323	0.667497059911804	1.21220595584686	0.653373931249695	-0.290264498071594	0.4040812986203	0.0947214662838746	1.24389435165985	-0.428107442285461	0.864531450780945	-0.36644746724884	1.02282244309052	0.409380735204773	0.432546593664246	0.489757189733582	0.582649056493835	0.435284439306335	-0.0412573485354614	0.414057827612	0.691274180151062	0.00868708353240971	0.383323231420593	-0.423783747461243	-0.27748420528595	0.0876662614498902	0.910933079259949	0.41479548398407	0.403557648473816	0.237836867590027	1.10821931918915	0.42519863266571	0.442858648351746	-0.263281109399719	-0.141037453760071	-0.0536169061526489	0.450261279272156	1.2274281378537	0.413218254797058	0.306029135839539	-0.047622065576477	0.340385375219421	0.00556097366912855	0.983181216894226	-0.364285419092102	0.43284932382782	1.16033208102997	-0.265790694360657	0.876543782812195	0.42167812851532	0.0611410816403199	0.78221862851532	0.42167812851532	0.838020422636414	0.50656457310907	0.274125032226257	0.339439323476257
cg19092317-5-72739768	0.552805100805359	0.455646605566101	0.0972494397946168	0.561338781591492	0.196806023962097	0.451980189550476	0.514043367712097	0.639172303014832	0.529234137670593	0.468101391210632	0.93585223801239	-0.12937533632843	0.404652686498718	0.437915931005554	0.285031307226257	0.0645944017697144	0.0802199312496949	0.581864592687683	0.394701976842957	0.413757832799988	0.492031383031921	0.427047800146179	0.518682964086609	0.384698735265808	0.424664423254089	0.0654805127926636	0.582060408727722	0.158457384130554	-0.117945045190735	0.42433175150116	0.529585919164734	0.42080780454071	0.369416010595398	0.407973903661804	0.442563985632019	0.248349895971375	0.726378188085632	0.527105046545105	0.0853436426144409	-0.203192490625305	0.528488892187195	0.042879104345398	0.365617280492859	0.0208096330319214	0.0329605364132691	0.532589684301453	0.481728705419617	0.53213824759491	0.63086771433075	0.427629532140808	0.411859936864929	0.407673101354675	0.181862320470886	0.297810772070007	0.64533508554657	0.432005101232605	-0.0929516565188598	0.761050999120789	0.50200054672821	0.539798732153015	0.420719590734558	0.533342707677917	0.843521588720398	0.344995387304382	0.337960828100281	-0.0065355734500121	0.433824669775085	0.528991033788757	0.419025776708679	0.401740533910828	-0.179589241479797	0.0568782356930542	0.42167812851532	0.22803658164032	0.61532312851532	0.42167812851532	0.198797478042664	0.42115862851532	0.424874087632507	0.611883263882507
cg19229182-10-102998738	0.457667068822937	0.400940573583679	0.153639407812195	0.44449074960907	0.0714369919796753	0.400005157568054	0.404416335729675	0.52513827103241	0.363353105688171	0.41056535922821	0.741081206029968	0.495732631689148	0.727825654516296	0.355092899023132	0.999451275243835	0.406080369787292	0.410671899267273	0.427434560705261	0.389460944860535	0.422398800817566	0.4772643510495	0.409363768163757	0.405226932104187	0.403787703283386	0.374897391271667	0.642634480810242	1.0139523767453	0.115594352148132	0.485517922826843	0.707000719518738	0.166863887182312	0.397448772558289	0.484420978612976	0.411309871679382	0.437579953649597	0.389269863988953	0.386198156103211	0.437704014562683	0.126328610632019	0.188979477392273	0.491289860204773	0.714173072362976	0.586386248510437	0.597023601049499	0.797363504430847	0.361347652319031	0.413020673437195	0.425589215612488	0.533514682348328	0.517825500158386	0.383917904882507	0.380029069372253	0.573936288488464	0.262510740087585	0.408157053564148	0.671849069250183	0.287360311498718	0.694003967138367	0.421006514745788	0.498809700170593	0.392681558752136	0.422535675695496	0.387495556737976	0.42282735532196	0.436530796117859	0.618523394567566	0.368161637792664	0.439857001806335	0.400327744726257	1.13980350192841	0.516352726537781	0.0193682037106322	0.42167812851532	0.55505108164032	0.28830862851532	0.42167812851532	0.298762423175476	0.524369573648132	0.48195003276532	0.36098722901532
cg19402991-2-164204915	-0.374371703027649	0.359746801733093	0.189363635961609	0.463754977758484	-0.398550779870911	1.12643538571747	0.411052563879089	0.324644499181824	-0.410152666162415	-0.393924412622376	0.446087434179382	-0.203227140161438	0.516470882665711	0.421972127172546	0.82931050339325	0.135374597936707	0.247264127416687	0.442529788854675	0.583719173009949	0.45537302896698	0.399648579198914	0.819413996313171	0.421654160253601	0.4096839314328	0.468112619421082	0.112819708959656	0.380914604894714	0.517445580297546	0.407439150976257	0.363014947668152	0.424213115331726	0.443954000707703	0.39874820676239	0.496483099828796	0.426121181799011	0.207616092138367	0.327128384252625	0.407187242712097	0.817012838781433	0.551828705541687	0.442018088354187	-0.14020369948761	0.850436476659851	0.640908829198914	0.811511732580261	0.321032880468445	0.362212901586609	0.430026443761902	-0.00276708950225818	0.4717567283078	0.351474133031921	0.636542297521668	0.105486516637878	0.226565968237	0.418582281713562	0.542383297399597	0.423574539648132	0.637247195287781	0.362475742895203	0.509673928320007	1.23199778690155	1.04881390384491	1.06552178488739	0.563165583471375	0.393197024267273	-0.0550673772830199	0.881273865942078	0.383217229955749	1.02636497287567	0.42142373007782	0.191135954687195	0.0378414318600464	0.42167812851532	0.21088108164032	0.63247862851532	0.42167812851532	0.787268978042664	0.55668412851532	0.289348587632507	0.222914054882507
cg19738283-2-176976802	0.470255120092468	0.42241862485321	0.132584459081726	0.512687800878601	-0.302852956750793	0.444768208837585	0.459918386999207	0.585090322301941	0.392694156957703	0.299710410497742	0.285736257299499	0.378754682958679	1.12780570578583	0.408907950292664	0.266750326513367	0.476677421056824	0.594720950536804	0.300651611974793	0.400564996130066	0.446471852087097	0.517760402319031	0.610888819433289	0.425410983373718	0.422946754552917	0.404443442541199	0.720389532079773	0.405889428014832	0.133993403417664	0.0222549740963746	1.10050277078827	0.508841938451843	0.41005682382782	0.395703029882507	0.666470922948914	0.412390004919128	0.210042915258484	0.399330207372742	0.503477065832214	0.0828736619015504	-0.209314471338196	0.535635911474304	-0.0327918763674927	0.730313299779968	0.574407652319031	0.365122555700378	0.392130703588562	0.525138724706726	0.359586266882019	1.01426473361786	0.779345551427918	0.757898956152039	0.449508120641785	0.159268339757996	0.833806791357117	0.398570104833679	0.406717120519714	-0.337872637231751	0.701318018407898	0.0219675660153199	0.581602751440125	1.20576761002167	0.407904726965027	1.11616660800751	0.268376406591492	0.90270284738739	-0.00116955416290276	0.599921689062195	0.419706053075867	0.938901795995788	1.17442555319794	-0.220108222192688	0.0534372549801636	0.42167812851532	0.20464108164032	0.63871862851532	0.42167812851532	0.627979382136414	0.34234053260907	0.0183619917262574	0.503663363976257
cg19807257-1-46951354	0.529362545873718	0.41803505063446	0.0793698848629762	0.508621226659851	-0.332494530969543	0.408862634618835	0.481748812780457	0.610294748083191	0.470249582738953	0.511012836278992	1.06566168308075	0.501527108739929	0.390563131567078	0.433013376073914	0.261758752294617	0.468220846838074	0.412416376318054	0.324855037756042	0.384027421911316	0.398297277868347	0.497822828100281	0.398898245214539	0.482659409154968	0.356245180334167	1.19000686832245	0.699035957861023	1.18987285379608	0.670046829198914	-0.134345600122375	0.401246196569519	0.493606364233093	1.31149224960907	0.508907455663757	0.426083348730164	0.479014430700378	0.329164341039734	0.397587633153992	0.487262491613464	0.1948150876828	0.479348954443054	0.498137337255554	0.814020549413757	0.661855725561218	-0.0377279218997192	0.000880981481628462	0.988367129369812	0.511141150487976	0.456847692663269	0.077437159399109	0.415421977209168	0.391681381933289	0.375840546423035	0.959735765539246	0.263503217138367	0.403221530614929	0.394878546300964	-0.3177952114505	0.739675444189148	0.49176299179657	0.622694177221375	0.405815035802917	0.396399152746277	0.551733033788757	0.274356832372742	0.32209827316864	0.0684188716183472	0.391382114843445	0.493297478857117	0.399232221777039	0.399241978979187	0.346927203588562	0.463395680761414	0.42167812851532	0.61191708164032	0.23144262851532	0.42167812851532	0.225508978042664	0.39449612851532	0.451536587632507	0.551247318882507
cg19859290-11-20618399	0.439580540502624	0.595071045263367	0.873711879491882	-0.0853917787112426	-0.404040536340637	0.377952629247742	0.427666807409363	0.423206742712097	0.246284577367859	-0.0215431690921021	0.988295677709656	0.123587103368835	0.314197126195984	0.42276137070282	1.01067574692352	0.41903984146698	0.0529003709469604	-0.403804967615051	0.307488416540222	0.319247272497253	0.428954822729187	0.625833239843445	0.435091403783874	0.394273174963074	0.719438862951355	0.640357952489929	0.317290848424988	0.46353382382782	0.454483394506531	0.540215191198425	0.431957358861999	1.18153224423798	0.381214450292664	0.56432634335907	0.439577425329285	0.47700233566864	0.316620627782898	0.438019486242371	0.0267840823117065	0.12769094907196	0.43026733188446	0.534747544042664	0.290357720190125	0.664848072729187	-0.0790640238894652	1.20704712399872	0.436578145116882	0.147603687292175	0.803167154028015	0.886621971838074	0.520281376562195	0.300385541051941	0.325776760168152	0.185656211767273	0.321216525243835	0.321931540929871	0.208518783178406	0.652700438818054	0.433113986425476	-0.389679828149719	0.562305030431824	0.747627147375183	1.05902802841766	0.297032827001648	0.408423267797546	0.00484986624725336	0.315892109472351	0.387671473486023	0.349286216405945	1.18806197360809	-0.373499801782532	0.24126667539032	0.42167812851532	0.10940158164032	0.73395812851532	0.42167812851532	1.04931497804266	0.36753012851532	0.478502587632507	-0.296572635117493
cg19871940-14-57264287	0.421481809423523	1.18260231418426	0.116495148412781	0.467714490209656	0.162819732580261	0.45065189816864	0.391454076330261	0.459399011632996	0.368316846288757	0.477629099828796	0.796736946630554	0.266602372289734	0.515312395116882	0.371600639623718	0.279681015844421	0.183951110387879	0.072883639867859	0.465204301305847	0.413185685461121	0.421744541418152	0.520581091650085	0.424784508764343	0.421245672704773	0.377869443883972	0.423374131872253	0.640334221410828	0.428875117345886	0.152723092748718	0.410554663427429	0.427009460119324	0.474243627782898	0.429913513158875	0.198799719213562	0.419611612279968	0.436839694250183	0.226810604589539	0.419931896703796	0.469247755163269	0.026881351232605	0.569128217992859	0.510857600805359	0.802493812963562	0.340812989111023	0.620073341650085	0.0337332450314332	1.19355639291962	0.448263414037781	0.148913956213074	0.950777422948914	0.504353240758972	0.448369645483093	0.399212809972839	0.17705802908905	0.283122480688171	0.419832794164734	0.423485809850769	-0.292547947900696	0.437305707738953	0.418638255346375	0.482443440771179	0.424801299352722	0.419116416296082	0.291995297338562	0.324499095922546	0.460751536718445	0.399717135168152	0.41422037839325	0.121026742406921	0.435345485326843	0.443348242528992	0.240242467138367	0.0662369443112183	0.42167812851532	0.38025058164032	0.46310912851532	0.42167812851532	0.518479605034851	0.723608755507507	0.329223214624695	0.105772435874695
cg19893751-2-45029285	0.457336455785828	0.41974696054657	0.877904794775086	0.165174136571961	0.471732378942566	0.394505544530945	0.427108722692566	0.6013816579953	0.396361492651062	0.467754746191101	0.590709592992859	0.469553018652039	0.425523041479187	0.416544285986023	0.277433662206726	0.456710756750183	0.0527422862301636	0.444696947668152	0.420140331823425	0.417769187780457	0.48952973801239	0.448544155126648	0.438414319067078	0.433638090246277	0.377411778234558	0.516344867773132	0.457403763708191	0.168515739111023	0.378974309789734	0.500430106481628	0.383821274145203	0.412669159521179	0.487390365575867	0.371451258642273	0.436341340612488	0.797124250951843	1.2906065430661	0.460872401525574	0.0337769975949097	-0.0698791356448366	0.469055247167664	-0.0208425406741333	0.378049635473328	-0.0820050119876098	0.0588418913937378	1.05735403928192	0.447844060400086	0.341439602575378	0.296798069311218	0.448074887121277	0.498769291845398	0.423446456335144	0.197491675451355	0.293573127050476	0.404644440527039	0.449054456213074	-0.386213301538391	0.715553354101257	0.439928901708679	-0.331233912866516	0.407485945715027	0.377686062658386	0.264695943700867	0.0148857422848511	1.03733918308075	0.126415781530457	0.467819024755554	0.416106388769226	0.388359131689148	0.872978888891296	0.305700113500671	0.425360590673523	0.42167812851532	0.15206908164032	0.69129062851532	0.42167812851532	0.605506624636414	0.40215677510907	0.382485234226257	0.443847121476257
cg19928955-13-34184932	-0.508341386621399	0.580950118139343	0.787378952367859	-0.479036705835266	0.254605536535339	0.911262702123718	-0.466923119714661	0.668422815588074	-0.141934349756165	-0.491059096216126	0.876979750585632	0.434342176244812	0.97275319907196	-0.404612556421204	0.244788819799499	0.298536914342957	0.571308443822937	-0.454987894739075	0.424679489416199	0.83211134537323	-0.251034104394837	1.04784131271942	-0.505023523340149	0.87878324783905	1.05144693582733	-0.282813974634094	0.811163921300964	0.424962896703796	0.354967467382507	1.0976272640744	0.308891431737976	1.09472931711395	-0.62495047683136	1.01366841623505	-0.472310501794739	0.892566408544617	0.214750700658874	-0.598484440881653	0.693463155187683	-0.380857978052063	-0.589971595239563	-0.25697238308136	0.356360793066101	0.539143145605164	0.352790048986511	0.241556196874695	-0.621135782007141	0.403664760168152	-0.0856817730960083	0.33733904471405	0.420328449438171	0.516392613927917	0.830535833044128	0.929772284643249	0.908220598119812	1.04780561380585	0.322272856054382	0.493519511694031	-0.632550940698548	-0.544422755273743	1.1041881033078	1.02435922025116	0.94471510129364	0.502612899877624	0.695795340673523	-0.10863506087677	1.03268318234833	-0.560576453638001	0.938102289281921	1.07983004648407	0.373533271093445	0.746213748266296	0.42167812851532	0.0333440816403198	0.81001562851532	0.42167812851532	0.252682105034851	1.25663825550751	0.595020714624695	-0.0384943771253051
cg19997502-2-208492057	0.46280708933075	0.409023594091492	0.0494714283200073	0.489610770116882	0.528175012487488	0.525649178075867	0.478507356237488	0.298680291540222	0.453923126195984	0.0156603797360229	1.04566222653778	0.415865652196961	0.947558675024109	0.454943919530945	0.382539295751648	0.472217390295105	0.689776919775085	0.473580581213074	0.358619965368347	0.357845821325378	0.436469371557312	0.38193578867157	0.463606952612	0.842680723791199	0.41842541177948	0.510595501318054	0.369771397253113	0.196681372655945	0.0136609433346558	0.37072474002655	0.489772907690125	0.372461793066101	0.452755999120789	0.371075892187195	0.42489597415741	0.239882884496765	1.12090817661102	0.446515035070496	0.786063631139832	0.565082497900085	0.230534880712585	-0.107451907129211	0.86318026901825	0.658149621557312	0.68051252493866	0.347102672826843	0.443061693945007	0.5094252361203	0.69625670285614	0.378043520666199	0.43750092539032	0.334902089880066	0.999355308996277	0.384378760595398	0.36315307407196	0.373419089757996	0.474993332006531	0.256201987646179	0.436907535253601	0.543232720678406	0.359988579259949	0.355554696203308	0.383739577245789	0.566602375829773	0.279311816625671	0.0177544150753784	0.355992658300476	0.449684022314148	0.36202876523407	0.368321522436218	0.173251747045593	0.0539002242184449	0.42167812851532	0.38111258164032	0.46224712851532	0.42167812851532	0.0471578916754761	0.450062042148132	0.43422150126532	0.40871576051532
cg20100910-10-102475429	0.475355435033875	0.456976939794617	0.156290774023132	0.386366115820007	0.545426358190613	0.414582523778992	0.415005701940613	0.100316637243347	0.395516471899109	0.392229725439148	0.359484572240906	0.451927997900086	0.536017020727234	0.36693826523407	0.483664641454773	0.37297173599823	0.288652265478211	0.410289926916199	0.386818311071472	0.400266167028504	0.502095717260437	0.406565134374695	0.430279298315125	0.373844069494324	0.401856757482605	0.666449847021179	0.403771742956238	0.12810871835907	0.459964289037781	0.760229085729675	0.43164225339325	0.416809138769226	0.505554344823914	0.40809223789032	0.427031319860535	0.21806323019989	0.408194522314148	0.451881380773621	0.425966976842957	0.56199284360321	0.51592922641571	0.153328438573914	0.436305614721375	0.592151967260437	0.864485870641785	0.379701018529968	0.440013039648132	0.433177581823425	0.783671048559265	0.855166866369324	0.405682271093445	0.403036435583191	0.262673654699402	0.584816106298523	0.402821419775086	0.403829435461121	0.434180677709656	0.328308333349304	0.424332880956726	0.600936066381531	0.681758924963074	0.415392041906433	0.829779922948914	0.459792721532898	0.741640162328796	0.339616760778504	0.651147004003601	0.435057368017273	0.418941110937195	0.904111868139343	0.410691092748718	0.0678685699215699	0.42167812851532	0.54465258164032	0.29870712851532	0.42167812851532	0.221070978042664	0.41484612851532	0.431186587632507	0.521816681882507
cg20156240-7-25891970	0.442599363988953	0.432328868749695	0.96358770297821	0.559831044775085	-0.281524712854309	0.42329745273407	0.526865630895691	0.955465566198425	0.535703400854187	0.543159654394226	0.294911501195984	-0.108905073144836	0.390724949682312	0.549361194189148	0.933273570409851	0.271192664953308	0.0699071944332886	0.556308855871277	0.38656324002655	0.396265095983582	0.490436646215515	0.411202063329773	0.541620227270203	0.533915998449402	0.400277686437683	0.557855775976257	0.402773671911316	0.133870647314148	0.194969217992859	0.401245014684753	0.503724182348328	0.437312067724304	0.387979273778992	0.401041166845398	0.499655248815613	0.205783159154968	1.31047145126923	0.494316309728699	0.0295599057980347	0.416422772558289	0.516459155370789	0.0488663675289918	0.378484543676453	-0.0792661037844848	0.0226557995968629	0.440513947485046	0.51046496860321	0.394312510778503	0.997192977514343	0.421533795324402	0.453332200048523	0.409458364538269	0.16608558365448	0.942801035253601	0.418734348730164	0.404946364416199	0.423328606664734	0.775321262304382	0.472276809911804	0.602163995336609	0.413829853918152	0.640040970861511	0.264645851903992	0.306917650487976	0.957671091283875	-0.00966731026641843	0.409270932958679	0.477157296972351	0.429607039892273	0.415440797094421	0.114242021703796	0.426543498876648	0.42167812851532	0.46121308164032	0.38214662851532	0.42167812851532	0.541081808128601	0.700686958601257	0.0630074177184448	0.306592191968445
cg20249252-12-114852308	0.459162103368836	0.616428608129578	0.249944442358093	0.383759784154968	0.506734026525574	0.340616192113953	0.444217370275574	0.160203305578308	0.42603514023407	0.465584393774109	0.577719240575867	0.471605666235046	0.571648689062195	0.414008933569031	0.744092309789734	0.423910404333191	0.123398933813171	0.47735959525116	0.328822979406433	0.326254835363464	0.404389385595398	0.341520802709656	0.459501966650086	0.321774737829285	0.317601425817566	0.66621251535614	0.432898411291199	0.209817386694031	0.476488957372742	0.332880754064636	0.472173921728211	0.850604807104187	-0.191600986841125	0.631126906225281	0.425297988195496	0.587871898534851	0.318637190649109	0.436001049108582	-0.0377993548220825	0.359857511938171	-0.110422105249329	0.748088106908875	0.384260283056335	0.232594635595398	-0.0451834610232544	0.300049686864929	-0.00565529201690657	0.463379250158386	0.00805771689422613	0.334496534704285	0.314215939428406	0.330172103918152	0.483704323034363	0.819344774633484	0.329959088110046	0.525258103796082	0.444096346044617	0.0155440016842651	0.427679549291687	0.531388734716492	0.331471593298035	0.763156710241394	0.221636591283875	0.496263389867859	0.237579830663757	0.421322429113464	1.04987267233856	0.420593036352234	0.517831779272156	0.326882536474304	0.505979761083679	0.0751842382565308	0.42167812851532	0.61833608164032	0.22502362851532	0.42167812851532	0.361129029175476	0.579448179648132	0.44221363876532	0.40072362301532
cg20256117-1-1093335	-0.34422708217804	0.446557422582703	0.552978256811218	-0.082778401391907	0.581663840978699	0.431452006567078	0.521514184728699	0.142600120031433	0.489555954687195	0.261157208227234	0.297164055028992	0.509539480688171	0.42970450351532	0.499438748022156	0.326451124242859	0.495579218786316	0.426691748266296	0.538452409704285	0.410901793859558	0.426937649816589	0.526221200048523	0.419166617162781	0.48824278110321	0.38373355228241	0.420429240270691	-0.110030670190735	0.421645225744324	0.161036201147156	-0.230695228174133	0.433969568517761	0.486706736181335	0.427790621557312	0.389561827612	0.424363720678406	0.528858802648621	0.231930712987976	0.426036005102234	0.501867863561706	0.0289144596310424	0.632958326391296	0.489978709203796	-0.0317620786380006	0.33874509750946	0.516727450048523	0.0315523534298706	0.394277501318054	0.527818522436218	0.353344064611511	0.294834531347351	0.42284634915741	0.424696753881531	0.398466918371277	0.471394137487488	0.283348589086609	0.421787902563171	0.421943918249207	0.541126160497742	-0.11323318386261	0.515472363744812	0.554707549169617	0.42903140775116	0.422062524694519	0.290976405736999	-0.0480067956790162	0.330231645116882	0.0214502435665894	0.413865486791687	0.509375850805359	0.425543593725281	0.411627350927429	0.486014575536804	0.0990090527096557	0.42167812851532	0.40389508164032	0.43946462851532	0.42167812851532	0.354148570128601	0.551470720601257	0.0824171797184449	0.493525429968445
cg20449590-1-146551201	-0.0901716754397582	0.441323829320984	0.1115326635495	0.541207005346374	-0.31528075228302	0.455792413305359	0.48267359146698	0.514501526769714	-0.312867638574524	0.500704614965515	1.07172946176727	-0.0945711125735472	0.463171910253601	0.480443154760437	0.32433053098114	0.493755625524597	0.362532155004578	-0.308102183557434	0.416109200597839	0.426259056554871	0.461562606786804	0.444900023901062	0.489891187841492	0.424318959020691	0.421676647008972	0.654071736547546	0.415750632482605	0.131608607885437	0.396521178564148	0.451836975256042	0.407261142919617	1.27777602829559	0.485244234350281	0.427544127416687	0.476487209386902	0.280226119726257	0.470696411840515	0.479007270299988	0.0103258663693238	-0.211056266870422	0.463295115942078	-0.0590456718997192	0.348160504247742	0.724000856786804	0.0593247601681519	0.407626908056335	0.4679469291745	0.402594471349793	0.0908099380856324	0.406268755895691	0.726028160619812	0.428553325109558	0.196824544225769	0.30061099582489	0.407721309301453	0.418504324987488	-0.140789432763977	0.576906222875671	0.437927770483093	0.438467955907898	0.427666814489441	0.4235669314328	1.15143781247528	0.269308611059265	0.456995051855164	0.0213956503048707	0.408208893529968	-0.0772467424563598	0.626701000463562	0.41354675766571	-0.240036017724914	0.100942459447937	0.42167812851532	0.21254008164032	0.63081962851532	0.42167812851532	0.523109938175476	0.190941088648132	0.43820154776532	0.40473571401532
cg20509869-2-220375605	0.423382809789734	0.445826314550476	0.0204541487789919	-0.432051509424133	0.512378732946472	0.342111898534851	0.448216076696472	0.872353011999207	0.450184846654968	0.489226100195007	0.638027946996765	0.563196372655945	0.393580395483093	0.322020639989929	1.04402801621063	0.384781110754089	0.23718564023407	0.465534301672058	0.439179685827332	0.316244541784363	0.349321092016296	0.520335509130554	0.402904673070984	0.463828444250183	0.419861132238464	0.369638221777039	0.669453117712097	0.222279093114929	0.46807566379364	0.322720460485535	0.482992628149109	0.367573513525085	-0.221812280420227	1.18945061264618	0.465854694616394	1.02731560495575	0.500212897070007	0.41610175552948	-0.051014648401184	0.60180721835907	0.32466960117157	-0.042161186670227	0.250675989477234	0.200038342016296	0.579915245397644	1.18863139328583	0.347343414403992	0.382782956579285	-0.00712357668487534	0.351210241125183	0.780833645849304	0.43729281033905	0.947716029455261	0.173845481054382	0.386594794530945	0.66256881021698	0.302252052465515	0.706907708105164	0.440156255712585	-0.40318655886261	0.323113299718933	0.385675416662292	0.879675297704773	0.469573096288757	0.228107537084656	0.671941135534363	0.40244937875946	0.448750742773132	0.431471485693054	0.380874242895203	0.560052467504578	-0.0405550553225708	0.42167812851532	0.31257358164032	0.53078612851532	0.42167812851532	0.0897569780426635	0.31903512851532	0.526997587632507	0.550496327882507
cg20525461-12-12867724	0.216058623632507	0.41287112839325	0.995659962621765	0.35001230441864	0.579719546789246	0.421107712377625	0.530694890539246	0.76103582584198	0.534762660497742	0.565453914037781	0.274281760839539	0.340251186498718	0.387981209325867	0.510237453832703	0.576070830053406	0.538255924596863	0.539893454076843	0.563590115514832	0.862231499670105	1.05273635562714	0.49253690585907	0.413060322973328	0.543288486913757	0.367638258092957	0.382118946081238	0.421844035619812	0.378846931554871	0.121745906957703	0.552712477636414	0.396113274328308	0.528526441991882	0.396827327367859	0.500296533422546	0.397937426488953	0.369753508459167	0.191748418798523	0.381958710912781	0.485817569372253	0.891737165441589	0.677678032201843	0.434500415014343	0.843250627172546	0.394201803320007	0.42780015585907	0.921532059240417	1.2673652071286	0.496182228246765	0.626337770422058	0.0768202371578979	0.400353054967957	0.387858459692078	0.360760624181824	0.697122843298035	0.244418294897156	0.401101608373718	0.399830624059753	0.549267866308289	-0.147872478052063	0.497368069555359	0.290580254980164	0.418895113561707	0.386144230505066	0.335037111547546	-0.0760270898684693	0.333822350927429	0.610301949377136	0.387276192602234	0.497517556615906	0.402553299535828	1.08953005673798	0.420810281347351	0.956090758520203	0.42167812851532	0.65354208164032	0.18981762851532	0.42167812851532	0.616243875175476	0.213022025648132	0.42079748476532	0.42213977701532
cg20536041-2-45029004	0.51421068344696	0.442363188207703	0.115848022436218	-0.279795635766907	0.515679606603699	0.440286772192078	0.479829950353699	0.421249885656433	0.422492720312195	0.430286973852234	1.03631382065399	0.418306246313171	0.42097526914032	0.459353513647156	0.333948889867859	0.517848984411316	0.0778125138912964	0.455066175329285	0.422416559484558	0.420632415441589	0.506320965673523	0.421601382787781	0.49575654672821	0.37707231790741	0.412900005895691	0.540484095434265	0.521770991369324	0.226882966772156	0.431746537450867	0.417890334142761	0.145556501806336	0.423544387182312	0.0422385932369996	0.475995486303406	0.458731568273621	0.250576478612976	1.27432777072723	0.513860629186706	0.0811912252560424	-0.225431907983704	0.517018474828796	0.225734686986999	0.35818686313446	-0.0794527843264771	0.163992119054871	0.449328266943054	0.510806288061218	0.0575878302365112	0.169062296972351	0.90709811478241	0.413603519506531	0.416665683996277	0.220666903112488	0.281844354711609	0.424195668188171	0.413653683874207	-0.335726073877258	0.36822858176239	0.513429129369812	-0.300032685205383	0.42331317337616	0.423072290319519	0.290728171361999	0.246904969945984	1.01368741074188	0.534638009191589	0.429641252416687	0.490698616430359	0.470419359350281	0.607454116552429	-0.105049658838196	0.233365818334656	0.42167812851532	0.46000108164032	0.38335862851532	0.42167812851532	0.518932151636414	0.38064930210907	-0.0994222387737428	0.465354594476257
cg20627174-2-119599744	0.469216035131531	0.533496539892273	0.332547374120789	0.496191715917664	0.503372958288269	0.408538123876648	0.455085302038269	0.724743237341003	0.433555071996765	0.497395325536804	0.778889172338562	0.311915597997742	0.40978662082489	0.403449865331726	0.429803241552429	0.416986336095886	0.0846498655758667	0.409876527013855	0.990693911169129	1.06347076712616	0.446088317358093	0.411469734472351	0.491063898412781	0.45451166959198	0.412770357580261	0.694041447118835	0.424457343053894	0.133986318456726	0.488001889135437	0.439842685827332	0.387000853490906	0.414510738866882	0.26185594492157	0.394786837987976	0.435340919958191	0.567959830297546	1.0261861224118	0.433313980871277	0.0226095769406128	0.592291443700867	-0.348860173486633	0.54521003867157	0.364541214819031	0.0387215673580932	0.0592914707394409	1.10183561862762	0.434251639745789	0.438032181921082	0.0998936486569214	0.41254046646698	0.423772871191101	0.437525035680847	0.945202254797058	0.336850706396179	0.488623019872742	0.961854035558777	-0.00676072219268797	0.17677093344696	0.412864481054382	0.200543666479187	0.39811452506073	0.406202642004089	0.73893452304657	-0.00285867836944581	0.350591762426453	0.42047736087616	0.392626604101257	0.442002968114929	0.412796711034851	0.401206468237	0.466201692846375	0.056620170019226	0.42167812851532	0.34755558164032	0.49580412851532	0.42167812851532	0.454379875128601	0.680743025601257	0.0806584847184448	0.393294124968445
cg20633020-15-82340327	0.411461950536804	0.474058455297546	0.0750262895260622	0.092715631322937	0.521314873693542	0.403572039281921	0.440540217443542	0.433006152746277	0.451029987402039	0.202447240942078	0.331474087743836	-0.00450448659698477	1.15639653623016	0.439599780737	0.312530156957703	0.47541325150116	0.31518178098114	0.415685442419128	0.405486826574402	0.414761682531433	0.405185232763367	0.409448649877625	0.0553568138180543	1.10686758499725	0.527630272985535	0.675402362524109	0.403223258459167	0.414353233862	0.17821880454071	0.911043601232605	0.485384768896179	0.419413654272156	-0.271341139673157	1.17091775339325	0.466270835363464	1.04253874570282	0.395609037817078	0.37862089627655	0.721310492345886	-0.13305864089386	0.48305974191864	0.762800954076843	0.452806130224304	0.447808482763367	0.723388386144714	0.823233534032898	0.440149555151062	0.525458097326355	0.253309564062195	0.417016381872253	0.398469786596375	0.403177951086121	0.192871170202332	0.804667621801453	1.17385793527802	0.39753095096405	0.480539193212585	0.481795848852234	0.439124396459656	-0.13042341811554	0.395233440466003	1.09487555740936	1.08279043845184	0.406327237035828	0.368298677831726	0.347311276281433	0.447879519506531	0.446483883520203	0.425574626440125	0.444716383642273	-0.209893391748352	0.111036085424499	0.42167812851532	0.61410308164032	0.22925662851532	0.42167812851532	0.791359478042664	0.44405662851532	0.401976087632507	0.282531558882507
cg20699586-1-227748719	0.465420326391296	1.10462183115204	0.482792665380554	0.460604007177429	0.516028249548035	0.360155415136414	0.422869593298035	0.275242528600769	0.438950363256531	0.25513361679657	1.06362946359833	-0.231160110742493	0.839063912084656	0.446172156591492	0.803124532812195	0.0877536273556518	0.680161156835632	-0.424430181726379	0.500504202428894	0.363492058385925	0.435019608617859	0.420939025732117	0.435017189672546	0.464494960851746	0.866129648840027	0.392896738378601	0.31351663431366	0.480506609716492	-0.402477819604797	0.422984977087097	0.240832144750671	0.329005030126648	0.446929236181335	0.342279129247742	0.450619211217956	0.130619121557312	0.30742741367157	0.420441272131042	0.316844868200378	-0.278089265039368	0.452315117773132	-0.0592716700686646	0.539242506078796	-0.148072141382141	0.216952761999207	1.15022190988739	0.413423931005554	0.329606473180847	0.907139939916687	0.354783757726746	0.316451162450867	0.552688326940613	0.116261546056824	0.443354997655945	0.356576311132507	0.391617326818542	0.426458569067078	0.688990224706726	0.417485772314148	0.518897957738953	1.0569248163205	0.468483933263855	0.866267814306335	0.58567161289032	1.08297105368622	0.147746652135925	0.338690895361023	0.396402259374695	0.422715002294617	0.396106759496765	0.29848398410614	-0.0405315387210085	0.42167812851532	0.25286708164032	0.59049262851532	0.42167812851532	0.654885978042664	0.42823412851532	0.417798587632507	0.392629299882507
cg20740434-1-61087507	-0.240011709497375	0.377849795263367	0.857584629491882	0.292709971288757	-0.358528786340637	0.412012379247742	0.455676557409363	0.0682064927120972	0.444408327367859	0.232427580907898	1.06511742770966	0.415949853368835	0.430055876195984	0.41430412070282	1.01624449692352	0.18805759146698	0.23116812094696	0.483712782384949	0.364575166540222	0.814726022497253	0.424176572729187	0.417048989843445	0.364276153783875	0.436829924963074	0.379029612951355	0.700542702489929	0.414978598424988	0.10776457382782	-0.222542855493469	0.369821941198425	0.479479108862	0.395166994237976	0.374139200292664	1.04283309335907	0.0406931753292846	0.24187608566864	0.418354377782898	0.370647236242371	0.774917832311707	0.59530969907196	0.44491208188446	0.339341294042664	0.565457470190124	-0.122242177270813	0.472280726110535	0.396438873998718	-0.0736231048831176	0.474382437292175	0.773429904028015	0.418466721838074	0.696504126562195	0.646081291051941	0.327653510168152	0.810278961767273	0.969803275243836	1.01535029092987	0.444949533178406	0.124630188818054	0.391192736425476	0.555410921850281	0.992605780431824	1.04620289737518	0.235603778417664	0.522912577001648	0.861457017797546	0.785235616247253	0.848128859472351	0.0403802234860229	0.405326966405945	0.512038723608093	0.540613948217468	0.61889942539032	0.42167812851532	0.39613258164032	0.44722712851532	0.42167812851532	0.300462630175476	0.494312780648132	0.46150523976532	0.38143202201532
cg20818417-1-76082690	0.337196592382507	0.47717709714325	0.121629931371765	-0.13259972683136	0.0133925155392456	0.438950681127625	0.458127859289245	0.14481279459198	0.462050629247742	0.230528882787781	0.655259729589538	0.427172155248718	0.421734178075867	0.343848422582703	1.00548079880341	0.474055893346863	0.639175422826843	0.464274084264832	0.398370468420105	0.407478324377136	0.41853587460907	0.415000291723328	0.432851455663757	0.539555226842957	0.421217914831238	0.669894004369812	1.22986990030487	0.137584875707703	-0.111389553613586	0.423463243078308	0.387887410741882	0.853921296117859	-0.233441497827454	0.412538395238953	0.380178477209167	0.683783387548523	0.403895679662781	0.264732538122253	0.745272134191589	0.597448000951843	0.440812383764343	0.0496095959225464	0.326173772070007	0.35154112460907	0.706395027990418	0.455447175878601	-0.389155803003235	0.504211739172058	0.151792205907898	0.895664023717957	0.401011428442078	0.396793592931824	0.988382812048035	0.836680263647156	0.657805577123718	0.409684592809753	0.471866835058289	-0.124852509302063	0.410763038305359	0.486601223730164	0.433537082311707	0.743815199255066	0.281452080297546	0.332251878881531	0.336583319677429	0.365187918127136	0.412084161352234	0.441937525365906	0.457422268285828	0.427230025487976	0.472443250097351	0.577520727270203	0.42167812851532	0.48952708164032	0.35383262851532	0.42167812851532	0.140620478042664	0.34341362851532	0.502619087632507	0.507147115882507
cg20824989-2-208491939	0.423705414403992	0.401801919164734	0.0995277533932495	0.431120095190125	0.51400533756073	0.422552503149109	0.38718068131073	0.658353616613464	0.352448451269226	0.0342357048092652	0.913683551611023	0.416760977270203	1.03719500009735	0.374616244604187	0.76052262082489	0.368925715368347	0.689445244848328	0.412598906286316	0.367358290441589	0.372882146398621	0.461543696630554	0.373910113744812	0.376942277685242	0.421266048864441	0.428407736852722	0.649207826391296	0.363166722326355	0.575848697729187	0.444124268407898	0.380828065099793	0.411759232763367	0.372735118139343	0.484068324194031	0.386751217260437	0.396688299230652	0.736660209570007	1.14184450168427	0.438033360143738	0.796666956213074	0.542013822973328	0.303570205785828	-0.0920015820559692	0.850413594091492	0.606486946630554	0.770969850011902	0.876333997900085	0.43797001901825	0.416136561193542	0.664058027929382	0.381194845739441	0.803581250463562	0.467891414953308	0.964256634069519	0.38934708566864	0.400930399145203	0.365791414831238	0.462750657079773	0.425381312719421	0.431549860326843	0.561056045751648	0.371660904333191	0.36752402127655	1.00576790231903	0.509262700903015	0.264623141698914	0.0586967401486206	0.366511983373718	0.39540334738739	0.366726090307312	0.369563847509461	0.384668072118835	0.510471549291687	0.42167812851532	0.36443658164032	0.47892312851532	0.42167812851532	0.513612536628601	0.856945687101257	0.280066146218445	0.334061463468445
cg20874827-12-54388108	0.522677286596375	0.442781791357117	0.151008625585632	0.278300967382507	0.563703209753113	0.435597375341492	0.479598553503113	0.433312488805847	0.504410323461609	0.556110577001648	0.567849423803406	0.506863849462585	0.420014872289734	0.49977111679657	0.280978493017273	0.52158158756073	0.0754401170407105	0.532183778478699	0.404681162633972	0.421685018591003	0.540209568822937	0.424708985937195	0.521514149877624	0.377658921056824	0.415906609045105	0.520329698583679	0.428222594518738	0.14997656992157	-0.0758328593997193	0.426800937292175	0.55016710495575	0.426954990331726	0.553484196386414	0.41905008945282	0.505324171423035	0.33560008176239	0.419659373876648	0.54007223233612	0.0244858284054565	0.0964246951657103	0.54005607797821	-0.0102347098635864	0.338675466283875	0.637664818822937	0.0362347222042846	0.400102870092468	0.540981891210632	0.493752433385925	0.109166900121765	0.434894717931824	0.421152122655945	0.395738287145691	0.331194506261902	0.284719957861023	0.420589271337585	0.422871287023621	-0.358147470727844	0.726893184911804	0.529222732519226	0.605940917944031	0.430165776525574	0.415271893468933	0.286601774511414	0.218000573095398	0.328717013891296	0.0103876123410034	0.415331855566101	0.544189219579773	0.422396962499695	0.423718719701843	0.00370394431121812	0.0639194214840698	0.42167812851532	0.33030308164032	0.51305662851532	0.42167812851532	0.363501445128601	0.558623595601257	0.170992054718445	0.484172554968445
cg20898829-20-3229660	0.472367531225281	0.396965035986023	0.623732870214539	0.517338212011414	0.546040454382019	0.389758619970398	0.395437798132019	0.285822733434753	0.441002568090515	0.404372821630554	0.259070668432312	0.375492094091492	0.36576211691864	0.405134361425476	0.664377737646179	-0.324181167810364	0.227162361669617	0.436231023107605	0.364690407262878	0.39308926321991	0.464172813451843	0.385047230566101	0.417622394506531	0.38273016568573	0.806917853674011	0.306774943212585	0.374391839147644	0.267231814550476	-0.319812614770813	1.03385518192108	0.471359349584656	0.422746234960632	0.48387144101532	0.380513334081726	0.397163416051941	0.982123326391296	0.487519618505554	0.429484476965027	0.779922073034363	-0.235014060205383	0.470181322607117	0.73940053476532	0.875070710912781	0.701136063451843	0.813748966833191	0.926896114721375	0.486714135839539	0.424714678014831	0.281535144750671	0.42136196256073	0.374232367284851	0.474354531774597	0.469583750890808	1.14021320248993	0.624108515966492	0.374529531652527	0.471465773901062	0.11338742954071	0.462451977148132	0.563982162572937	0.38252002115448	0.831222138097839	1.07564101914032	0.312854817724304	0.596244258520203	0.42008485696991	0.412562100195007	0.419967464208679	0.374278207128601	0.37684896433075	0.395159188940124	0.668088666112976	0.42167812851532	0.41251558164032	0.43084412851532	0.42167812851532	0.649466974636414	0.42902012510907	0.0829385842262574	0.416983771476257
cg20935165-2-172972840	0.496401426000671	0.445840930761414	0.115620764989929	0.521400106786804	0.43975134915741	0.434494514745789	0.42908669290741	0.553848628210144	0.410459462865906	-0.301000283594055	0.971069563207703	0.250520988866882	0.418362011694031	0.400486256200867	0.28524063242157	0.479498726965027	0.0852972564450074	0.435947917882996	0.412045302038269	0.4231721579953	0.518368708227234	0.434517125341492	0.439675289281921	0.393090060461121	0.421874748449402	0.376974837987976	0.416632733923035	0.162966709325867	-0.116071719995423	0.926126076696472	0.450428244360046	0.429063129736023	0.51809033579071	1.08556322885712	0.452783310827332	0.229428221166687	0.417197513280945	0.473828371740417	0.0336399678097534	-0.206756165429993	0.552985217382507	0.442082429540711	0.384676605688171	-0.0644960417727662	0.872341861608581	0.392631009496765	0.524025030614929	0.466063572790222	0.955286039526062	0.427107857336121	0.420618262060242	0.403645426549988	0.234257645666199	0.28585609726532	0.420054410741882	0.428036426427918	-0.235815331323547	0.704540324316101	0.474342871923523	-0.270144942651672	0.432402915929871	0.42955103287323	0.34069991391571	0.270905712499695	0.697653153295593	0.0114097517453003	0.415302994970398	0.43309535898407	0.419958101903992	0.42311185910614	0.010009083715515	0.0871185608883666	0.42167812851532	0.0562040816403198	0.78715562851532	0.42167812851532	0.447036514636414	0.42848566510907	0.323673124226257	0.417518231476257
cg21042456-7-1270558	0.503686566625671	0.361569071386414	0.420160905614929	0.441669247411804	-0.0129425102175903	0.358330655370789	0.41802983353241	0.623435768835144	0.424592603490906	0.500183857030945	0.892222703832703	-0.110105870508118	0.359706152319031	0.455365396825867	0.55500277304657	0.484545867590027	0.0121463970700074	0.360953058507996	0.377375442663269	0.6474832986203	0.449696848852234	0.350952265966492	0.422815429906921	0.342684201086121	0.587846889074402	0.0302359786129761	0.460519874548035	0.128506849950867	-0.330155579370423	0.502548217321472	0.200015384985046	0.364776270361023	0.43805047641571	0.456353369482117	0.434132451452332	0.838899361791687	0.345350653905945	0.470551512365417	0.00456410843475341	0.135639975195007	0.419781358007507	0.629991570165711	0.293912746313171	0.554652098852234	-0.0419289977664185	0.685217150121765	0.417493171239929	0.391532713415222	0.110156180151062	0.471853997961121	0.433060402685242	0.348099567174988	0.219303786291199	0.67098923789032	0.406392551366882	0.385828567052917	-0.154535190698547	0.722139464941101	0.454813012548523	0.441408197973328	1.19914005655487	0.34113717349823	0.68479105454071	0.0875878531246948	0.511691293920593	-0.0621821076296997	0.361986135595398	0.43180949960907	0.350583242528992	0.54887399973114	-0.252275775659485	0.831978701513367	0.42167812851532	0.56260258164032	0.28075712851532	0.42167812851532	0.245764478042664	0.39594062851532	0.450092087632507	0.541532665882507
cg21046148-5-72731905	0.419806224218445	0.530989728979187	0.309030563207703	0.423976905004578	0.440240147375183	0.376794312963562	0.397009491125183	0.756867426427918	0.419354261083679	0.431302514623718	1.01633536142548	0.519364787084656	1.1104868099118	0.42362605441864	0.612102430639343	0.4128715251828	0.00303505466278076	0.445012716100769	0.302848100256042	0.667397956213074	0.357155506445007	0.456386923559265	0.419529087499695	0.367925858678894	0.311700546667175	0.651235636205749	0.296417532140808	0.51666450754364	0.469189078222351	1.06003087491425	0.40171804257782	0.388281927953796	0.369946134008484	0.30978602707489	0.367812109045105	0.15415501938446	0.747395311498718	0.372607169958191	-0.071145233972473	0.574941632787781	0.388705015600281	0.747070227758484	0.573794403905945	-0.0718752435549927	0.171223659826355	0.422711807714539	0.371487828832703	0.510226371007996	0.852585837743835	0.594495655553894	0.326262060278015	0.323841224767761	0.619281443883972	0.861226895483093	0.807399208959656	0.430490224645691	0.179787466894226	0.577245122533874	0.358910670141296	0.414425855566101	0.347562714147644	0.790387831091004	0.825190712133484	0.411110510717468	0.951919951513367	0.110025549963074	0.327411793188171	0.410558157201843	0.443359900121765	1.04900165732391	0.510980881933288	-0.0568776408938599	0.42167812851532	0.38681408164032	0.45654562851532	0.42167812851532	0.408839954128601	0.605220104601257	0.300066563718445	0.438834045968445
cg21064916-11-44340839	0.437334125585632	0.325225630346375	0.0775914645748902	0.454656806371765	0.476505048742371	0.31478321433075	0.35754139249237	0.687445327795105	0.355051162450867	0.233802415990906	0.195225262792664	0.447858688451843	0.366620711278992	0.376153955785828	0.947339332006531	0.342608426549988	0.0497809560299682	0.388812617467957	0.56743000162323	0.481184857580261	0.426036407812195	0.369061824926453	0.421805988866882	0.379185760046082	0.401627448034363	0.639784537572937	0.580726433507996	0.304562408910828	0.421258979589539	0.322221776281433	0.441541943945007	0.305363829320984	0.424197035375671	0.439981928442078	0.395380010412293	0.949766920751648	1.24040521286591	0.400700071325378	-0.0952143326052858	0.534204534154968	0.443456916967468	0.733384129125671	0.334532305273132	0.584905657812195	-0.0822574388064576	0.271329709081726	0.41139973019989	0.419077272375183	0.422015739111023	0.307434556921082	1.0561469616452	0.679540126134949	0.91817234525116	1.03120479685028	1.06065811032684	0.306657126012878	-0.470925631738586	-0.128979976098938	0.409833571508484	0.524068756933289	0.533224615514832	0.450102732458191	0.610859613500671	-0.140703587915344	0.421670852880554	0.707873451330261	0.625782694555359	0.371985058569031	0.326766801488953	0.453217558691101	0.454408783300476	-0.0517277395266724	0.42167812851532	0.60604508164032	0.23731462851532	0.42167812851532	0.571259144636414	0.50836729510907	0.262086754226257	0.337636601476257
cg21140898-1-51442318	-0.386794102441711	0.421787402319031	0.893839236547546	-0.368574421655578	0.560528820715027	0.394366986303406	-0.370668835534973	0.846860099767761	-0.404076065576477	0.417890187963562	1.06924503476532	0.4402904604245	1.14663348325165	-0.339027272241516	0.921437103979187	0.498246198522644	0.620537728002625	-0.322615610559387	0.434113773595886	0.786547629552917	-0.438875820215149	0.402272596899109	-0.355785239160461	1.19794553201874	0.839431220007019	0.651919309545593	0.365079205480652	0.638114180883484	0.529142751562195	0.385040548254089	-0.376255284082336	1.04804560129364	-0.432116192651672	0.377339700414734	-0.395647217615051	1.0427736927243	1.08739798483856	-0.418085156701965	-0.0134185606326294	0.587134306127625	0.361317688940125	-0.0700090989016725	0.338850077245789	-0.134524570215149	0.830516333166199	1.19957848105438	-0.440763497827453	0.512418044347839	0.0605485110836793	0.838890328893738	0.969809733617859	0.988466898107605	0.980057117223816	0.726300568822937	0.439717882299499	0.399590897985535	0.35880614023407	-0.107122204126282	-0.451727656518859	-0.340764471094055	0.782873387487488	0.405443504430847	0.420973385473328	-0.00122681594268798	0.75275262485321	0.0806172233029175	1.14219146652802	0.470143830541687	0.398596573461609	1.13293333066376	-0.282889444726867	0.904296032445984	0.42167812851532	0.37764858164032	0.46571112851532	0.42167812851532	0.878384306675476	0.231690457148132	0.42167691626532	0.42126034551532
cg21210224-15-65186306	0.483016293066101	0.439913797826843	0.266773632055359	0.451893973852234	0.448054216222839	0.435368381811218	0.399363559972839	0.683516495275574	0.434476329931335	0.477732583471374	0.302663430273132	-0.208419144067688	0.41602887875946	0.413105123266296	0.615990499487	0.478295594030457	0.074007123510437	0.438371784948425	0.403709169103699	0.41856502506073	0.0646055752926635	0.422483992406921	0.366921156347351	0.37399792752655	0.418956615514832	0.401214705053406	0.419139600988464	0.148333576391296	0.501093147070007	0.424092943761902	0.532555111425476	0.429193996801453	0.54581420285614	0.422375095922546	0.406137177892761	0.226551088232117	0.419091380346374	0.478954238805847	0.834131834875183	0.584582701635437	0.557352084447937	-0.0477007033938598	0.878520472753601	0.701481825292664	0.896149728674011	1.1774538765622	0.477172897680359	0.390292439855652	0.701900906591492	0.42843572440155	0.420357129125671	0.404021293615417	0.177977512731628	0.28694396433075	0.418464277807312	0.422612293493347	0.536075535741882	0.695215191381531	0.481708738988953	0.643326924413757	0.4346047829953	0.41914989993866	1.06334578098114	-0.0473614204348756	0.329077020361023	0.78861661881073	0.414170862035828	0.518027226049499	0.422639968969421	0.41664072617157	0.288446950780945	0.0734424279537962	0.42167812851532	0.43497508164032	0.40838462851532	0.42167812851532	0.323267151995789	0.527502302468445	-0.105308238414368	0.679915542835632
cg21215550-9-969544	0.524853171239929	0.823462676000671	0.0791275102291871	0.401414852026062	0.585436094396668	0.413477259985046	0.504600438146667	0.894362373449402	0.139536208105164	0.441211461645203	1.05433630844696	-0.20516226589386	0.389809756933289	0.546323001440125	1.09484737766083	0.529184472204285	0.0365480016842653	-0.286639336877747	0.481370047277527	1.12995990323456	0.463367453466492	0.42539187058075	0.521556034521179	0.364238805700378	1.14735749368866	0.702659583227234	0.534854479162292	0.134013454565125	-0.295074974756165	0.48572482193573	0.507470989599304	0.406461874975281	-0.349509918970032	0.388184974096375	0.473169056066589	0.327894966405945	0.395078258520203	0.514767116979675	0.413134713049011	-0.258222420190735	0.313926962621765	0.540987174779968	0.322637350927429	-0.0873482965335082	-0.00328739315216059	0.380460754736023	0.477508775854187	0.14133531802948	0.79679778476532	0.439730602575378	0.4037140072995	0.393831171789246	0.383850390905457	0.274199842504578	1.07556815598114	0.414166171667175	-0.0587515860842895	0.709873069555359	0.495578617162781	0.538950802587586	1.25570766116913	1.02701577811249	0.319712659154968	0.598800457738953	0.318912898534851	0.0114954969845582	0.393963740209656	0.441551104223328	0.43248284714325	0.419688604345398	-0.304881171045227	0.546784306127625	0.42167812851532	0.33045508164032	0.51290462851532	0.42167812851532	0.312560651995789	0.538208802468445	0.674014261585632	-0.115080922164368
cg21219692-4-190939926	0.4627973197995	0.421990824560242	0.880722658788758	0.480334000585632	0.556176242956238	0.414511408544617	0.458728586706238	0.279986522008972	0.457691356664734	0.184171610204773	0.830415457006531	0.47326788266571	0.384727905492859	0.275034149999695	0.322381526220398	0.197242620763855	0.0449381502438355	0.521786811681824	0.392670195837097	0.422046051794128	0.429743602026062	0.40810701914032	0.47801518308075	0.355885954259949	0.41154064224823	0.296628731786804	0.385650627721863	0.157413603124695	0.536841173803406	0.4829809704953	0.240630138158875	0.417426023534851	0.464527229589539	0.524145122655945	0.47166620462616	0.213173114965515	0.395949407079773	0.462920265539246	0.200403861608582	0.0155697283688354	0.486099111181335	-0.0734166766604614	0.581447499487	0.762417852026062	0.83251275540741	0.687843903295593	0.455884924413757	0.37758046658905	0.87610293332489	1.15201975113495	0.47507215585907	0.390248320348816	0.155117539465027	0.656557991064148	0.40570830454071	0.386975320226746	0.441883562475281	0.520232218114929	0.433086765722351	0.147780951147156	0.838269809728699	0.404171926672058	0.284220807714539	0.034142606298523	0.487429047094421	-0.0143303544558716	0.551623888769226	0.501088252782898	0.39864199570282	0.432305752904968	-0.226619022485657	0.373269454687195	0.42167812851532	0.36467858164032	0.47868112851532	0.42167812851532	0.717755978042664	0.40023012851532	0.445802587632507	-0.267727627117493
cg21266502-4-155663225	0.473420149267273	0.392980654028015	0.732853488256531	0.444644830053406	0.289327072424011	0.38457723801239	0.422510416174011	0.156483351476746	0.418438186132507	0.468696439672546	0.955083286474304	0.509032712133484	0.552585734960632	0.427469979467468	0.781976355688171	0.460989450231628	0.362457979711609	0.467274641149597	0.454105025304871	0.790061881261902	0.351635431493835	0.366798848608093	0.449862012548523	0.344328783727722	0.392731471716003	0.344047561254578	0.393706457189636	0.290736432592468	-0.322283996728821	0.373244799963074	0.424423967626648	1.22799785300262	-0.394985940942688	0.413904952123718	0.443805034093933	0.529327944433289	1.19975023654755	0.422431095007019	0.506944691076355	0.201155557836609	0.025451940649109	0.395660152807312	0.310806328954773	0.150274681493835	0.848821584875183	0.352686732763367	0.253856753881531	0.468476296056824	0.834399762792664	0.798183580602722	0.470725985326843	0.667849149816589	0.1359483689328	0.246262820531921	0.949458134008484	0.739771149694519	0.253282391943054	-0.167141952417297	0.397755595190124	0.235396780614929	0.415526639196472	0.486119756139831	1.03538963718231	0.582880435766296	0.278679876562195	0.784933475011902	0.370743718237	0.222438082250671	0.374002825170593	0.545851582372742	0.447579806982117	0.372442284154968	0.42167812851532	0.40533358164032	0.43802612851532	0.42167812851532	0.141280970636414	0.33836612110907	0.532875580226257	0.507637775476257
cg21279510-1-8277627	-0.345458097680969	0.471424407079773	0.140997241308289	0.465346583105164	-0.306866174524231	0.450480991064148	0.448640169225769	0.670495104528503	0.411251939184265	-0.317540807275696	0.303728039526062	0.516571465185242	0.43091848801239	0.436738732519226	1.04747210873993	0.386680203283386	0.516833732763367	-0.305414605798645	0.426114778356628	0.45242063431366	0.446073184545593	0.420392601659851	0.469231765600281	0.37667053677948	0.427191224767761	0.0245183143063355	0.429732210241394	0.179108185644226	0.475782756322937	0.423928553014832	0.511860720678406	0.424142606054382	0.48142881210907	0.413684705175476	0.396992787145691	0.227196697485046	0.402300989599304	0.441296848058777	0.0834264441281128	-0.212112689111633	0.119602693700867	0.27747190585907	0.342517082006531	-0.0893875654544066	0.018725337926941	0.420801485815124	0.462701506933289	0.495733049108582	0.108006515844421	0.42685033365448	0.423364738378601	0.424841902868347	0.184001121984558	0.277218573583679	0.487238887060242	0.413771902746277	0.441122144994812	0.65366780063446	0.475328348241882	0.361868533666687	0.42478739224823	0.428677509191589	0.28699539023407	-0.0172508111819458	0.330395629613953	0.0284682280636597	0.442369471288757	-0.373187164697571	0.423954578222351	0.4217353354245	0.507298560033874	0.198396037206726	0.42167812851532	0.12033558164032	0.72302412851532	0.42167812851532	0.370701651995789	0.480067802468445	0.306349261585632	0.646959457835632
cg21301805-1-119534644	0.349245852514343	0.421878357275085	0.0731941915036012	-0.0785154666995239	0.241921775671082	0.44915094125946	0.420129119421082	0.647001054723816	0.462159889379578	0.421941142919617	0.854823989721375	0.175636415380554	0.406367438207703	0.373573682714539	0.261625058935242	0.462222153478699	0.163834682958679	0.462831344396667	0.790245728551941	1.18021858450897	0.262341134740906	0.401659551855164	0.394971715795593	1.02706148697479	1.17254417496307	0.659216264501648	0.833526160436707	0.691095135839539	-0.213455293481751	0.428383503210144	-0.235753329126282	0.390717556249695	-0.365944237695618	0.415115655370789	0.381787737341003	1.03265264768036	1.22177193979462	0.322330798254089	-0.0188516056765747	0.597334261083679	-0.342913356103821	0.464167856054382	0.719894032201843	-0.126295615259094	-0.000790711877746542	1.17538343601044	0.119329457128601	0.505841999303894	0.204108466039734	0.402919283849792	0.487795688573914	0.46475785306366	0.549307072179871	0.299436523778992	1.06188583725555	0.403286852941589	0.470168095190125	-0.0807062491702273	0.420480298437195	0.179519483862	0.392251342443543	0.400773459386902	0.294734340429382	0.531241139013367	0.872572579809265	0.774694178258972	0.80039142148407	0.440095785497742	0.461492528417664	0.430145285619812	-0.267733489770813	0.860348987402039	0.42167812851532	0.38492308164032	0.45843662851532	0.42167812851532	0.108067978042663	0.37636012851532	0.469672587632507	0.498200567882507
cg21404045-7-27232412	0.0372207492428588	0.437172254003601	0.778922088232117	0.453471430028992	0.561523672399597	0.422552837987976	-0.352202983850403	0.421194951452332	0.388324786108093	0.488105039648132	0.28636988644989	0.39153331210907	0.384996334936218	0.355414579443054	0.253471955663757	0.145487050207214	0.0585985796871948	0.471840241125183	0.386757625280457	0.402271481237488	0.496555031469421	0.419761448583679	0.257779612524109	0.527092383703308	0.389197071691589	0.660004161230163	0.688002057165222	0.712953032568054	0.475509603246765	0.39730039993866	0.494019567602234	0.87475345297821	0.511734659032898	0.461516552099304	0.477298634069519	1.02825854440887	1.31213583652313	0.456219694982605	0.131543291051941	0.461116157812195	0.533753540624695	-0.0748912472171022	0.442105928930359	0.357665281469421	0.00742318485076898	0.433436332738953	0.489186353857117	0.42442789603241	0.99783936276825	0.407493180578308	0.393919585302429	0.370381749792175	0.637773968908386	0.524315420507507	0.39968973398407	0.502692749670105	0.28452499191864	-0.147117352441711	0.44403019516571	0.595664380590515	0.401755239172058	0.393962356115417	0.260938237157898	0.582579035741882	0.309918476537781	0.0352420749874878	0.393253318212585	0.491246682226257	0.396628425146179	0.398310182348328	0.112039406957702	0.897779884130554	0.42167812851532	0.48647608164032	0.35688362851532	0.42167812851532	0.505453429636414	0.34935858010907	0.0360880392262574	0.496645316476257
cg21486470-14-103011554	0.453249149755554	0.349901654516296	0.512785488744812	0.341406830541687	0.519905072912292	0.340375238500671	0.453668416662292	0.597941351965027	0.396663186620789	0.338374440160828	0.205016286962585	0.513001712621765	0.332011735448914	0.38702097995575	0.282929356176453	0.40331445071991	0.62165598019989	0.441453641637878	0.416209025793152	1.17720688175018	0.422491431982117	0.323981849096375	0.429565013036804	0.485864784216003	0.615094472204285	0.685028561742859	0.348451457677918	0.0644114330807495	-0.18589199624054	0.323716800451355	-0.280111031885071	0.363919853490906	0.429931059545593	0.353612952611999	0.425069034582214	0.89467494492157	0.505597237035828	0.4129160954953	0.452545691564636	0.49892055832489	0.44443494113739	0.744645153295593	0.248585329443054	0.625120681982117	0.735249585363464	0.283613733251648	0.430268754369812	0.446588296545105	0.793722763280945	0.329877581091003	1.18064098581512	0.778692150304871	0.753206369421082	0.237026821020203	0.356149134496765	0.3439411501828	0.423765392431335	0.281658048070984	0.405762595678406	-0.37227221889679	0.421895639684753	0.423422756628113	0.830869637670593	0.105064436254578	1.07522787705048	0.370940475500183	0.527372718725281	0.438929082738953	0.343193825658875	0.367793582861023	-0.0176231925296021	0.34584328464325	0.42167812851532	0.44458308164032	0.39877662851532	0.42167812851532	0.698753354136413	0.41221250460907	0.348087963726257	0.433791391976257
cg21530266-3-138657774	0.369763044775085	0.413414549535828	0.153239383764343	0.445156725561218	0.465603967931824	0.439020133520203	0.443632311681824	0.476480246984558	0.36914608164032	0.357342335180359	0.294601181982117	0.506108607641296	0.411483630468445	0.447342874975281	0.784585251195984	0.402959345739441	0.795573875219421	0.35167553665741	0.710857920812683	0.425912776769714	0.392637327001648	0.402016744115906	0.348921908056335	0.901273679235535	0.720862367223816	0.0827394567623901	0.400354352697449	0.801882328100281	0.437475898778992	0.823722695470886	0.21618086313446	0.409432748510437	0.393324954565125	0.420893847631531	0.410771929601746	0.994015839941101	0.392825132055359	0.394538990514832	0.396436586584167	0.510652453344421	0.397782836156921	0.763301048315124	0.818618224462585	0.676829577001648	0.791408480382996	0.354641628271179	0.418874649389343	0.473084191564636	0.833857658300476	0.416573476110535	0.894201880834656	0.422934045324402	0.387037264440613	0.873063716039734	1.1430120295163	0.455031045202332	0.408675287450867	0.656079943090515	0.397453490697937	0.0368276761227416	1.11314753470428	0.438989651647644	1.11217053269012	0.656700331274109	0.898530772070007	0.0243943705197144	0.409236613744812	0.378142977758484	0.421086720678406	0.418495477880554	0.483125702489929	0.104049179662781	0.42167812851532	0.55705358164032	0.28630612851532	0.42167812851532	0.218528040136414	0.38156619060907	0.514182649726257	0.464437705976257
cg21606928-13-23501122	0.519949319189148	0.42035282394989	0.100475658178406	0.499069999975281	0.545154242345886	0.411364407934265	0.455245586095886	0.115898521398621	0.474236356054382	0.294724609594421	1.08075945639618	0.281303882055359	0.395896904882507	0.475922149389343	0.258699525610046	0.523810620153503	0.161727149633484	-0.227665188928528	0.388012195226746	0.464473051183777	0.48755960141571	0.478856018529968	0.500256182470398	1.0818669536496	0.383588641637878	0.589015731176453	0.384111627111511	0.219941602514343	-0.0668088268069458	1.25220996988495	0.295857137548523	0.4213870229245	0.427399228979187	0.380421122045593	0.508146204015808	1.04740511435516	0.380610406469421	0.474954264928894	0.14523986099823	-0.173666272241516	0.512602110570984	0.370101322729187	0.323709498876648	0.72164185141571	0.0382057547970582	0.429801902685242	0.488476923803406	0.528695465978699	0.158943932714539	0.423188750524597	0.382952155248718	0.422461319738464	0.388537538854675	0.252149990453796	0.389914303930359	0.391781319616394	0.524443561864929	0.210067217504578	0.478081765111999	-0.335792049463196	0.623636809118347	0.432453926061707	1.09837780710419	0.256919605688171	0.43724904648407	0.0927026449337769	1.07112188815887	0.508533252172546	0.421927995092468	0.485880752294617	0.475561976903992	0.0316974540768433	0.42167812851532	0.19944208164032	0.64391762851532	0.42167812851532	0.326782605034851	0.653298755507507	0.520920214624695	-0.0282199101253052
cg21624902-3-138679358	0.458807575780945	0.378881080541687	0.0735769147702027	0.505955256567078	0.159341498937683	0.419819664526062	0.464424842687683	0.122383777990418	0.433983612646179	-0.0207711338137817	0.827018712987976	0.293169138647156	0.372340161474304	0.43607240598114	0.260150782201843	0.4588288767453	0.588373406225281	-0.156488932336731	0.369373451818542	0.426760307775574	0.427599858007507	0.378160275121765	0.384757439062195	0.403962210241394	0.393070898229675	0.70152098776825	0.411355883703308	0.18049485910614	0.491687429784851	0.370559226476746	0.42307539414032	0.475733279516296	0.408098485570984	1.14023237863739	0.442140460607605	0.20007937094696	0.392896663061218	0.443195521520691	0.730662117590027	0.377165984350281	0.453601367162781	0.443307579320984	0.922756755468445	0.498170108007507	0.493141011388855	0.629350159277039	0.448481180395203	0.471483722570496	0.889293189306336	0.394793007116394	1.00996241184051	0.373672576330261	0.384521795446472	0.299100247045593	1.06856756052216	0.428901576208191	-0.00685118154327385	0.687362474096375	0.411190021703796	0.205222207128601	0.410355065710144	0.469766182653503	0.996015063695984	0.377880862279968	0.293202303075867	0.303957901525574	0.373781144750671	0.445580508764343	0.387557251684265	0.562162008886414	0.471819233495789	0.0266277106686401	0.42167812851532	0.55592758164032	0.28743212851532	0.42167812851532	0.276266478042664	0.38829062851532	0.457742087632507	0.552265809882507
cg21683708-6-36628755	0.459154809423523	0.407841314184265	0.390825148412781	0.454835490209656	-0.358903267419739	0.38762589816864	0.421693076330261	0.451511011632996	0.408814846288757	0.361116099828796	0.272669946630554	0.328762372289734	0.399689395116882	0.363249639623718	0.239343015844421	0.429487110387879	0.519474639867859	-0.317622698694153	1.03683668546112	0.421926541418152	0.440691091650085	0.399163508764343	0.421063672704773	0.734779443883972	1.01440113187225	0.421512221410828	0.473487117345886	0.723879092748718	0.471899663427429	0.415773460119324	0.352286627782898	1.20336251315887	0.450215719213562	1.17245061227997	0.385612694250183	0.546323604589539	0.415076896703796	0.429018755163269	0.746960351232605	0.115483217992859	0.404322600805359	0.192121812963562	0.887817989111023	0.0859033416500855	-0.0118377549685669	0.434704392919617	0.442411414037781	0.324007956213074	0.0574494229489136	0.603248240758972	0.365403645483093	0.714767809972839	0.42791802908905	0.247324480688171	0.381781794164734	0.389032809850769	-0.394009947900696	0.499196707738953	0.395717255346374	0.482738440771179	0.385873299352722	0.692500416296082	1.04027329733856	0.574260095922546	0.938363536718445	-0.035228864831848	0.80860637839325	0.400590742406921	0.385777485326843	0.508817242528992	0.479677467138367	0.894171944311218	0.42167812851532	0.44689608164032	0.39646362851532	0.42167812851532	0.893623634175476	0.293378784648132	0.44272824376532	0.40020901801532
cg21687740-1-157164556	0.455137107763367	0.359985612524109	0.906199446752625	0.4287037885495	0.471938030920105	0.460096196508484	0.446381374670105	0.108194309972839	0.441617144628601	0.44727039816864	1.0980172449704	0.548923670629578	0.387279693456726	0.484807937963562	0.953832314184265	0.221445408727722	0.452141938207703	-0.224322400354309	0.349142983800964	0.721556839757996	0.396866389989929	0.418734807104187	0.464975971044617	0.791262742223816	0.519533430212097	0.690738519750671	0.36033441568573	0.314412391088562	0.311894961767273	1.11459475845917	0.459299926122742	0.367929811498718	0.412396017553406	0.991161910619812	0.435772992590027	0.179250902929382	0.38783919504364	0.424462053503113	0.357162649572449	-0.111655483667297	0.383226899145203	0.552675111303406	0.744183287450867	0.169735639989929	0.249465543371277	0.96269369125946	0.405273712377625	0.483803254552917	0.138552721288757	0.406937539098816	0.405751943822937	0.431418108312683	0.359791327428894	0.767755779028015	0.382364092504578	0.537303108190613	-0.360978649560852	0.587723006078796	0.400739553686218	-0.391282260888977	0.352494597692566	0.369179714635925	0.381287595678406	0.52103639426239	0.481296835058289	0.309306433507996	0.461392676733093	0.406208040746765	0.427345783666687	1.03146854086884	-0.293083234521789	0.276870242651062	0.42167812851532	0.20888608164032	0.63447362851532	0.42167812851532	0.369773114636414	0.38763926510907	0.613059724226257	0.458364631476257
cg21707187-12-54345862	0.454623687475281	0.527668192236023	0.935508026464539	0.468363368261414	0.548068610632019	0.393614776220398	0.414182954382019	0.714131889684753	0.432707724340515	0.485615977880554	0.819800824682312	0.387990250341492	0.37698027316864	0.416627517675476	0.455203893896179	0.434620988439636	0.0339605179196167	0.456937179357605	0.489319563512878	0.38369241946991	0.489058969701843	0.389925386816101	0.413656550756531	0.43443532193573	0.378125009924011	0.0804290994625854	0.414090995397644	0.352922970800476	0.269352541479187	0.399338338171082	0.490069505834656	0.779366391210632	0.49338759726532	0.426058490331726	0.410737572301941	0.899453482641296	0.378190774755554	0.450462633215027	-0.0153297707156372	0.593171096044617	0.501575478857117	0.24342869101532	0.407867867162781	0.433350219701843	-0.00217787691680904	0.475853270971374	0.466743292089539	0.431085834264831	0.479270301000671	0.39054811881073	0.401712523534851	0.357010688024597	0.156624907140808	0.249313358739929	0.551013672216492	0.384729687902527	0.0261859301510621	0.72528858579071	0.443343133398132	0.590941318822937	0.72558817740448	0.383712294347839	0.55261917539032	-0.0633770260256958	0.300010414770203	-0.0120799867800903	0.512602256445007	0.445103620458679	0.381359363378601	0.398941120580749	-0.257977654809876	0.181151822362976	0.42167812851532	0.36005608164032	0.48330362851532	0.42167812851532	0.825406478042664	0.44124062851532	0.404792087632507	0.324332179882507
cg21849844-13-100611865	-0.217088734399719	0.416345770361023	0.587128604589539	0.504674946386414	0.583141188757019	0.412705354345398	0.0105905325070189	0.812929467809753	0.479112302465515	0.129080556005554	0.775535402807312	0.427905828466492	0.80825985129364	0.341168095800476	1.06243647202118	0.513276566564636	0.0879320960446168	0.435075757482605	0.419083141637878	0.44895799759491	0.105776547826843	0.466305964941101	0.0499871288815308	0.52324590006073	0.393114588049011	0.740610677587585	0.408929573522644	0.624115548925476	0.520980119604187	0.641958916296082	0.525791083959656	1.28995496933563	0.48738817539032	0.394882068456726	-0.0917118495730591	0.212112060766296	0.388286352880554	-0.388516788659973	0.431713807409363	-0.254377325830383	0.458692056982117	0.84030526914032	0.383067445287781	-0.105509202173157	0.00631270120819094	0.761130849096375	0.511817870214539	0.462885412389831	0.316318879125671	0.40504069693573	0.393600101659851	0.609965266149597	0.158679485265808	1.18484093686493	0.404077250341492	0.425818266027527	-0.384577491723938	0.72501416391571	0.412796711523132	0.140370896947937	0.86780175552948	1.16865287247284	0.27222575351532	-0.0417144479006958	1.1171109928952	0.15036359134491	0.528049834570007	-0.0033848014163208	0.952007941503601	0.393768698705749	-0.291896076684875	0.0400124004879759	0.42167812851532	0.36753958164032	0.47582012851532	0.42167812851532	0.0308829780426635	0.42167812851532	0.424354587632507	0.462838262882507
cg22022580-19-37266605	-0.445224637597961	1.17151986716278	-0.00799929860870358	-0.405942956811829	0.514432285558777	0.627585451147156	0.365717629308777	0.804950564611511	0.446899399267273	0.476240652807312	1.11924749960907	-0.24954107473175	0.462543948095398	0.470808192602234	0.644469568822937	0.273254663366394	0.433431192846374	-0.365053145715637	0.399059238439636	0.384204094396667	0.239002644628601	0.570808061742859	0.286837225683289	0.892666996862488	0.574637684850769	0.361678774389343	0.428719670324402	0.421983645727234	-0.304601783594055	0.520581013097839	-0.436882819238586	0.33278606613739	0.0677912721920777	0.358011165258484	-0.384842752771301	1.03691715756805	0.571256449682312	0.396169308141785	-0.0048480957888794	-0.290001229028625	-0.285961846216125	0.406686365942078	0.744781542089539	-0.182495105371399	0.675181798009949	1.20450694589813	0.419125967016296	0.0259185091915893	0.520383975927429	0.562531793737488	0.346565198461609	0.886135362951355	0.582126582067566	0.203284033666687	0.335431347143249	0.495909362829285	-0.47446739492218	0.632705260717468	0.40467580832489	-0.406600006250305	1.25167785233124	0.473826969274597	0.791043850317078	0.730112648901062	0.46571908969696	0.0498116881466675	1.13874193137177	0.372766295385437	0.467605038305359	0.347340795507507	0.411010020116882	0.872897497289734	0.42167812851532	-0.21013141835968	1.05349112851532	0.42167812851532	0.902470978042663	0.36596212851532	0.480070587632507	0.0735279028825073
cg22066180-6-166078145	-0.437665817651672	0.34211968710907	0.862614521337585	-0.41819513686554	0.466622105505066	0.336563271093445	0.380059449255066	0.0301213845578004	0.383523219213562	0.439517472753601	0.227769319555359	0.537500745214539	0.401308768041687	-0.424022987451477	0.380778388769226	0.419717483312683	-0.0239139872073364	-0.413380325769348	0.947674058385925	1.09766291434296	-0.52218453542511	0.338722881689148	-0.340116954370423	0.742341816808777	1.14326450479706	0.554318594335632	0.513747490270691	0.606073465673523	-0.173428963647766	0.583510833044128	0.438722000707703	1.17611088608368	0.213797092138367	0.664629985204773	0.292439067174988	0.952006977514343	0.310560269628601	-0.488358871911926	0.77092772415741	0.579490590917664	0.421306973730164	0.0503691858883668	0.928937362035827	0.63771971457489	-0.0815223820437624	1.18444776584442	0.414108786962586	-0.241385670862122	0.877819795873718	0.450763613683777	1.1267730184079	0.343709182897644	0.104464402013855	0.200620853612976	0.311822167089539	0.923006182775574	0.0615244250241089	0.632841080663757	-0.494215371728821	0.504895813695984	0.548222672277527	1.05481078922089	1.04787067026337	0.156609468847351	1.05674690964325	0.611021508092957	0.465844751318054	0.394216115331726	1.02692685825165	0.351788615453796	0.458112840063171	0.194643317236023	0.42167812851532	0.61069258164032	0.23266712851532	0.42167812851532	0.190462978042664	0.37891812851532	0.467114587632507	0.603930329882507
cg22167515-1-91192466	0.470633162939148	0.41303066769989	0.0809665019284058	0.444551843725281	0.496471086095886	0.535163251684265	0.379045429845886	0.708724365148621	0.375092199804382	0.441708453344421	1.03965630014618	0.453394725805359	0.384417748632507	0.372072993139343	0.737558369360046	-0.354563536096496	0.0543179933834839	0.419606654821472	0.639021038976746	0.396778894933777	0.47634644516571	0.399983862279968	0.429927026220398	0.776089797399597	1.09079048538788	0.0521225749264526	0.390427470861511	0.667560446264343	0.199830016943054	1.20700981363495	0.387596981298523	0.4073148666745	0.442756072729187	0.527647965795593	0.435520047765808	0.219936958105164	1.25595025021942	0.421721108678894	0.05943170474823	0.481226571508484	0.150761954320984	0.495980166479187	0.676645342626648	0.60364669516571	0.824877598547058	0.400982746435242	0.382291767553406	0.370077309728699	0.933911776464539	0.415260594274597	0.398285998998718	0.372017163488464	0.439350382604675	0.753006834203796	0.411622147680359	0.396912163366394	0.467739405614929	0.400843061254578	0.423787608862	0.545176794286804	0.761412652868347	0.534674769811707	0.294751650854187	0.378762449438171	0.37427689023407	0.696321488683777	0.394010731908875	0.296270095922546	0.396841838842468	0.402722596044617	0.341783820653992	0.815644297826843	0.42167812851532	0.33378458164032	0.50957512851532	0.42167812851532	0.415036605034851	0.373638755507507	0.432666214624695	0.435117825874695
cg22273360-19-30215355	0.336965070653992	0.348872575414734	0.59637640964325	0.469583751440124	0.48624799381073	0.345301159399109	0.39005933756073	0.0289132728634644	0.422945107519226	0.420903361059265	0.225930207861023	0.258885633520203	0.331164656347351	0.321250900854187	0.19454227707489	0.389948371618347	0.556795901098328	0.304186562536316	1.03495294669159	1.00940780264862	0.427218352880554	0.341582769994812	0.374784933935242	0.302011705114441	0.337015393102722	0.259240482641296	0.344140378576355	0.234104353979187	0.412540924657898	0.328309721349793	0.392147889013367	0.448253774389343	0.441511980444031	0.340410873510437	0.387402955480652	0.516309865820007	0.358928157934265	0.410026016393738	0.743629612463074	0.202424479223328	0.458585862035828	0.600143074194031	0.718345250341492	0.641911602880554	0.821520506261902	0.337574654150085	0.42063367526825	0.449011217443542	0.605659684179382	0.426218501989441	0.731619906713562	0.324541071203308	0.190674290319519	0.52168074191864	0.712005055395203	0.887054071081238	0.451345313329773	0.647555968969421	0.390924516576843	0.527479702001648	1.16392156058319	0.33709067752655	0.715991558569031	0.446515357153015	0.685380797948914	0.502236396398621	0.844419639623718	0.40385600363739	0.333455746557312	1.00990750375946	0.445920728368835	0.032016205541687	0.42167812851532	0.55993108164032	0.28342862851532	0.42167812851532	0.166720478042664	0.38248162851532	0.463551087632507	0.487751866882507
cg22524657-1-47999163	0.498246533666687	0.359497038427429	0.0637668726559448	0.51270121445282	-0.399485543176574	0.350194622411804	0.472389800573425	0.0220547358761596	0.462295570531921	0.51165682407196	0.211759670873718	0.596331096532898	0.367298119360046	0.503630363866882	0.242650740087585	0.498549834631042	0.710577364111023	-0.407844974450989	0.326945409704285	0.347040265661316	0.45016881589325	0.336709233007507	0.461119396947937	0.374193168127136	0.334361856115418	0.689334945653992	0.33280384158905	0.0587548169918823	0.518107387670593	0.339330184362488	0.499690352026062	1.27553923740204	0.456854443456726	0.340882336523132	0.459406418493347	0.451123328832703	0.33201862094696	0.467432479406433	0.847397075475769	0.625418942236023	0.294383325048523	0.785835537206726	1.09487571335419	-0.17015393410675	0.704393969274597	1.21918811716278	0.459440138280945	0.536610680456238	0.878186147192078	0.349301965002136	0.940489369726257	0.314249534216003	1.01691475333221	0.208807204931336	0.394138518407898	0.333524534093933	0.493503776342468	0.703451431982117	0.448652979589539	0.286255165014343	0.353081023595886	0.332746140539246	0.205170021581726	0.11635382016571	1.10118126096161	0.00108185941131594	0.378937102636414	0.456837466650086	0.368843209570007	0.328705966772156	-0.307852808618469	0.928760668554383	0.42167812851532	0.40294058164032	0.44041912851532	0.42167812851532	0.892382208175476	0.159976358648132	0.41219181776532	0.43074544401532
cg22549870-15-89949776	0.492993820776062	0.423012325536804	0.87929915976532	0.474874501562195	0.4406997439328	0.448340909521179	0.4018690876828	0.178028022985535	0.415379857641296	0.529398111181336	0.289838957983093	0.544626383642273	0.393550406469421	0.437578650976257	0.723324027196961	0.497439121740417	0.478024651220398	0.489887312658386	0.38853069681366	0.414912552770691	0.509137103002625	0.421427520116882	0.435224684057312	0.373709455236511	0.468002143224792	0.379958232763367	0.401246128698425	0.170802104101257	0.237241674779968	1.00563647147186	0.538597639135437	0.408884524511414	0.516806730566101	0.406879623632507	0.479748705602722	0.231604615942078	0.403285908056335	0.470388766515808	0.015740362585144	0.624427229345398	-0.284171387842102	0.155407824316101	0.326441000463562	0.644140353002625	0.712350256383972	0.393228404272156	0.50553342539032	0.442586967565613	0.141412434301453	0.411024252111511	0.404219656835632	0.810568821325378	0.195151040441589	1.05234249204071	0.398720805517273	0.411007821203308	0.215756063451843	-0.0508032809085083	0.462384266698914	0.424106452123718	0.415719310705261	0.408798427648621	0.409615308691101	0.239854107275085	0.311778548070984	0.307745146520691	0.959082389745789	0.46678775375946	0.980776496679382	1.06775525388153	0.441988478490906	0.921381955663757	0.42167812851532	0.42363708164032	0.41972262851532	0.42167812851532	0.297281518636414	0.49625966910907	0.545287128226257	0.349744227476257
cg22604316-1-46958801	0.454826849828796	0.352164354589539	0.0442871888180542	0.408556530614929	0.462962772985535	0.334298938573914	0.426394116735535	0.423045052038269	0.439688886694031	0.41925714023407	1.03143198703583	0.521305412695007	0.320170435522156	0.457296680028992	0.345448056249695	0.455442150793152	0.0913886802731323	0.434584341711121	0.322648725866394	0.504630581823425	0.429933132055359	0.325320549169617	0.451211713110046	0.947110484289246	0.327255172277527	0.671930261816101	0.32316115775116	0.434653133153992	0.200082703832703	0.686740500524597	0.466894668188171	0.336366553564148	0.264972759618835	0.536938652685242	0.418745734655457	0.310381644994812	0.32633593710907	0.411557795568542	0.277116391637878	0.606721258398132	0.451944641210632	0.630326853368835	0.823436029516296	0.623417382055359	0.826427285436707	0.30591243332489	0.396602454443054	0.465184996618347	0.098922463354187	0.351146281164246	0.367540685888367	0.309390850378113	0.236238069494324	1.01948452109345	0.321754834570007	0.341022850256043	0.474145092504578	0.583286748144226	0.415017295751648	0.542198481176453	0.343738339757996	0.323167456701355	0.666947337743835	-0.0995868636721801	0.457018577123718	0.752593175573425	0.659350418798523	0.439697782812195	0.343480525732117	0.335880282934265	0.50536250754364	-0.0192410152835084	0.42167812851532	0.62443658164032	0.21892312851532	0.42167812851532	0.300191978042664	0.47547512851532	0.370557587632507	0.710196926882507
cg22620090-6-105400993	0.445347305395203	0.359014810155945	0.91405064438446	0.109587986181335	-0.402772771448059	0.33389039414032	0.439638572301941	0.645433507604675	0.397365342260437	0.472502595800476	1.06709344260223	0.522899868261414	0.351127891088562	0.453491135595398	0.909323511816101	0.0980566063595581	0.745930135839538	-0.269995202722473	0.4225111814328	0.291879037389832	0.397872587621765	0.334963004736023	0.468045168676453	0.952770939855652	1.06881262784393	0.666208717382507	0.961587613317566	0.869833588720398	0.113601159399109	1.206958956091	0.373478123754578	1.08417700913055	0.398969215185242	0.315111108251648	0.364603190221863	0.177896100561218	0.285477392675476	0.420278251134949	-0.0376521527957154	0.452251713964539	5.00967770386551e-05	0.724365308935242	0.258751485082703	0.532440837621765	0.428901741003113	0.280485888891296	0.316840910009461	0.496741452184753	0.458115918920593	1.21118973673065	0.291723141454773	0.318471305944519	0.29720952506073	0.845244976659851	0.877509290136414	0.461908305822449	-0.448086451929016	0.675236203710632	0.403131751318054	-0.419427063257141	1.2136307953244	0.334320912267761	0.913650793310242	0.618709591894226	1.10768003269012	0.147700631139832	1.18599987436493	0.371959238378601	0.330028981298523	1.21747873850067	0.301636963110046	0.192641440282898	0.42167812851532	0.31990658164032	0.52345312851532	0.42167812851532	0.529205651995789	0.321563802468445	0.543499261585632	0.283848741835632
cg22674110-19-7938668	0.00517287338836669	0.329702378149109	0.900602212377625	-0.3108194458255	0.501549796545105	0.310796962133484	0.420351140295105	0.345316075597839	0.445086910253601	0.44767116379364	0.218456010595398	0.588042436254578	0.337919459081726	0.237926703588562	0.949155079809265	0.463942174352722	0.732154703832703	0.451843365270691	1.01680774942596	0.364297605382996	0.409449155614929	0.682465572729187	-0.0411082633303831	0.738478507848816	0.996555195837097	0.302112285375671	0.30613618131073	0.399108156713562	0.487595727392273	0.302433524084168	-0.466107308252258	1.08206457712372	0.417633783178406	0.354024676244812	0.420255758215027	1.02666566855438	1.02919296066864	0.420746819128113	0.753989415197449	0.147329281957703	0.427111664770203	0.655125876928406	0.256576053075867	0.187033405614929	0.409192308996277	0.39217745688446	0.414798478002625	0.431665020177917	0.738459486913757	0.308273304723816	0.836188709447937	0.636022873937683	0.945604093053894	0.213059544653015	0.322240858129578	0.304210873815613	0.446726116064148	0.473194771703796	0.389907319311218	0.000859504736022865	0.601563363317566	0.311389480260925	0.154807361303406	0.53713415988739	0.587980600683289	0.788477199132996	0.299265442358093	0.421234806371765	0.299975549291687	1.06212830649384	0.52095153110321	0.875384008276062	0.42167812851532	0.64694108164032	0.19641862851532	0.42167812851532	0.935704899675476	0.243754050148132	0.44830350926532	0.39463375251532
cg22777433-14-100784665	0.455977715185242	0.449858219945984	0.1083680541745	0.453914395971375	0.26250363834198	0.488086803930359	0.36332998209198	0.613740917394714	0.450032752050476	-0.278035994409485	0.323656852392273	-0.184605721948547	1.1652583008786	0.503480545385437	0.29281392160614	0.457372016149597	0.445519545629578	0.086517207067566	0.407668591222839	0.396246447179871	0.398476997411804	0.434101414526062	0.487741578466492	0.399042349645691	0.421528037633972	0.417630127172546	0.421699023107605	0.182737998510437	0.499634569189148	0.441059365881042	0.436550533544617	0.440489418920593	0.391261624975281	0.415905518041687	0.474468600011902	0.255553510351257	1.25459480246552	0.421011660924988	0.660245256994324	-0.203090876245422	0.437849506567078	-0.0221872812747192	0.351292894872742	-0.0772737525881957	0.436331150793152	0.359744298681335	0.4358573197995	0.534813861974793	0.565266328710632	0.405422146520691	0.388196551244812	0.451482715734558	0.226235934850769	0.90416238644989	0.412645699926453	0.440161715612488	0.046414957861023	0.207654613500671	0.433072161108093	0.523712346532898	0.409874205114441	0.5131083220578	0.638013203100281	0.273383001684265	0.354268442480164	0.170026040929871	0.521706284154968	0.42647464816864	1.09093239108856	0.41128214829071	0.528395372900085	0.156562850072937	0.42167812851532	0.33331908164032	0.51004062851532	0.42167812851532	0.228320561136414	0.36543171160907	0.512803170726257	0.480572184976257
cg22851691-17-46711446	0.426213933813171	0.411337438573914	0.0820762728024292	0.446707614599304	-0.34155414303009	0.446447022558289	0.38289820071991	0.539025136022644	0.377087970678406	0.461674224218445	0.559300071020203	0.315412496679382	0.429980519506531	0.430793764013367	0.83675514023407	0.418079234777527	0.0758387642575073	0.392484425695496	0.997332809850769	0.7874366658078	0.412324216039734	0.465727633153992	0.383427797094421	0.365022568273621	0.404090256261902	0.630609345800476	0.425058241735535	0.708468217138367	0.426604787817078	0.774517584508972	0.450162752172546	0.402518637548523	0.44903284360321	0.432469736669617	0.412315818639832	0.715327728979187	0.375685021093445	0.427660879552917	0.185170475622253	-0.264567657617493	0.436150725195007	0.0437539373532104	0.334425113500671	0.640571466039734	-0.0167836305789185	0.419936517309265	0.368727538427429	0.440899080602722	0.850005547338562	0.447160365148621	0.407719769872742	0.377329934362488	0.314586153478699	0.28416960507782	1.01918591855438	0.735023934240417	0.261126176488953	0.683384832128601	0.388614379736023	-0.112622434839172	0.424620423742371	0.86949354068573	0.32443642172821	0.471697220312195	0.412520661108093	0.7515052595578	0.394585502782898	0.40470286679657	0.378010609716492	0.44835736691864	0.451178591528015	0.108452068700867	0.42167812851532	0.41425708164032	0.42910262851532	0.42167812851532	0.353430727628601	0.596352878101257	0.0424363372184448	0.494243272468445
cg22859289-13-95358476	0.477766018407898	0.42125352316864	0.0758933573971558	0.174235699194031	0.515253941564636	0.425336107153015	0.377554285314636	0.329136220617371	-0.380856944726868	0.357927308813171	0.998114155614929	-0.144849418725891	0.870170604101257	0.422946848608093	1.0337672248288	0.438800319372253	0.0909318488522339	0.490311510290222	0.422778894445496	0.384563750402527	0.42667030063446	0.402819717748718	0.467138881689148	0.406920652868347	0.398529340856628	0.177146430395203	0.602395326330261	0.495825301733093	0.475692872411804	0.458825669103699	-0.361786163232727	0.41188572214325	0.149882928197937	0.388566821264343	0.444098903234558	1.02076781357391	0.449645105688171	0.429420964147644	0.03122956021698	0.615500426977234	-0.167402190210266	0.135703021947937	0.729687198095398	-0.0767474493655396	-0.0102205459841919	0.372807601903992	0.442702623022156	0.290093165197449	0.158592631933289	0.856679449743347	1.19336685446747	0.391531018957214	0.195207238073425	1.11873268967255	0.439747003149109	0.403052018835144	-0.361473738916321	0.534296916723328	0.428993464330749	0.452793649755554	0.418178508337097	0.412067625280457	1.06818750632294	0.0316713049069214	0.32219974570282	-0.0252866558474731	0.437198587377625	0.190776951391296	1.09430469431122	1.20228345151337	0.443867676122742	0.898608153295593	0.42167812851532	0.18614158164032	0.65721812851532	0.42167812851532	0.137933978042664	0.35624012851532	0.489792587632507	0.503483051882507
cg22876812-2-71116188	0.49058658188446	0.456480086645203	0.0954619208737183	0.177689262670593	-0.322463494958801	0.417962670629578	0.490708848791199	0.285220784093933	0.485163618749695	0.453455872289734	0.748481719091492	0.397629144750671	0.44531416757782	0.479132412084656	0.281250788305359	0.0773168828488159	0.0630984123287965	0.499726073766785	0.446574457922058	0.531272313879089	0.506109864111023	0.468855281225281	0.47284844516571	0.36950421634491	0.415782904333191	0.708256993871765	0.404489889806824	0.752335865209656	0.410817435888367	0.824865232580261	0.513369400243835	0.424818285619812	0.5106004916745	0.523626384740906	0.488950466711121	0.238465377050476	0.404984669164734	0.494104527624207	0.464030123693542	-0.232182009546204	0.471917373266296	0.0539095854244995	0.35944076157196	-0.077649885888977	0.0308590174923706	0.385470165380554	0.511210186498718	0.443587728674011	0.201301195409851	0.47393501321991	0.448093417944031	0.383013582433777	0.190918801549988	0.760817253149109	0.422077566625671	0.413710582311707	0.519897824560242	0.41606248019989	0.503797027807312	-0.306720786767883	0.42277607181366	0.409305188757019	1.0579280697995	0.0696638683834839	0.369193309179382	-0.0034660923709105	0.419034150854187	0.487427514867859	0.414073257787781	0.640483014989929	0.340489239599304	0.248465716772156	0.42167812851532	0.40985508164032	0.43350462851532	0.42167812851532	0.238746455136414	0.45638260560907	0.531973064726257	0.389621290976257
cg22896354-17-21367200	0.499595941991882	0.683897446752624	0.13049928098114	-0.299074377221985	0.522525865148621	0.389180030737	0.444259208898621	0.0623321442013549	0.427563978857117	-0.0822127676028442	0.272218079198914	0.138669504858093	0.972052527685242	0.413041772192078	0.662297148412781	0.477205242956238	0.430764772436218	-0.321096566125793	0.37326381802948	0.378744673986511	0.441663224218445	0.391520641332703	0.455902805273132	0.346302576452332	0.602961264440613	0.683207353979187	0.418636249914246	0.140393225317078	-0.107246204004211	0.380786592687683	-0.246576239648743	0.647509645727234	0.373296851781921	0.431145744848328	0.424292826818543	0.183930737157898	0.806013029272156	0.459817887731628	0.344165483800964	0.616901350561218	0.137566733373718	0.391938945531921	0.313668121679382	0.451961474218445	0.901057377599793	1.02077152548798	0.44883854660614	0.396325088781433	0.067469555517273	0.461944373327332	0.586194778051453	0.375058942541199	0.16607316165741	0.763210613256531	0.436502926733093	0.386975942419128	0.506260184667664	0.674203840307312	0.465665387914734	-0.335683426660461	0.378691431921082	0.838072548864441	0.660413429906921	0.483052228490906	0.896601669286804	0.189990267736511	0.378600510961609	0.467411874975281	0.775584617895203	0.369658375097351	0.0239115997067259	0.0254670768795776	0.42167812851532	0.55665208164032	0.28670762851532	0.42167812851532	0.431748151995789	0.419021302468445	0.606922761585632	-0.0797823611643677
cg22951263-5-87985283	0.463360491064148	0.45523199582489	0.479709830053406	0.468924171850281	0.527361414220886	0.433527579809265	0.429581757970886	0.231655693273621	-0.330279472070618	0.451448781469421	0.352067628271179	0.517658053930359	0.410698076757507	0.445133321264343	0.304804697485046	0.310323792028503	0.0553833215084839	0.432987982946472	0.398108367101746	0.416078223058777	0.38949977329071	0.422806190404968	0.427405354345398	0.929878125524597	0.878811813512878	-0.111551096948547	0.671187798986511	0.755870774389343	-0.297127654931946	0.403681141759949	0.177435309423523	0.411096194799499	0.437297400854187	0.403869293920593	0.388446375890808	0.587117286230164	0.885128578344421	0.420442436803894	0.0518470328732299	0.143721899633484	0.240257282445984	-0.066255505395813	0.375772670751648	0.69899102329071	0.824316926672058	0.467524074560242	-0.405739904321594	0.493805637853699	0.910919104589539	0.472441922399597	0.753261327123718	0.423414491613464	0.231267710729675	1.1118371623288	0.416703475805359	0.422667491491394	0.461498733739929	0.246863389379578	0.419487936986999	0.537937122411804	1.21756798099335	0.407349097936706	0.271900978979187	-0.0374522224368287	0.36890321835907	-0.00707818319122311	0.419033060033874	0.451154424047546	0.419644166967468	1.20384892416962	0.530813148778992	0.0789186259518432	0.42167812851532	0.23871258164032	0.60464712851532	0.42167812851532	0.325325651995789	0.525443802468445	0.313637261585632	0.631864242835632
cg23064609-2-175208594	0.558763171117859	0.436373675878601	0.144059510107117	0.414353851903992	0.559822094274597	0.425353259862976	0.531814438024597	0.886117373327332	0.532969207983093	-0.00932953847686763	1.13749830832489	0.51394873398407	0.408876756811218	0.540496001318054	0.299421377538757	-0.191773527917786	0.282711001562195	0.523720663000183	0.404201047155457	0.416171903112488	0.503503453344421	0.410204870458679	0.561100034399109	0.376351805578308	0.404249493566589	0.277697583105164	0.440983479040222	0.154926454443054	0.487887025121765	0.964966821813659	0.554973989477234	0.48610087485321	0.522104080907898	0.409221973974304	0.522473055944519	0.542885966283875	0.420395258398132	0.520259116857605	0.073885712926941	-0.176764420312805	0.525753962499695	0.823597174657898	0.322324350805359	-0.0601562966555786	0.00839060672576913	0.422912754613953	0.513078775732117	-0.12892368209259	0.955036784643249	0.426640602453308	0.405558007177429	0.391980171667175	0.775462390783386	0.671705842382507	0.42114015585907	0.415075171545105	-0.35783658620636	0.658924069433289	0.51312261704071	-0.243454197534485	0.402582661047058	0.402591777990417	0.632654659032898	0.0123784576168823	0.649585898412781	0.208323496862488	0.406402740087585	0.327460104101257	0.417768847021179	1.20225660422333	-0.290757171167297	0.517838306005554	0.42167812851532	0.17622758164032	0.66713212851532	0.42167812851532	0.275191978042664	0.44760912851532	0.398423587632507	0.632935264882507
cg23151295-14-76796070	0.484425425878601	0.399130930639343	0.060767764867859	0.443407106664734	0.518595349035339	0.392038514623718	0.425285692785339	0.195200628088074	0.424058462743835	0.417301716283875	0.256107563085632	0.477059988744812	0.36555401157196	0.466236256078796	0.2361366322995	0.491423726842957	0.366854256322937	0.0357239177609253	0.546778301916199	0.79375615787323	0.430969708105164	0.373377125219421	0.480295289159851	0.37339006033905	0.378227748327332	0.664815837865906	0.551003733800964	0.313239709203796	-0.125966720117493	0.532288076574402	0.425655244237976	1.09734412961395	0.17968533566864	0.868954228735046	0.443973310705261	0.254458221044617	0.372412513158875	0.434831371618347	0.698387967687683	0.041344834447937	0.431819217260437	-0.0325705705813598	0.425100605566101	0.604962958105164	0.154002861486511	0.345777009374695	0.445010030492859	0.373770572668152	0.0820320394039917	0.37970085721405	0.705701261938171	0.377945426427918	0.183843645544128	0.312982097143249	0.381676410619812	0.374798426305847	0.0224296685543824	-0.106377675805969	0.458484871801453	0.500792057226257	0.5693919158078	0.89332303275116	0.24413491379364	0.394071712377625	0.741153153173523	0.59971675162323	0.475486994848328	0.489284358861999	0.376285101781921	0.54535185898407	0.468189083593445	0.293831560766296	0.42167812851532	0.47931608164032	0.36404362851532	0.42167812851532	0.394726081128601	0.321159231601257	0.466604690718445	0.452947918968445
cg23161999-2-162283189	0.461532176366882	0.388207681127625	0.89959151535614	0.497103857153015	0.497030099523621	0.425486265112	0.453318443273621	0.756232378576355	0.446647213232117	0.420702466772156	0.979820313573914	0.401952739233093	0.354897762060242	0.452756006567078	0.230232382787781	0.397009477331238	0.0994420068112183	0.463447668249207	0.36544905240448	0.358752908361511	0.421872458593445	0.380661875707703	0.481911039648132	0.330832810827332	0.359978498815613	-0.086971411645813	1.09229548428925	0.135998459692078	0.111653030370788	1.02330782706268	0.420746994726257	0.875213880102234	0.390666086156921	1.00580897922333	0.442615061193543	0.201265971532898	0.350730263647156	0.444877122106628	0.251434718175964	0.559614584936218	0.451891967748718	0.387048179906921	0.375015356054382	-0.123597291406555	0.848294611974793	0.779331759862976	0.44413978098114	0.464804323156433	0.933044789892273	0.729495607702332	1.05026501242645	0.352057176916199	0.26015939603241	0.220386847631531	0.357825161108093	0.344875176794128	0.424594419042664	0.151553074682312	0.435161622289734	0.242478807714539	0.369244666296082	0.354795783239441	1.03867966428192	-0.111735537134094	1.0723039036618	0.0355805021115113	0.353640745336609	0.441674109350281	0.746329852270203	0.548734609472351	0.271725834081726	0.000291311254577598	0.42167812851532	0.16779508164032	0.67556462851532	0.42167812851532	0.614687011675476	0.219579162148132	0.41199362126532	0.43094364051532
cg23325963-2-45160093	0.477944958471374	0.416534463232117	0.324961297460632	0.362785639257507	0.552078881628113	0.409202047216492	0.469843225378113	0.563731160680847	0.449719995336609	0.488319248876648	0.829801095678406	0.511320521337585	0.398345544164734	0.46992078867157	0.726725164892273	0.49590825943573	0.115166788915711	0.423214450353699	0.390483834508972	0.412931690466003	0.511751240697937	0.425447657812195	0.456006821752625	0.377174592931824	0.399306280920105	0.129490370458679	0.432043266393738	0.48078824179657	0.499292812475281	0.434882609167175	0.28224677683075	0.407714662206726	0.491960868261414	0.39852976132782	0.481437843298035	0.33052875363739	1.19716404575165	0.502448904211121	0.0124245002804566	0.13134136704071	0.53798574985321	0.176383962011414	0.337226138158875	0.627257490697937	0.883597394079285	0.367930541967468	0.487089563085632	0.444660105260925	0.901455571996765	0.401001389806824	0.449193794530945	0.407898959020691	0.306892178136902	0.269006629736023	0.409392943212585	0.405559958898621	0.284257201147156	-0.0850141432131959	0.486833404394226	-0.318171410180969	0.402777448400574	0.396368565343933	1.08336344638641	0.526279244970398	0.319087685766296	0.718814284216003	0.393608527441101	0.445550891454773	0.420271634374695	0.418519391576843	0.443456616186218	0.12507609335907	0.42167812851532	0.48873858164032	0.35462112851532	0.42167812851532	0.329189989675476	0.568223140148132	0.51620259926532	0.32673466251532
cg23561934-2-121199920	0.449406946508484	0.421203451269226	0.0801052854977418	0.466024627294617	-0.338873130334778	0.915293035253601	0.424142213415222	0.0946961487179564	0.379424983373718	0.441117236913757	0.278762083715515	0.496685509374695	0.387089532201843	0.444040776708679	0.985400152929382	0.433567247472839	0.19407377695282	-0.349496561609192	0.377848822546082	0.399280678503113	0.477164228735046	0.400656645849304	0.421233809789734	0.992698580968933	0.387884268957214	0.0952233584957885	0.390832254430847	0.499121229833679	0.41144080051239	0.395681597204285	-0.0424952351321411	0.399251650243835	0.470446856298523	0.545028749364929	0.366073831335144	0.201211741674499	0.391715033788757	0.44151589224823	0.174085488317566	0.51975135507782	0.50087473789032	0.0745609500485229	0.586034126195984	-0.109791521264953	0.00876338211639405	0.369395530004578	0.456152551122742	0.432192093298035	0.655246560033874	0.862976377843933	0.394882782568054	0.4260519470578	0.160547166174011	0.630397617773132	0.401680931249695	0.39780594693573	0.501000189184265	0.609182844823913	0.429921392431335	0.56334957785614	1.20788043643768	0.390878553381042	1.05259943442352	0.511682233007507	0.472516673803406	0.693030272253113	1.10951451547821	0.211333879491882	0.394883622411804	1.02160037961395	0.412614604223328	0.0442810813961791	0.42167812851532	0.60264008164032	0.24071962851532	0.42167812851532	0.979882078175476	0.344710228648132	0.40200768776532	0.44092957401532
cg23605843-1-26735630	0.445853504858093	0.451503009618835	0.181193843847351	-0.276061814355774	-0.0338865719851685	0.54453159360321	0.422397771764832	0.121149707067566	0.421883541723328	0.0429427952633667	1.01437464206512	0.469424067724304	0.443550090551453	0.402452335058289	0.362126711278992	-0.368042194177551	0.129219335302429	0.133692996740417	0.407457380895691	0.448811236852722	0.372533787084656	0.462999204198914	0.433993368139343	0.458083139318542	0.397347827306824	-0.127071083154602	0.876671812780457	0.495172788183289	0.422696358862	0.402023155553894	0.0263173232174684	0.383779208593445	0.400794414648132	0.396808307714539	0.382491389684753	0.454291300024109	0.396317592138367	0.399970450597839	0.383442046667175	0.564146913427429	0.421004296239929	0.0357925083981323	0.420625684545593	0.685704037084656	0.836908940466004	1.16165508835419	0.373176109472351	0.445997651647644	0.111551118383484	1.14944793619354	0.367550340917664	0.42233550540741	0.181327724523621	0.253482176122742	0.495778489599304	0.997639505285339	0.434270747533875	0.633262403173523	0.411630950780945	0.51224513620575	0.446917994787292	0.412666111730652	1.07483899277313	0.111480791357117	0.437334232153015	0.668077830602722	0.79320007382782	0.405694437841492	0.416643180761414	0.440712937963562	0.473426162572937	0.0271466397457886	0.42167812851532	0.23299958164032	0.61036012851532	0.42167812851532	1.04900679963641	0.52856195010907	-0.200800590773743	0.317441946476257
cg23615741-10-101297642	0.451644817602234	0.395331322362976	0.877830156591492	0.214363498388367	0.507977740758972	0.638124906347351	0.426027084508972	0.178976019811707	0.431109854467468	0.416255108007507	1.05698395480927	0.200858380468445	0.489259403295593	0.450139647802429	0.558484024023132	0.430237118566589	0.0253486480465699	0.410046309484558	0.499340693639832	0.387469549596863	0.420568099828796	0.430542516943054	0.401381680883484	0.434592452062683	1.18931614005096	0.547878229589538	0.328963125524597	0.337881100927429	-0.0169083283938599	0.803143468298035	0.449176635961609	1.05308152133759	0.423829727392273	0.306591620458679	0.438908702428894	0.12497061276825	0.297599904882507	0.42855876334198	0.337597359411316	-0.29803077382843	0.41976960898407	0.429625821142273	0.413811997289734	0.645266349828796	0.826419253210144	0.984463401098328	0.425894422216492	0.475226964391785	0.351115431127624	0.472473248937683	0.293550653661804	0.39246281815155	0.419911037267761	0.239727488866882	0.408238802343445	0.34410481802948	0.171146060278015	0.136338715917664	0.408230263525085	0.27945544894989	0.318542307531433	0.320456424474792	0.998576305517273	0.0694481041012574	0.230326544897156	0.583977143346863	0.42344938657196	0.424686750585632	0.411713493505554	0.808405250707703	0.507897475317078	-0.0482940475100708	0.42167812851532	0.36902608164032	0.47433362851532	0.42167812851532	0.378569127128601	0.588567277601257	0.285664736718445	0.469104872968445
cg23858410-22-46276678	0.446953986913757	0.7339114916745	0.885296325903015	0.44940866769989	0.541107910070496	0.424773075658875	0.399433253820496	0.36615518912323	0.429711023778992	0.250229277319031	0.320459124120789	0.446650549779968	0.419987572607117	0.382871817113953	0.257634193334656	0.494861287878113	0.320138817358093	0.465637478796081	0.380846862951355	0.403990718908386	0.37868626914032	0.396735686254578	0.415561850195007	0.923195621374207	0.416089309362488	0.688606398901062	0.427766294836121	0.169650270238953	-0.324101159082336	0.433003637609558	0.449312805273132	0.385355690649109	0.187918896703796	0.511438789770203	0.462561871740417	0.234606782079773	0.405375074194031	0.433376932653503	0.207947528722839	0.592167395483093	0.205515778295593	0.122957990453796	0.611129166601257	0.67994551914032	0.357058422521667	0.373510570409851	0.435773591528015	0.343565133703308	0.112879600439148	0.689519418249206	0.396193822973328	0.458365987463074	0.351464206579285	0.891223658178406	0.399416971654968	0.403470987341003	0.466519229589539	-0.135389114770813	0.423037432836609	-0.253806381738586	0.427124476842957	0.445233593786316	0.565174474828796	0.340054273412781	0.672113714208679	0.500149312658386	0.431385555883484	0.439208919897156	0.407337662817078	0.789420420019226	-0.131347355371399	0.815343121801453	0.42167812851532	0.27042658164032	0.57293312851532	0.42167812851532	0.371805605034851	0.639347755507507	0.475897214624695	0.269620476874695
cg23999695-15-89943625	0.489753519750671	0.416365024511414	0.0827938587399293	0.509122200536804	-0.28828655709259	0.427749608495789	0.43715678665741	0.510997721960144	0.425726556615906	0.410054810155945	0.366581656957703	0.581506082616882	0.395371105444031	0.457280349950867	0.51776372617157	0.510862820715027	0.602719350195007	0.481897011632996	0.406435395788269	0.4122312517453	0.508580801977234	0.406168219091492	0.448459383031921	0.604133154211121	0.394037842199402	0.00157693173797607	0.412824827673035	0.131218803075867	0.433138373754578	0.506900170446472	0.477894338110046	0.414937223486023	0.52271442954071	0.406897322607117	0.444295404577331	0.204228314916687	0.398642607030945	0.468048465490418	0.397451061559753	0.539399928320007	0.515650311132507	-0.00414647670928953	0.322013699438171	0.571026051977234	0.173784955358582	0.494514103246765	0.465837124364929	0.469914666540222	0.818761133276062	0.403793951086121	0.392421355810242	0.384737520299988	0.157002739416199	0.30976019101532	0.402821504491882	0.463856520177917	0.528106762426453	0.535403418066101	0.464172965673523	0.312757151098328	0.401870009679871	0.40360412662323	1.11181600766571	0.480703806249695	0.686538247045593	0.2173268454953	0.390663088720398	0.46091945273407	0.395767195653992	0.39694795285614	0.304278177465515	0.341897654638367	0.42167812851532	0.62224608164032	0.22111362851532	0.42167812851532	0.328087151995789	0.522682302468445	0.624308761585632	0.289804089835632
cg24100841-6-29649024	-0.339851283105774	0.749159221654968	0.107036055883484	-0.206544602319641	-0.291351359949036	1.23692880563934	0.285416983800964	0.421682919103699	0.24447975375946	-0.283146992700501	0.885041854101257	-0.0600347202395629	0.735826302587586	0.170182547094421	0.346713923315125	0.430834017858582	0.894398547338562	-0.33901479122345	0.823723592931824	0.350319448888855	0.131802999120789	0.671131416235046	0.249508580175476	0.358738351354675	1.17670703934296	-0.182472871118469	0.370801024816589	0.969116000219421	-0.295294429101868	1.23457536759003	-0.332989464746399	0.565799420629578	-0.139212373315735	1.20227451975067	0.0502976017208863	0.310678512060242	0.4254398041745	0.135004662633972	0.452015258703308	0.601326125463562	0.0509655082760621	0.506615720434265	0.835802896581726	0.722383249120789	-0.0311688474978637	0.48614730039032	-0.411737678491516	0.517985863683777	0.592640330419617	1.21940614822967	0.422410552953796	1.21248571744354	0.998481936559753	0.290569388158875	1.17385770163544	0.397001717321472	0.469467959570007	-0.163446384790344	0.413734162817078	-0.276409651758118	0.930224206823425	0.584913323766785	0.574815204809265	0.39067600339325	0.349842444189148	0.837653042638855	1.24898028586395	0.199552649877624	0.406123392797546	1.20673614999969	0.52554937460907	0.760721851781921	0.42167812851532	0.12730208164032	0.71605762851532	0.42167812851532	0.839183978042664	0.43112312851532	0.414909587632507	0.373526371882507
cg24105287-2-66809985	0.0113110368405152	0.386943541601257	0.888255375829773	-0.302783282373352	-0.202910040002747	0.361098125585632	0.433108303747253	0.712694239049988	0.40359707370575	0.449350327245789	0.947235174047546	-0.057541400293274	0.730724622533874	0.42248086704071	1.01081224326141	0.422943337804871	0.691599867284851	0.419500528722839	0.343080912878113	0.383863768835144	0.398802319067078	0.367227736181335	0.476945900121765	0.981883671300964	1.11406035928925	0.0518164488278198	1.18015334476288	0.59068632016571	0.449810890844421	0.341173687536316	0.36792585519989	0.969685740575867	0.169053946630554	1.16116283969696	0.430959921667175	0.290655832006531	0.460147124120789	0.386328982580261	0.820998578649597	0.553951445409851	0.423526828222351	-0.121587959619446	0.873767216528015	-0.143631430932922	0.812664472448425	0.330540620336609	0.398159641454773	0.421900183630066	0.0219526503659057	1.17389846817596	1.13946087290009	0.364005037389832	0.947487256506042	0.229388708105164	1.10178702158173	0.357001037267761	0.432539279516296	-0.0720580648440552	0.396124482763367	0.495293668188171	1.14273652676971	0.412160643713074	0.231996524755554	-0.116245676660461	0.273598764135437	0.755231362585144	0.344933605810242	0.400908969823914	1.07642071274384	0.388302469945984	0.455735694555359	0.0101101717282104	0.42167812851532	0.12940908164032	0.71395062851532	0.42167812851532	0.758264280636413	0.52175343110907	-0.497201109773743	0.324250465476257
cg24155129-1-153505790	0.470243869848328	0.41190137460907	0.793502208837585	0.48873155063446	-0.340228206994934	0.407080958593445	0.477592136755066	0.2085410720578	0.472481906713562	-0.355751839746399	0.273169007055359	0.459532432714539	0.393350455541687	0.460028700048523	0.313060076269226	0.495578170812683	0.136227700292664	0.185837361730652	0.422698745885925	0.398434601842957	0.48549515207489	0.406998569189148	0.442320733129578	0.365482504308777	0.391168192297058	0.499099281835632	0.390115177770691	0.752695153173523	0.420524723852234	0.392925520544128	0.326937688207703	0.506047573583679	0.504976779638367	0.396508672704773	0.475376754674988	1.02310966501434	0.401411957128601	0.448932815588074	0.747641411657409	0.614532278417664	0.485795661230164	0.805651873388367	0.818266049535828	0.69312640207489	0.875193305456238	0.366251453344421	0.493124474462585	0.463206016637878	0.880127483373718	0.426390301183777	0.393491705907898	0.384990870397644	0.323000089513855	0.275883541112976	0.400399854589539	0.393228870275574	0.278387112524109	0.389516768163757	0.463812315771179	0.575691501195984	0.398009359777527	0.392308476720886	0.790494357763367	0.546748156347351	0.650611597143249	0.171847195592956	0.391713438818054	0.451669802831726	0.935956545751648	0.418962302953796	0.0341895275631712	0.0368300047360228	0.42167812851532	0.60803958164032	0.23532012851532	0.42167812851532	0.326471151995789	0.524298302468445	-0.119391238414368	0.683087693835632
cg24156181-17-14989749	0.0889060870114136	1.11934159177216	0.102098426000671	-0.332384232202454	-0.329946989831848	1.17572817575653	0.140470353918152	0.520840289220886	0.428438123876648	-0.362029622583313	0.993486224218445	-0.0219763501223755	0.530289672704773	0.457995917211609	1.05370229343231	-0.383184612024231	0.637042917455749	-0.319831421106262	0.621239963049011	1.10251381900604	0.360501369237976	0.544588786352234	0.387489950292664	1.11925872147186	0.457434409460144	0.375400498998718	0.376494394933777	0.424025370336609	0.48138194101532	0.382535737707214	-0.235245094629212	1.19161179074676	0.0405229968014527	1.17858788986786	-0.251803028161926	0.221958882177429	0.371069174291687	0.37888603275116	0.799055628820496	0.576089495580749	-0.268588121606751	0.762493090551453	0.703995266698914	0.691395619237976	-0.0158124773806763	0.985222670507507	-0.389514308374329	-0.210694766199036	0.0668957005368042	0.418905518346863	0.413259923070984	0.60998708756073	0.222286306676941	1.07840875827606	0.502643071752624	0.65703108743866	0.416609329687195	0.438277985326843	0.274211532934265	-0.29101128164093	0.945738576940613	0.535424693883972	0.249396574926453	0.243891373510437	0.919256814306335	0.753878412756043	1.14661165598114	-0.378954980005188	0.540211762914734	1.19828252011688	-0.267689255273743	0.0060692218991088	0.42167812851532	0.29559458164032	0.54776512851532	0.42167812851532	0.466835605034851	0.743476755507507	0.380867214624695	-0.427818624125305
cg24157892-17-59473707	0.492890196874695	1.05307170163544	0.0859895358639527	0.497478877660828	-0.368182879968567	0.380183285619812	0.420122463781433	0.819356399084167	0.416483233739929	0.257170487279968	0.682134334081726	0.517571759740906	0.364115782568054	0.46918402707489	0.617653403295593	-0.41001650216095	0.0359290273190309	0.468239688757019	0.527535072912293	0.397549928869324	0.486844479101257	0.385839896215515	0.0772470601559449	0.333029831335144	0.364292519323425	0.603712608862	0.426131504797058	0.75745648019989	-0.281836949121399	0.676909847570496	0.26166001523407	0.366143900610046	0.497528106664734	0.68777799973114	0.470836081701355	0.16537999204071	0.358393284154968	0.462791142614441	-0.0433382613162231	-0.277141394555969	0.503105988256531	0.656971200414734	0.861735376562195	0.737578729101257	-0.0139163675173949	0.366831780370789	0.481926801488953	-0.191840656335754	0.973861810400086	0.454913628210144	0.377258032934265	0.502495197424011	0.409369416540222	0.595939868139343	0.392810181615906	0.632883197301941	0.420612439550476	0.347020095190125	0.412435642797546	0.557626828222351	0.387886686803894	0.568157803747253	0.233761684789734	-0.0686395166262818	0.317728924169617	-0.0415154773806762	0.511552765844421	0.436376129858093	0.368055872778015	0.431970629980164	-0.334128145410461	0.85451533176239	0.42167812851532	0.38457358164032	0.45878612851532	0.42167812851532	0.225595978042664	0.48975812851532	0.356274587632507	0.591056754882507
cg24181771-6-28706472	0.489231287572937	0.492234792333679	0.891284626562195	0.50889596835907	0.569650210729675	1.15017337631805	0.509415554479675	0.11768748978241	0.473477324438171	0.372935577978211	0.386557424779968	-0.156871149560852	0.417943873266296	0.499750117773132	0.438710493993835	-0.341550411462708	0.077467118017273	0.512501779455261	0.417937163610535	0.799216019567566	0.4568895697995	0.812721986913757	0.492730150854187	0.396241922033386	0.415866610021667	0.379108699560242	0.4157475954953	0.497082570898132	-0.306163858423157	0.816762938268738	0.245875105932312	0.423328991308289	0.502123197362976	0.416141090429382	0.428460172399597	0.225916082738953	0.42235237485321	0.478079233312683	0.176817829382019	-0.116898303857727	0.527326078954773	0.0388102911129762	0.389181467260437	0.6199948197995	0.0391307231808472	0.396008871069031	0.494074892187195	0.491085434362488	0.840026901098328	0.769976718908386	0.701294123632507	0.431924288122253	0.247019507238464	0.374798958837585	0.429561272314148	0.422967288000183	-0.358415469751282	0.709734185888367	0.489849733495789	0.579496918920593	0.420578777502136	0.426620894445496	0.296161775487976	0.41300257407196	0.361062014867859	0.00766961331756594	0.749628856542664	0.160017220556335	0.420371963476257	0.420342720678406	-0.263827054712219	0.0709254224606323	0.42167812851532	0.23486258164032	0.60849712851532	0.42167812851532	0.531912765636414	0.37989291610907	-0.0221156247737427	0.466110980476257
cg24215159-2-4050695	-0.362972791894836	0.485178712865906	0.209558547094421	-0.260999111108704	-0.261160868738098	1.32112229685028	0.201786475011902	0.359811410314636	0.501862244970398	-0.272571501489563	1.1850903453122	-0.0971892290286254	1.28399079379852	-0.297618961694641	1.17272241452606	0.319315509069519	0.9106580385495	-0.233984300012512	0.697689084142761	1.08690794009979	-0.446485509668274	1.26045790744598	0.501486071386414	1.05243184256561	1.18886853055389	0.431338620092468	0.483404516027527	0.515369491430359	-0.12789693789093	0.807235858800964	-0.348211973535461	0.413015911840515	-0.438630882104797	0.542485010961609	-0.319977907068176	0.287058003271179	0.409571295385437	-0.41653984615509	0.143307749914246	0.289895616674499	-0.427734000513	0.243841211645203	0.874004387792664	0.196263740331726	0.637780643713074	0.372697791601257	-0.418739187280579	0.616388354894714	0.711155821630554	1.02987963944061	1.05812204416473	1.19563020865448	0.194545427770691	1.15867987936981	1.11681719284637	1.24393820853241	-0.384714549219055	0.0707791064205933	0.121629654028015	-0.33155416054718	1.12954669803436	0.776713814977722	0.347900696020203	0.794198494604187	1.12356793540009	0.174291533849792	1.24704177707489	-0.059828858911438	1.19905088400848	1.27315764121063	0.568821865820007	0.0489793429928588	0.42167812851532	0.14212808164032	0.70123162851532	0.42167812851532	0.261336309175476	0.835927459648132	0.42218091876532	0.42075634301532
cg24472375-6-108485102	0.472659639745789	0.432639144506531	0.0966369787350465	0.502783320531921	-0.310199437097473	0.454874728490906	0.467360906652527	0.316563841955261	0.469197676611023	0.264424930151062	0.41825277695282	0.470051202611999	0.425960225439148	0.489003469945984	0.296936846166687	0.493521940710144	0.251912470190125	0.496946131628113	0.417477515783386	0.563629371740417	0.456464921972351	0.439456339086609	0.431749503027039	0.391404274206238	0.428585962194519	0.0402840517330932	0.408411947668152	0.156684923070984	-0.186233506250305	0.451571290441589	0.356339458105164	0.41330834348114	0.467155549535828	0.412859442602234	0.459086524572449	0.225338434911804	0.409808727026062	0.461912585485535	0.0484241815548706	-0.230884951684875	0.496533431127624	0.165791643285828	0.440679819433289	0.459574171972351	0.883136075353699	1.09998922324188	0.469835244360046	0.528985786535339	0.0951142532711792	0.900902071081238	0.407477475805359	0.423893640295105	0.187092859411316	0.266844311010437	0.414503624487	0.417449640173035	-0.33981311757843	0.694800538061218	0.44040608566864	0.207391271093445	0.407634129674988	0.393736246618347	1.14347212766083	0.191202926244812	0.83832436704071	-0.000707034509582483	0.396390208715515	0.423214572729187	0.445207315649109	1.22611407285126	-0.155131702539368	0.0544467746334838	0.42167812851532	0.0631370816403199	0.78022262851532	0.42167812851532	0.119594978042664	0.35387212851532	0.492160587632507	0.499109993882507
cg24472574-10-103070503	0.417339729101257	0.422720233862	0.546519068090515	-0.00430959011260984	0.0741166522579956	0.446947817846375	0.455337996007996	0.12647593131073	0.406776765966492	0.325907019506531	0.483182866308289	0.513343291967468	0.929355314794617	0.442331559301453	0.944656935522156	0.368472030065613	0.728947559545593	0.417101220983581	0.369261605138855	0.453015461095886	0.38181501132782	0.469079428442078	0.434266592382507	0.398804363561707	0.467409051549988	0.653841141088562	0.402444037023621	0.161433012426453	0.510012583105164	0.710673379797058	0.306607547460632	0.475299432836609	0.417974638891296	0.447607531957703	0.442512613927917	0.386815524267273	0.491426816381531	0.393320674841003	0.677621270910339	0.543759137670593	0.417406520483093	0.708980732641296	0.335062908788757	0.27254526132782	0.303887164709167	0.384169312597351	0.428123333715515	0.487196875890808	0.133751342626648	0.419908160436707	0.428938565160828	0.443369729650574	0.340942948766785	0.305133400365906	0.479241713842468	0.418815729528503	0.418508971777039	0.153888627416687	0.418752175024109	-0.239082639551087	0.402463219030457	0.429202335973816	0.261772217016296	-0.00694898439971925	0.384511456396179	0.696308054845886	0.420917298070984	0.437190662084656	0.534421405004578	0.464145162206726	0.521507386816101	0.532736863988953	0.42167812851532	0.47251008164032	0.37084962851532	0.42167812851532	0.404978165128601	0.601362315601257	0.110555774718445	0.442695834968445
cg24505892-10-102976702	0.5051316791745	0.406412183935242	0.0694790181637573	0.511937359960632	0.443401602331238	0.413292767919617	0.512050946081238	0.314473881383972	0.497887716039734	-0.233988030420227	1.09134181638153	0.50694724204071	0.437311264867859	0.478439509374695	0.638652885595398	-0.0751250198611451	0.103613509618835	0.482002171056824	0.397784555212097	0.410152411169128	0.494598961401062	0.43205437851532	0.509391542455749	0.375573313634949	0.53027400162323	-0.0929409088381958	0.492444987096863	0.150443962499695	0.544409533178406	0.3791703298703	0.451198497533875	0.404687382909851	0.496300588964539	0.388888482030945	0.50072556400116	0.209878474340515	0.510785766454773	0.491806624914246	-0.0111237790164185	0.104728087743835	0.492975470556335	0.100376682714539	0.308604858862	0.119540211401062	0.00248611478240962	0.380393262670593	0.472361283788757	-0.0016771740359498	0.63976629269989	0.402761110509949	0.43179651523407	0.379617679723816	0.168943898840027	0.255962350439148	0.56705666391571	0.399352679601746	0.478448921850281	0.679881577489929	0.483841125097351	-0.118238689477844	0.389605169103699	0.407823286047058	0.638606167089539	0.579577965673523	0.533347406469421	0.0188630049191284	0.382306248144226	0.478135612157898	0.45082235507782	0.386122112279968	0.559601336889343	0.0381568140621947	0.42167812851532	0.24912758164032	0.59423212851532	0.42167812851532	0.356237151995789	0.494532302468445	0.513516761585632	0.331427901835632
cg24625136-3-138658554	0.460469915380554	0.358068420141296	0.118578254369812	0.492608596166687	0.494407838537293	0.371606004125671	0.431786182287293	0.103769117590027	0.420447952245789	0.222485205785828	0.224583052587585	0.502098478246765	0.331609501073914	0.41543974558075	0.719259121801453	0.42364621634491	0.53244574582489	0.383352407262878	0.338119791418152	0.351766647375183	0.448503197607117	0.348860614721375	0.447102778661804	0.396093549841003	0.709081237829285	0.340808327367859	0.347634223302918	0.70275119870575	0.462630769384461	0.365226566076355	-0.148085266260071	0.352929619115906	0.444200825170593	0.340998718237	0.380118800207214	0.15741871054657	0.336675002660828	0.4423608611203	-0.0340315428103638	0.59318532394989	0.46887970676239	0.547242918920593	0.769064095068054	0.632143447607117	0.813401350988464	0.670347498876648	0.428647519994812	0.463323062170105	0.937196528905945	0.355732346716004	0.476731751440125	0.334893915929871	0.158335135046082	0.492043586645203	0.648504900121765	0.3429279158078	0.465486158056336	0.684181813695984	0.420518361303406	-0.29431045327179	1.14743940530975	0.342702522253113	1.01665540329559	0.0412132018795777	0.814109642675476	-0.0482437588748169	0.336957484350281	0.441937848363953	0.351695591283875	0.338356348486023	0.537061573095398	-0.00832894973175047	0.42167812851532	0.46638808164032	0.37697162851532	0.42167812851532	0.327667651995789	0.523101802468445	0.611062261585632	-0.129581709164368
cg24643706-6-28603779	0.373839279638367	0.329791784399109	0.854217618627625	0.385336960424499	0.500521202795105	0.324529368383484	0.412015546545105	0.00271348184783948	0.320435316503601	0.43412657004364	0.421313416845398	0.448048842504578	0.680186865331726	0.424587109838562	0.615573486059265	0.421668580602722	0.409414110082703	0.384142771520691	0.314197155675964	0.330533011632996	0.00592356186492921	0.307946978979187	-0.121575857080383	0.299531914098816	0.439352602087097	-0.234145308374329	0.42199658756073	0.360162562963562	0.421148133642273	0.959316930334167	0.293780097997742	0.316926983373718	0.423759189428406	0.418696082494812	0.419012164465027	0.318376074804382	0.48343236691864	0.407735225378113	0.779950821447449	0.571508688207703	0.438982071020203	0.733969283178406	0.317044459325867	0.568608811864929	0.827306715246277	0.69172386313446	0.419712884252625	0.405131426427917	0.761774893163757	0.326073710973816	0.558107115697937	0.333460280187683	0.804234499303894	1.05357495090302	0.362295264379578	0.467384280065613	0.455566522314148	-0.224737822046204	0.412893725561218	0.496413910986023	0.382321769567566	0.479912886510925	1.05641776755341	0.55902456613739	0.479107006933289	0.261796605382996	0.982056848608093	0.399399212621765	0.312041955541687	0.524326712743835	0.45302093735321	0.783077414526062	0.42167812851532	0.57141508164032	0.27194462851532	0.42167812851532	0.370693105034851	0.321298255507507	0.477009714624695	0.526755031874695
cg24690054-3-127176257	0.518242904272156	0.422587409032898	0.0957652432614136	0.540826585058289	0.573308827428894	0.443110993017273	0.495684171178894	0.114794106481628	0.48193994113739	0.519651194677429	0.284848041479187	0.572090467138367	0.413023489965515	0.456247734472351	0.280827110693054	0.516509205236511	0.210352734716492	0.51868439615448	0.429092780309753	0.426153636266785	0.496584186498718	0.422166603612976	0.482067767553406	0.367074538732605	0.402798226720886	0.28002131625946	0.511121212194519	0.187666187597351	0.492262758276062	0.419304554967957	0.531294722631531	0.751118608007507	0.441330814062195	0.589646707128601	0.496686789098816	0.418537699438171	0.423239991552429	0.507682850011902	0.0552264460812378	0.661121312841492	0.269386695653992	-0.0455490921878052	0.337817083959656	-0.0476115635012818	0.0343683398800659	0.39422348776825	0.485332508886414	-0.132165948938293	0.103476517797546	0.417242335607605	0.447813740331726	0.406952904821472	0.776376123937683	0.290305575536804	0.412966889013367	0.415887904699402	0.189328146947937	0.630484802587585	0.489552350195007	0.376621535619812	0.416074394201355	0.429084511144714	0.297609392187195	0.0871771907711791	0.328522631567078	0.833196230016785	0.403462473241882	0.499194837255554	0.426101580175476	0.405961337377625	0.555834561987	0.052621039159851	0.42167812851532	0.62569108164032	0.21766862851532	0.42167812851532	0.330860651995789	0.519908802468445	0.276080261585632	0.619265372835632
cg24717325-6-28784509	0.454646100927429	0.415120605688171	0.0766314399166871	0.423675781713562	-0.271577975915833	0.760919189672546	0.444798367834167	0.150616303136902	0.460959137792664	0.485934391332703	0.33739823813446	-0.12390433620636	0.446246686620789	0.483318931127625	0.274974307348328	0.283865401891785	0.0887259313717652	-0.0195824071902466	0.421386976965027	0.892739832922058	0.429184383153992	0.44239580026825	0.467303964208679	0.386594735387878	1.20520842337616	0.715891512914734	0.388321408849792	0.552501384252625	0.187797954931335	0.38567775162323	0.229629919286804	0.408821804662781	0.457213010717468	0.385811903783874	0.370517985754089	0.198864896093445	0.511414188207703	0.427816046667175	0.715680642736511	0.577684509496765	0.313734892309265	0.0563171044674683	0.424816280614929	-0.113469366846008	0.00911153653533942	0.359089684423523	0.394252705541687	0.49354724771698	0.92062871445282	0.864887532262878	0.834153936986999	0.397879101476746	0.409979320592957	0.252134772192078	0.48096308566864	0.526033101354675	-0.38264265639679	0.402425999242859	0.435850546850281	0.523200732275085	0.442722590856628	0.470354707799988	1.06901158884247	0.157155387426453	0.893348828222351	-0.0111045733279418	0.457442669897156	0.286244033910828	0.423560776830749	0.404529534032898	-0.257470241357727	0.859770235815124	0.42167812851532	0.20074358164032	0.64261612851532	0.42167812851532	0.323273969175476	0.517682119648132	0.35581657876532	0.48712068301532
cg24725789-10-119310288	0.54493355454071	0.407504059301453	0.0825568935299683	-0.302637764673157	0.560736477697449	0.627306643285828	0.506372821447449	0.676372756750183	0.464734591405945	0.461484844945984	0.400112691747742	0.330826117406921	1.18256514023407	0.454745384740906	0.935956760961609	0.512706855505066	0.0443373849850464	-0.191370953576965	0.391530430578308	1.12532428653534	0.494625836767273	0.603912253881531	0.52790941782196	0.34644118900116	0.388624876989441	0.698601966528015	0.397778862463074	0.126774837865906	-0.0867475914553834	0.814115205236511	0.383393372900085	0.933586258276062	0.51326246433075	0.550948357397156	0.460610439367371	0.317155349706726	0.401726641820984	0.469842500280456	-0.0100749036502075	0.218863963110046	-0.411660654077454	0.838384558080749	0.50505773422821	0.0971460867672729	0.0167709901486206	0.363300138036804	0.305830159154968	0.475568701330261	0.105809168066101	0.40160898587616	0.400754390600281	0.445416555090027	0.151881774206238	1.09270122580536	0.389814539281921	0.433527554967957	7.5797216491702e-05	0.16568545285614	0.490505000463562	-0.319472814111633	0.46970304446991	0.495823161413269	0.25775404245575	0.444979841039734	1.13379828183563	-0.0120861197146606	0.690356123510437	0.511566487524109	0.640003230444031	0.411465987646179	0.290783212255554	0.140905689428406	0.42167812851532	0.22827608164032	0.61508362851532	0.42167812851532	0.0516108106754761	0.445761961148132	0.41296042026532	0.42997684151532
cg24783211-4-55093038	0.425531306737976	0.425237811498718	0.862341645727234	0.142878987524109	0.300500229894714	0.408427395483093	0.359949573644714	0.679393508947449	0.42281134360321	0.49693359714325	0.303890443945007	0.482396869604187	0.456753892431336	0.407557136938171	0.537269513158875	0.433580607702332	0.645909137182312	0.1986977986203	0.844510182775574	0.409014038732605	0.511065588964539	0.441625006078796	0.407002170019226	0.539184941198425	0.401568629186707	0.0967567187252808	0.845721614660339	0.310851590063171	0.435212160741882	0.396012957433777	0.467525125097351	0.412109010473328	0.509036216528015	0.409974109594421	0.430497191564636	0.328875101903992	0.38904339401825	0.418037252477722	0.324225848547058	0.610623715307312	0.519654098119812	-0.0500886897219848	0.685369486425476	0.429193838964539	0.0603667423458863	0.71079389023407	0.486769911352234	0.404431453527527	0.786567920263367	0.403056738073425	0.403994142797546	0.869320307287293	0.355876526403503	0.255604978002625	0.419158291479187	0.415263307165222	0.514442549413757	0.680381205053406	0.446965752660828	-0.324936061914368	0.400031796667175	0.403183913610535	0.828732794653015	0.363370593237	0.841618034032898	0.746963632482605	0.397826875707703	0.400899239721375	0.400942982641296	0.401597739843445	0.46562896445282	0.965563441625671	0.42167812851532	0.49234558164032	0.35101412851532	0.42167812851532	1.00781447804266	0.39479862851532	0.451234087632507	0.279766113882507
cg24789723-10-102501346	0.431524738378601	0.365098243139343	0.911694077367859	0.217199419164734	0.363710661535339	0.402225827123718	0.428233005285339	0.0743439405880738	0.437628775243835	0.425793028783874	0.332603875585632	0.524294301244812	0.806363324071961	0.439504568578796	0.226678944799499	0.423739039342957	0.303889568822937	0.432344230260925	0.357463614416199	1.08776847037323	0.427778020605164	0.374605437719421	0.450497601659851	0.33586637283905	0.375222060827332	0.693273150365906	0.389620046300964	0.418181021703796	0.332570592382507	0.886765389074402	0.445800556737976	0.375799442113953	0.43446364816864	0.366814541235046	0.412502623205261	0.400077533544617	0.372816825658875	0.425854684118347	0.0242042801876831	0.587622146947937	-0.213474470239563	0.74292774191864	0.394632918066101	0.629105270605164	0.834075173986511	0.357343321874695	0.419342342992859	0.360684885168152	0.588783351903992	0.36428716971405	1.10643357443817	0.447709738927917	0.340155958044128	0.723756409643249	0.368875723119812	0.942543738805847	-0.103668018945618	0.371177636694031	0.421885184301453	0.243762369726257	0.5118162283078	0.87353334525116	0.52501522629364	0.425026024877625	0.452149465673523	-0.01444193587677	0.355933307348328	0.433938671361999	0.375720414281921	0.46518217148407	0.517312396093445	0.0142368732662964	0.42167812851532	0.35276758164032	0.49059212851532	0.42167812851532	0.990254418136413	0.32912856860907	0.120101027726257	0.516875327976257
cg24820672-13-112984728	0.431927680761414	0.541179185522156	0.0237040197506715	-0.313059638452454	0.495108603918152	1.05997376950653	0.373223947668152	0.122171882970886	0.466972717626648	0.508423971166687	0.512056817968445	-0.225060756372375	1.21354326645477	0.469873510961609	1.09910888718231	-0.438281018274231	0.80270551120575	0.141355172643738	0.516594556799011	0.356764412756043	0.364074962987976	0.705998380102234	0.409407544042664	1.16898531522186	0.600603003210144	0.701941092748718	0.372669988683777	0.293496964086609	0.54014753476532	0.337890331457214	-0.382389500879211	0.470255384496765	-0.327336409448547	1.23955248361786	0.377104565588074	0.860844475927429	0.321357768041687	0.38087862650116	0.853877222570496	0.62534208933075	-0.150406527856751	0.0421316843014528	0.909271860448914	-0.102369787012024	-0.0335798836306762	0.311823264257507	0.369345285375671	-0.266103172449035	0.895921294286804	0.662612112096863	0.410365516820984	0.90798068131073	0.104764900426941	0.772671352026062	1.05181866550262	0.90417068118866	0.479211923437195	-0.142579420923157	0.353555126684265	-0.39353368789093	0.394159170690613	0.408039287633972	1.11403416867645	0.690905967260437	0.553701408056335	-0.0642429934939575	0.87810424973114	0.0602646137448121	0.373944356664734	0.880411113866882	0.528625338476257	0.394750815649109	0.42167812851532	0.17896858164032	0.66439112851532	0.42167812851532	0.639891478042664	0.30920162851532	0.536831087632507	0.124255818882507
cg24831725-20-56025557	0.412270647802429	0.429897152563171	0.286271986791687	-0.342505671411438	0.551112570959167	0.458135736547546	0.455749914709167	0.105960850011902	0.505591684667664	0.287792938207703	0.31065178500946	0.61282121066864	0.784539233495789	0.550747478002624	0.430703854223328	0.502790948766785	0.358582478246765	0.553572139684753	0.404974523840027	0.427283379797058	0.499981930028992	0.44136834714325	0.500380511083679	0.595090282262878	0.41412497025116	-0.0524109402102662	0.404665955724792	0.156501931127625	0.307394501806335	0.61573029849823	-0.324395533838196	0.421151351537781	-0.376244442407532	0.409389450658874	0.479000532629089	0.463942442968445	0.403628735082703	0.437629593542175	0.106234189611511	0.655203056371765	0.158973439184265	0.778247651342468	0.340940827489929	0.0121971800289917	0.704094083410339	0.392092231298523	0.473040252416687	0.52734479459198	0.0842872613278198	0.423639079137878	0.420637483862	0.401248648351746	0.208471867467957	0.330750319067078	0.41846763254364	0.417689648229675	-0.0301851095217896	0.495757546117859	0.497329093725281	-0.293590720849914	0.465557137731628	0.444776254674988	0.757034135717468	-0.0543310656985474	0.479884375097351	0.745841973547058	0.405125216772156	0.515950580785828	0.791835323705749	0.736997080907898	0.294088305517273	0.0515407826901245	0.42167812851532	0.56476958164032	0.27859012851532	0.42167812851532	0.313549806628601	0.751579957101257	0.295561416218445	0.534124193468445
cg24847366-12-125034283	-0.398397575342102	0.36269592941864	0.0165017636471558	0.343717105444031	-0.341276652185364	0.654603513403015	0.440980691564636	0.941222626867371	0.413461461523132	0.255210715063171	1.11051956186493	-0.169413012475891	1.20145201035126	0.257178254858093	0.200633631078796	-0.356258274377746	0.813733255102234	0.494393916540222	0.672050300695496	0.408649156652527	0.381988706884461	1.20038512399872	0.471745287939148	0.938252059118347	0.591024747106628	-0.206861163354797	0.335543732580261	0.746760707983093	0.495240278661804	0.333944075353699	0.478444243017273	0.333915128393249	0.0242533344479371	0.449158227514343	0.162588309484558	1.00080621982391	0.329336511938171	0.351255370397644	0.00885696646697992	-0.326120166772766	0.421543216039734	0.432449428197937	0.604026604345398	-0.134686043115539	-0.0159361397341919	0.290199008153992	-0.421526970727844	0.419182571447449	0.638448038183288	0.388669855993347	0.651125260717468	0.485372425207214	0.180770644323425	0.829568095922546	0.539188409399109	0.553175425085144	-0.424698332666321	-0.184037677026673	0.298553870580749	0.517714056005554	0.341139914587097	0.579904031530456	1.06931091257294	0.759916711156921	0.30782315195282	0.825597750402527	0.492818993627624	0.441830357641296	0.516805100561218	0.398289857763367	0.520499082372742	0.822992559545593	0.42167812851532	-0.14263491835968	0.98599462851532	0.42167812851532	0.521739105034851	0.936261255507507	0.325963714624695	-0.0738065941253052
cg24859937-8-38411708	-0.351904816308899	0.439165688451843	0.896724522680359	0.537691864477234	-0.312703893152161	0.431686272436218	0.502225450597839	0.572122385900574	-0.0291017794436647	0.544448474096375	0.303908320898132	-0.137502253442688	0.40794176938446	0.451564013891296	0.289050390112	0.505849484655457	0.253214014135437	-0.123978324426575	0.399152059728699	0.42273591568573	0.528874465917664	0.422256883031921	0.511747046972351	0.38117981815155	0.413352506139832	0.436912595678406	0.447834491613464	0.148946467016296	-0.300153962304993	0.417052834386902	0.519135002050476	0.421782887426453	0.44722909348114	0.945026986547546	0.422680068517761	0.605195978857117	0.431715270971375	0.495614129430847	0.505337725500183	-0.226386407739563	0.523514975072937	0.62241718723114	0.361407363378601	-0.0958212840823363	0.162187619299011	0.385869767187195	0.445482788305359	0.480364330480652	0.139028797216492	0.42335261502655	0.431260019750671	0.388561184240417	0.975051403356629	0.27380385495575	0.448855168432312	0.416899184118347	0.547210426366882	0.174230082006531	0.501279629613953	0.591121815038757	0.4272196736203	0.42102979056366	0.28994267160614	0.173373470190125	0.322611910986023	0.04761050943573	0.411026752660828	0.463307116674499	0.503244859594421	0.40998961679657	0.182259841405945	0.0646783185787963	0.42167812851532	0.42850458164032	0.41485512851532	0.42167812851532	0.415034151995789	0.435735302468445	0.572503761585632	0.0662450468356323
cg24873562-10-124902349	0.468259568822937	0.442805073583679	0.881906907812195	0.48792024960907	0.360840491979675	0.443715657568054	0.472785835729675	0.11888677103241	0.456961605688171	0.487215859228211	0.324061706029968	0.535251131689148	0.412333154516296	0.395208399023132	0.290412775243835	0.189395869787293	0.073538399267273	0.420069060705261	0.409485444860535	0.422287300817566	0.535144851049499	0.428065268163757	0.491389432104187	0.380612203283386	0.416487891271667	-0.114783019189759	0.4162438767453	0.588918852148132	-0.198507577173157	0.456659219518738	0.325164387182312	0.427638272558289	-0.325126521387024	0.420187371679382	0.445716453649597	0.234774363988953	0.42201665610321	0.396593514562683	0.0186611106320191	0.294264977392273	0.541769360204773	0.813465572362976	0.521562748510437	0.6651401010495	0.870480004430847	0.417116152319031	0.498939173437195	0.469857715612488	0.140434182348328	0.432615000158386	0.422844404882507	0.395760569372253	0.213282788488464	0.975677240087585	0.421394553564148	0.424625569250183	0.530397811498718	0.734048467138367	0.487740014745789	0.603615200170593	0.427672058752136	0.422647175695496	0.287897056737976	0.0151358553219605	0.324466296117859	0.803233894567566	0.415257137792664	0.459655501806336	0.424395244726257	0.421861001928406	0.392957226537781	0.0813247037106323	0.42167812851532	0.54176158164032	0.30159812851532	0.42167812851532	0.441368105034851	0.475417255507507	0.406334714624695	0.275369774874695
cg24879782-2-19561482	0.180256287572937	0.440207792333679	0.0817416265621949	0.49393996835907	0.461528210729675	0.405302376318054	0.519710554479675	0.84729748978241	0.498870324438171	0.00818457797821054	0.874774424779968	0.554940850439148	0.427717873266296	0.513994117773132	0.345870493993835	0.466557588537293	0.589446118017273	-0.114767220544739	0.538331163610535	0.478556019567566	0.519035569799499	0.475276986913757	0.486820150854187	0.591014922033386	0.421679610021667	-0.122904300439758	0.4006565954953	0.125609570898132	0.435720141576843	0.393935938268738	0.189154105932312	0.396649991308289	0.533400197362976	0.489042090429382	0.505056172399597	0.253853082738953	0.42358637485321	0.511339233312683	0.505515829382019	-0.233145303857727	-0.415872921045227	-0.0618907088870239	0.308291467260437	0.729996819799499	0.00598372318084722	0.375007871069031	0.508972892187195	-0.0924015656375121	0.0712419010983277	0.476966718908386	0.391814123632507	0.431643288122253	0.175634507238464	0.256756958837585	0.393507272314148	0.421733288000183	0.376454530248718	-0.138720814111633	0.513784733495789	-0.326530081079407	0.412515777502136	0.593472894445496	0.329216775487976	0.42971357407196	0.385630014867859	0.774337613317566	0.389924856542664	0.511572220556335	0.414621963476257	0.504681720678406	-0.143753054712219	0.968944422460633	0.42167812851532	0.42404008164032	0.41931962851532	0.42167812851532	0.290705562636414	0.53461071310907	0.609314172226257	0.311393183476257
cg24922129-11-129242530	0.442063259374695	0.436421764135437	0.870159598363953	0.438978940160828	0.391017182531433	0.381687348119812	0.409229526281433	0.0190884615841675	0.288327296239929	0.457197549779968	1.01827939658173	0.467768822240906	0.304761845068054	0.42189908957489	1.00151946579559	0.39349756033905	0.662758089819031	0.451206751257019	0.293936135412293	0.407698991369324	0.399083541601257	0.366393958715515	0.400925122655945	0.350719893835144	0.303095581823425	0.648467671361999	0.962772567297058	0.28340454269989	0.00245011337860102	0.442121910070496	0.44882607773407	0.951325963110046	-0.486256830835266	0.29890806223114	0.416775144201355	0.10470705454071	0.305571346654968	0.414201205114441	0.291754801183777	0.562275667944031	-0.505247949243469	0.670330262914734	0.233087439062195	0.583846791601257	0.833061694982605	0.352121842870789	0.396437863988953	0.418982406164246	-0.0139271270999145	0.627484690710144	0.680159095434265	0.754990259924011	0.896674479040222	0.268476930639343	1.05226624411591	0.300048259801941	0.424942502050476	-0.217355842309875	0.400702705297546	-0.141696109277649	0.649437749303894	0.929684866247253	1.04926574728973	0.510092545873718	1.03868698666962	0.681475585119324	0.822849828344421	0.395626192358093	0.319075935278015	1.13224269248016	0.486893917089539	0.81866639426239	0.42167812851532	0.36898158164032	0.47437812851532	0.42167812851532	0.811225737175476	0.260151887648132	0.39134734676532	0.45158991501532
cg24943627-18-35147826	0.437939589941101	0.380639094701843	0.759425928930359	-0.384090729272766	0.524193513097839	0.375580678686218	0.417114856847839	0.0746567921505737	0.376744626806335	0.440734880346375	0.287256727148132	0.243679152807312	0.44101117563446	0.347129420141296	0.507720796362	0.449128890905457	0.546818420385437	0.347676081823425	0.442186465978699	0.40329632193573	0.0398228721676635	0.369465289281921	0.141717453222351	0.43125822440155	0.470505912389832	-0.166024998071594	1.00619089786346	0.535300873266296	0.381206443945007	0.380655240636902	0.376148408300476	1.15874529367645	-0.42557650026886	0.354773392797546	0.339336474767761	0.621903385107117	1.26752167722137	0.400793535680847	0.265772131750183	0.571775998510437	0.401811381322937	-0.0775854065188598	0.293067769628601	0.643118122167664	0.840594025549011	1.15271817343719	0.419612194555359	0.398151736730652	0.343148203466492	0.35488702127655	0.351191426000671	0.444248590490418	0.445991809606628	0.865516261205749	0.460393574682312	0.423609590368347	0.472482832616882	-0.191776511743469	0.430233035863953	0.00693022128875725	0.3543200798703	0.71933919681366	0.63385807785614	0.443505876440125	0.307273317236023	0.75558791568573	0.701611158910828	0.428249522924499	0.557233265844421	1.17908602304657	0.409155247655945	0.560680724828796	0.42167812851532	0.57458908164032	0.26877062851532	0.42167812851532	0.838490760675476	0.343643911148132	0.40307937026532	0.43985789151532
cg25110126-1-46999211	-0.324275221338196	0.441636283422546	0.105548117651062	0.408791459447937	0.176899701818543	0.435270867406921	0.324161045568542	0.652335980871277	0.418092815527039	0.448608069067078	0.309091915868835	0.500521341528015	0.416371364355164	0.457612608862	0.657656985082703	0.19918807962616	0.37570360910614	-0.326669729455872	0.413018654699402	0.425455510656433	0.536909060888367	0.420479478002625	0.430297641943054	0.400247413122253	0.416801101110535	0.663910190649109	0.426260086584167	0.589504061986999	0.56305263266571	0.420785429357605	0.513876597021179	0.425970482397156	0.542996688451843	0.42439958151825	0.451567663488464	0.24808357382782	0.601152865942078	0.46074072440155	0.515054320470886	0.60491518723114	-0.0350954299563598	0.853431782201843	0.334627958349304	0.572198310888367	0.0334682142697144	0.392690362157898	0.498439383276062	-0.246124074548645	0.0967903921871948	0.431948209997253	0.417242614721375	0.398647779211121	0.572224998327332	0.285628449926453	0.425339763403015	0.44485677908905	-0.207035978662415	0.649238676977234	0.476755224584656	0.63646041000946	0.427325268591003	0.416776385534363	0.287106266576843	-0.0479439348391724	0.326062505956726	0.400119104406433	0.413696347631531	0.554617711645203	0.420340454565125	0.417801211767273	0.0207004363766478	0.8006059135495	0.42167812851532	0.26776858164032	0.57559112851532	0.42167812851532	0.226894478042664	0.42506762851532	0.420965087632507	0.533584583882507
cg25144893-1-63792210	0.491463371191101	0.514931875951843	0.113057710180359	0.412750051977234	0.539378294347839	0.422353459936218	0.449300638097839	0.521362573400574	0.460015408056335	0.494548661596375	0.996316508398132	0.413377934057312	0.36066095688446	0.395670201391296	0.261992577612	0.478831672155457	0.065159201635437	0.451179863073425	0.523143247228699	0.48456810318573	0.420298653417664	0.421360070531921	0.410575234472351	1.01506900565155	0.410624693639832	-0.0793892168215943	0.407308679113464	0.168439654516296	0.509374225195007	0.526244021886902	0.459766189550476	1.13584207492645	-0.32314671901886	1.22134017404755	0.481165256017761	0.713865166357117	1.26065445847137	0.420517316930847	0.0508699130001831	0.138322779760437	0.300984162572937	0.0986103747311401	0.323765550878601	0.692623903417664	-0.0152331932009888	0.352377954687195	0.424499975805359	0.112636517980652	0.0736369847164917	0.39416380252655	0.393229207250671	0.358891371740417	0.283134590856628	0.27200104245575	0.980278355932312	0.403391371618347	0.484111613866882	0.532982269506531	0.447721817113953	0.119280002538757	0.4241888611203	0.37183097806366	0.25555085910614	0.539611657690125	0.724043098486023	0.74898269693573	0.440473940160828	0.4128573041745	0.732557047094421	0.37478880429657	0.211187028905945	0.905731506078796	0.42167812851532	0.0993015816403198	0.74405812851532	0.42167812851532	0.350302151995789	0.500467302468445	0.194094761585632	0.701366090835632
cg25208479-15-89943706	0.535216117284851	0.430689622045593	0.0959234562741089	0.536612798070984	-0.317293959558411	0.420947206029968	0.495645384191589	0.132013319494324	0.481653154150085	0.361039407690124	0.301768254491882	0.509176680151062	0.40141370297821	0.490273947485046	0.54271032370575	0.521921418249207	0.536040947729187	0.497798609167175	0.390728993322449	0.43563184927948	0.502938399511414	0.411581816625671	0.489290980566101	0.4044547517453	0.413789439733582	-0.105743470727844	0.405372425207214	0.131167400610046	0.499907971288757	0.445030767980652	0.437709935644226	0.514556821020203	0.51765502707489	0.404410920141296	0.530849002111511	0.214834912450867	0.496923204565125	0.511470063024597	0.142987659093933	0.675121525854187	0.512237908666687	0.40289812082489	0.334052296972351	0.575547649511414	0.107559552892761	0.423302700780945	0.506370721899109	0.419133264074402	0.584529730810242	0.4167425486203	0.402453953344421	0.383903117834167	0.180144336950378	0.3038977885495	0.460659102026062	0.418128117712097	0.546392359960632	0.608520015600281	0.479656563207703	0.121055748632507	0.41684160721405	0.40801972415741	1.12256560519989	-0.000136596216125495	0.433899844579773	0.39366444302948	0.402133686254578	0.50394005026825	0.407312793188171	0.40529855039032	0.567904774999695	0.399153252172546	0.42167812851532	0.62055458164032	0.22280512851532	0.42167812851532	0.265683478042664	0.41338062851532	0.432652087632507	0.527642011882507
cg25277809-2-128453484	0.166576035497742	1.05267254025848	0.898593374487	0.287916716283874	0.52741295865448	0.777944124242859	0.45522030240448	0.522002237707214	0.430976072362976	-0.303425674096985	0.311620172704773	-0.127910401636047	1.1174456211911	0.400673865697937	0.98307524191864	0.395741336462097	0.465648865942078	0.483199527380066	1.09765691153534	0.482872767492371	0.425681317724304	0.427962734838562	0.415810898778992	0.570511669958191	0.416676357946472	0.0459184474850464	0.415801343420105	0.870776318822937	0.497522889501648	0.438503686193542	-0.151175146142883	0.409055739233093	0.430389945287781	0.427260838354187	0.295008920324402	0.215831830663757	0.839359122778015	0.409231981237488	0.709237577306824	-0.217074555932922	0.0592298268795777	0.737257039037781	0.353406215185242	-0.0836724322756958	0.162034471105652	1.16979261899384	0.400740640112	-0.0362068177127076	0.884259649023132	0.902889466833191	0.458980871557312	0.415429036047058	0.966265255163269	0.31037570676239	0.410762020238953	0.544254035924988	0.409453278173523	0.185618933813171	0.438720481420593	0.172910666845398	0.852548525426941	0.4075346423703	0.387465523412781	0.669811321996765	0.555931762792664	0.0212373612423706	0.413313604467468	0.0630519684811401	0.451714711401062	1.19939746860321	-0.265903306787415	0.146722170385437	0.42167812851532	0.58725058164032	0.25610912851532	0.42167812851532	0.182521722636414	0.40574887310907	0.485347332226257	0.440255023476257
cg25283029-18-19746042	-0.375638706933899	0.411183797826843	0.949548632055359	-0.360358026147766	0.532675216222839	0.414411381811218	-0.0426804400271607	0.721707495275574	0.446565329931335	0.492073583471374	0.975721430273132	0.300739855932312	0.592696878759461	0.0692191232662964	0.311671499487	0.450359594030457	0.713644123510437	0.437930784948425	0.386062169103699	0.48984302506073	0.463529575292664	0.413589992406921	-0.332010843652649	0.54380892752655	0.582329615514832	-0.121113294946594	1.23915260098846	0.141410576391297	0.501400147070007	0.414315943761902	0.452694111425476	1.26177699680145	0.46236620285614	0.425657095922546	-0.371761822107239	0.583872088232117	0.442993380346374	-0.428673761194153	-0.0314721651248169	0.593901701635437	0.481304084447937	-0.10067970339386	0.332639472753601	-0.124877174707336	-0.0190232713259887	0.357517876562195	0.471937897680359	0.263110439855652	0.0711809065914918	0.44033072440155	0.391673129125671	0.643484293615417	0.750090512731628	0.23710396433075	0.962926277807312	0.419330293493347	-0.251329464258118	-0.166808808618469	0.229773738988953	0.549926924413757	0.3717207829953	0.47787789993866	0.25362678098114	-0.0134124204348754	0.289388020361023	0.79204961881073	0.399570862035828	0.4509942260495	0.462558968969421	0.62643672617157	0.253867950780945	0.924656427953797	0.42167812851532	0.57228158164032	0.27107812851532	0.42167812851532	0.904100613675476	0.366410764148132	0.42548522326532	0.41745203851532
cg25412017-5-175560449	-0.356781513086243	0.436643991674499	0.940860825903015	0.54199816769989	-0.351664589929504	0.430223575658875	0.494817753820496	0.10109268912323	-0.380184476221008	0.555820777319031	0.278036624120789	-0.232625950220032	0.414537072607117	0.528181317113953	0.513990693334656	0.515941787878113	0.130241317358093	0.544207978796082	0.371283362951355	0.397425218908386	0.45994476914032	0.410984186254578	0.512613350195007	0.351580121374207	0.385444809362488	-0.040329101098938	0.378753794836121	0.133280770238953	0.585727340917664	0.381945137609558	0.528813305273132	0.397215190649109	0.482230396703796	0.385462289770203	0.494015371740418	0.188880282079773	0.386015574194031	0.499618432653503	0.886766028722839	0.238060895483093	0.500286278295593	0.737356490453796	1.01942466660126	-0.12485498085968	0.903736922521667	1.03764807040985	0.478599091528015	0.569154633703308	0.634194100439148	1.23775691824921	0.793491322973328	0.370845487463074	1.03778570657928	0.249911158178406	0.384854471654968	0.390338487341003	0.529744729589539	0.760282385229187	0.467685932836609	0.583434118261414	0.396582976842957	0.387362093786316	0.246742974828796	0.612304773412781	1.03386821420868	0.0411028126583863	0.370281055883484	0.505888419897156	0.401017162817078	0.382858920019226	-0.318442855371399	0.171652621801453	0.42167812851532	0.62555308164032	0.21780662851532	0.42167812851532	0.869713695175476	0.187499845648132	0.43795030476532	0.40498695701532
cg25738714-1-50893658	0.516258311620789	0.438481816381531	0.114930650610046	0.504796992406921	-0.312497765222473	0.432311400365906	0.452614578527527	0.314608513830261	0.480713348486023	-0.315043397973938	0.99660344882782	-0.201645125513	0.419768897314148	0.472567141820984	0.302364518041687	0.350788612585144	0.131749142065125	-0.314167196496887	0.417488187658386	0.995271043615417	0.518349593847351	0.439622010961609	0.470755174902039	0.387337946081238	0.414682634069519	0.0581467236080932	0.419812619543152	0.154599594945984	-0.292544834375305	0.461608962316589	0.467338129980164	0.48601701535614	0.508807221410828	0.419958114477234	0.524775196447449	0.225855106786804	0.445413398901062	0.496115257360535	0.0211768534298706	-0.221799279809875	0.507986103002624	-0.0433646848391724	0.669820491308289	-0.0831471561526489	0.0741117472286987	0.391636895116882	0.479185916235046	0.188287458410339	0.233573925146179	0.438558742956238	0.433843147680359	0.429123312170105	0.176686531286316	0.287851982885437	0.428280296361999	0.425004312048035	0.42768155429657	-0.0219137900637818	0.50585375754364	0.561965942968445	0.431094801549988	0.429443918493347	1.04873579953583	0.232745598119812	0.33233503891571	0.679369637365417	0.421564880590515	-0.171389755395813	0.422987987524109	0.414052744726257	-0.254238030664368	0.856944446508484	0.42167812851532	0.59598058164032	0.24737912851532	0.42167812851532	0.238845060136414	0.45062121060907	0.549278669726257	0.395382685976257
cg25810484-12-54089486	0.497938457006531	0.394721961767273	0.488891795995789	0.487614137792664	0.392835380163269	0.371347545751648	0.477126723913269	0.148522659216003	0.488846493871765	0.423473747411804	0.266428594213562	0.500346019872742	0.62601804269989	0.468181287206726	0.936223663427429	0.166525757970886	0.0234832874508668	0.521473948888855	0.914733333044129	0.46294518900116	0.468994739233093	0.361743156347351	0.447284320287781	0.31672809146698	0.413439779455261	0.701338868993835	0.346284764928894	0.170316740331726	-0.329656688989563	0.831625107702332	0.520386275365906	0.382307160741882	0.47694136679657	0.397069259862976	0.471147341833191	0.162429252172546	0.363104544286804	0.481959402746277	0.385976998815613	0.195397865575867	0.490473248388367	0.55267646054657	0.283352636694031	0.394685989233093	0.078656892614441	0.579481040502625	0.463955061620789	0.303583603796082	0.265188070531921	0.35737288834198	0.365712293066101	0.580016457555847	0.919746676672058	0.238322128271179	0.349843441747742	0.356708457433777	0.464927699682312	0.74985335532196	0.454382902929382	0.472537088354187	0.56464994693573	0.913934063879089	0.23636294492157	0.0673647435055542	0.639988184301453	0.0133987827511596	0.419348025976257	0.477448389989929	0.382538132909851	0.360094890112	0.0652951147213744	0.505346591894226	0.42167812851532	0.60207408164032	0.24128562851532	0.42167812851532	0.708477478042663	0.36955762851532	0.476475087632507	-0.0949522031174926
cg25903779-15-68128025	0.425557983007507	0.37500648776825	0.860238321996765	0.17948766379364	0.510460906164246	0.367909071752625	0.361615249914246	0.67220418521698	0.366852019872742	0.459880273412781	0.248216120214539	0.463938545873718	0.350873568700867	0.388726813207703	0.984296189428406	0.453410283971863	0.648694813451843	0.384381474889831	0.528952859045105	0.425751715002136	0.46228326523407	0.362095682348328	0.334430846288757	0.339554617467957	0.357945305456238	-0.054503605005188	0.732587290929871	0.630574266332703	0.478345837011414	0.559321633703308	0.505230801366882	0.363000686742859	0.477079892797546	0.372425785863953	0.416270867834168	0.959599778173523	1.26646407028778	0.413056928747253	0.198282524816589	-0.272419608423157	0.472920774389343	0.539760986547546	0.871163162695007	0.39650151523407	0.847991418615418	0.860668566503601	0.436967587621765	0.397785129797058	0.382953596532898	0.369393414342957	1.10727481906708	0.454596983556824	0.853292202673035	0.388413654272156	0.606431967748718	0.353600983434753	0.00166022568328861	0.665632881322937	0.409584428930359	0.565872614355164	0.363902472936707	0.368135589880066	0.226206470922546	0.482664269506531	0.259680710302429	0.732774308752136	0.361014551977234	0.416925915990906	0.359456658910828	0.534736416112976	0.414489640722351	0.876386117895203	0.42167812851532	0.58594258164032	0.25741712851532	0.42167812851532	0.973440014175476	0.331918164648132	0.34175462376532	0.50118263801532
cg25950112-5-170740870	0.434100155492859	0.370088660253601	0.208272494482117	0.420200836278992	0.475699078649597	0.315625244237976	0.401869422399597	0.0255963577023316	0.400718192358093	0.467221445898132	0.44468729269989	0.42091371835907	0.313788741186218	0.393873985693054	0.325570361913757	0.421488456457214	-0.0343110140628052	0.442518647375183	0.289754031530457	0.421083887487488	0.417523437719421	0.310588854833679	0.387268018774109	0.826760789953308	0.355008477941589	0.588525567480164	0.425800463415222	0.570428438818054	0.278888009496765	0.30035280618866	0.354493973852234	0.869165859228211	0.432644065282898	0.494484958349304	0.407447040319519	0.374499950658875	0.708596242773132	0.398670101232605	0.471451697301941	0.585219564062195	0.435205946874695	0.748470159032898	0.305742335180359	0.606796687719421	0.831458591100769	1.10332873898895	0.411242760107117	0.46178330228241	0.87875676901825	0.506807586828308	0.326934991552429	0.423348156042175	0.514690375158386	0.411322826757507	0.31326514023407	0.560752155920105	0.42914939816864	0.308214053808289	0.40735360141571	-0.0317352131594848	0.820424645422058	0.417861762365417	0.700174643407898	0.583842441991882	0.630489882787781	0.721596481237488	0.395537724462585	0.422531088476257	0.365374831396179	0.374013588598328	0.477475813207703	0.0907602903805542	0.42167812851532	0.49977558164032	0.34358412851532	0.42167812851532	0.342414605034851	0.315117755507507	0.505288214624695	0.516539318874695
cg26014185-6-10033784	-0.269756200464172	0.81226330429657	0.556947138525085	-0.416810519678039	-0.384152277307434	0.945167888280945	0.398642066442566	0.8414600017453	0.426315836401062	-0.0172509100588989	0.353056936742859	0.453576362402039	0.432635385229187	-0.348207370263977	1.03545300595673	0.386080100500183	0.796065629980164	0.382545291418152	0.665464675573425	1.15450753153046	-0.43518191823761	1.14633549887665	0.294658662817078	1.11515843399628	1.12322112198456	0.650081211523132	1.14735010745819	0.449611082861023	0.0288666535397338	0.793719450231628	-0.427973382104797	1.18017650327118	-0.478227290674133	1.14725260239227	-0.286078315637512	0.908578594701843	0.357153886816101	-0.424802254724426	0.40516934134491	-0.289670791894836	-0.140568409082336	-0.166938196924133	0.559252979223328	0.61783633176239	-0.0527647648562622	0.337112383031921	-0.491000595849914	0.241275946325378	-0.00815058693878173	0.416493230871277	0.390329635595398	1.07337180008514	0.440146019201355	0.221602470800476	0.580064784277039	1.12922779996307	-0.427374957788391	-0.191697302148743	0.370212245458679	-0.352694569116516	0.847850289465027	1.08575140640839	0.598840287450867	0.708163086034851	1.03156652683075	-0.0785578747195433	1.12777836850555	0.354058732519226	0.546519475439148	1.1383082326413	0.494051457250671	0.0244399344235229	0.42167812851532	0.26067208164032	0.58268762851532	0.42167812851532	0.893221978042664	0.37258212851532	0.473450587632507	0.0586457998825073
cg26130488-17-59530104	0.431434369604187	0.383345874364929	0.572194708593445	0.43711605039032	0.527942292760925	0.394999458349304	0.394961636510925	0.55237257181366	0.383417406469421	-0.33157333999054	0.289028506811218	0.440901932470398	0.448686955297546	0.365858199804382	0.550160576025085	0.00149667056854247	0.0399312000485231	0.457585861486511	0.400294245641785	1.08160710159882	0.46161765183075	0.435971068945007	0.430173232885437	0.423081004064636	1.14574169205292	0.661636781591492	1.15832567752655	0.721960652929382	0.118991223608093	0.661886020299988	0.408127187963562	0.366167073339539	0.478673279394226	0.426516172460632	0.432247254430847	0.166011164770203	1.25951445688446	0.460298315343933	0.482726911413269	-0.261865221826477	0.235861160986023	0.345587373144226	0.338957549291687	0.61587090183075	-0.0321081947879028	1.11636395310028	0.446032974218445	0.104689516393738	0.570871983129578	0.376233800939636	0.353190205663757	0.417799370153503	0.843842589269714	0.390771040868835	0.418903354345398	0.375361370031433	0.459921612279968	0.309373267919617	0.442442815527039	-0.357156999048157	0.369920859533386	0.392461976476746	0.558831857519226	0.17091765610321	0.484100096899109	0.028341695348816	0.358544938573914	0.129831302587585	0.421023045507507	0.404959802709656	0.476236027319031	0.543867504491882	0.42167812851532	0.40855908164032	0.43480062851532	0.42167812851532	0.143961478042664	0.47306262851532	0.372970087632507	0.497932128882507
cg26251325-5-54518745	0.465057009618836	0.511185514379578	0.109032348608093	0.451850690404968	0.231447932775574	0.454389098363953	0.454469276525574	0.240323211828308	0.46558304648407	-0.115575699975891	1.01502014682587	0.488366572485046	0.416728595312195	0.423530839819031	0.298722216039734	0.470353310583191	0.336742840063171	0.45858750150116	0.414070885656433	0.967207741613464	0.432699291845398	0.438854708959656	0.412230872900085	0.389918644079285	0.890629332067566	0.29951142160614	0.701326317541199	0.472261292944031	0.113339863622742	0.408338660314636	0.499487827978211	0.419109713354187	0.416215919408875	0.406336812475281	0.443061894445496	0.212804804784851	0.967289096899109	0.445517955358581	0.0423585514279175	-0.0375935818118287	0.413218801000671	0.508644013158875	0.343343189306335	0.718942541845398	0.872289445226746	0.386521593114929	0.386221614233093	0.470117156408386	0.132246623144226	0.841748440954285	0.415810845678406	0.631031010168152	0.403874229284363	0.879864680883484	0.828104994360046	0.411513010046082	0.203437252294617	0.325696907934265	0.436574455541687	0.508206640966492	0.433456499548035	0.414555616491394	0.801989497533875	-0.0242137038821411	0.369487736913757	0.144428335363464	0.832109578588562	0.469166942602234	0.432864685522156	0.413440442724304	0.0261286673336791	0.0737831445065307	0.42167812851532	0.42358608164032	0.41977362851532	0.42167812851532	0.326930651995789	0.523838802468445	-0.0473187384143677	0.682100367835632
cg26327666-5-76937963	0.0348526091061402	0.438963113866882	0.747026948095398	0.491108289892273	-0.0242424677371216	0.440135697851257	0.529479876012878	0.341905811315613	0.228039645971374	0.397653899511414	1.06325874631317	0.00475317197235114	0.4168331947995	0.552994439306336	0.464212815527039	0.0422879100704956	0.0783714395504761	0.177414100988464	0.473807485143738	0.720952341100769	0.490418891332703	0.47390230844696	0.54575447238739	0.377183243566589	0.416215931554871	0.741314021093445	0.437861917028503	0.657342892431335	-0.261282536889954	0.401183259801941	0.521313427465515	0.439779312841492	0.425401518896179	0.412190411962585	0.5280924939328	0.223266404272156	1.32760969638641	0.510122554845886	0.217926150915222	0.382971017675476	0.519336400487976	0.223682612646179	0.58709778879364	0.0835491413327026	0.0138670447140503	0.371429192602234	0.504090213720398	-0.107727244104309	0.487539222631531	0.819592040441589	0.39066744516571	0.387993609655457	0.320862828771667	0.306450280370789	0.561283593847351	0.547748609533386	0.377852851781921	0.32426450742157	0.496135055028992	0.511583240453796	1.32264609903534	0.814642215978699	1.06988709702118	0.420448895605164	0.329528336401062	0.518312934850769	0.410332178075867	0.254734542089539	0.42055328500946	0.423220042211609	-0.244317733179016	0.0492707439938354	0.42167812851532	0.00990858164031988	0.83345112851532	0.42167812851532	0.342612398636414	0.35963454910907	0.557624008226257	0.486369347476257
cg26539455-6-31786772	0.372404719457703	1.08532422421844	0.00952705844696061	-0.422872599756165	-0.414043357385559	0.69590780820282	-0.465476013635559	0.367618921667175	-0.448655243677063	-0.413112990137024	0.318872856664734	-0.305328717676086	1.14989730515106	-0.419035450342102	0.258224925878601	-0.447337979577942	0.657055549902039	-0.359149788659973	0.4463225954953	0.444404451452332	0.230814001684265	1.13783141879852	0.352630582738953	1.11225235391815	1.14207204190643	0.641409131445007	1.15765702738007	0.864395002782898	0.426634573461609	0.790768370153504	0.371321537817078	0.416629423193054	0.00369962924774186	1.12932352231415	0.208277604284363	0.964135514623718	1.15396380673798	0.298711665197449	0.771335261266785	-0.343470871972961	0.362841510839538	0.0151027229977417	0.998180899145202	0.138139251684265	-0.101767844934387	0.262504302953796	-0.49995767592804	0.306118866247253	0.789140332983093	1.01523015079315	0.845851555517273	1.09160072000702	0.90719393912323	1.01857239072235	1.07403470419891	1.03900271988495	-0.453761037866516	-0.241318382226868	0.346957165380554	-0.385214649194641	0.322043209386902	1.12478232633026	1.01284220737274	0.586579005956726	0.574614446752625	-0.0751869547976685	1.16747928842743	-0.487848347558899	1.08867739536102	1.10997015256317	0.436837377172546	0.799644854345398	0.42167812851532	-0.0524869183596802	0.89584662851532	0.42167812851532	0.666968478042664	0.62847562851532	0.217557087632507	-0.0083310831174927
cg26578049-5-87985911	0.489918470556335	0.467702975317078	0.872724809545593	0.499879151342468	0.539907393713074	0.621450559301453	0.452585737463074	0.204556672765808	-0.37817649257843	0.442164760961609	0.491802607763367	0.582880033422546	0.374495056249695	0.481276300756531	0.255296676977234	0.268752771520691	0.0323433010006715	0.48656196243866	0.368146346593933	0.384122202550964	0.407487752782898	0.442713169897156	0.435778333837585	1.00999510501678	1.20622279300507	-0.0808791174563599	0.380283778478699	0.842806753881531	0.0996663245602417	0.456768121252136	0.14294628891571	0.453492174291687	0.428047380346375	0.917216273412781	0.399915355382996	0.265195265722351	1.28330855783661	0.435688416296082	0.00458901236541753	-0.178476120874329	-0.126823738061829	-0.0694615259036255	0.349521650243836	0.751248002782898	0.856530906164246	0.385123054052429	-0.258370924829407	0.513757617345886	0.926222084081726	0.435509901891785	1.12687630661591	0.410063471105652	0.152283690221863	1.01131014182098	0.378344455297546	0.387312470983582	0.288627713232117	0.376235368871765	0.433198916479187	0.493120101903992	1.14835196048554	0.368403077428894	0.249091958471375	-0.0656562429446411	0.357754197851257	-0.0230462036990356	0.372999039526062	0.422350403539734	0.439690146459656	0.420414903661804	0.410074128271179	0.687361605444031	0.42167812851532	0.23470858164032	0.60865112851532	0.42167812851532	0.459490105034851	0.569799255507507	0.388212714624695	0.108980542874695
cg26678605-10-118925011	0.457122366186218	0.38309987094696	0.782269705175476	0.181874046972351	0.527001289342957	0.379413454931335	0.420047633092957	0.432525568395691	0.391604403051453	0.427880656591492	0.67200450339325	0.416148929052429	0.357441951879578	0.392967196386414	0.236358572607117	0.422306667150574	0.465489196630554	0.421525858068542	0.579228242223816	0.372700098180847	0.490320648412781	0.396056065527039	0.425266229467468	0.352401000646668	0.622835688634949	0.675271778173523	0.780031674108582	0.0990556495114135	0.483902220190124	0.359280016882019	0.460544184545593	0.36739606992157	0.182962275976257	0.381095169042664	0.424321251012878	0.983709161352234	0.361395453466492	0.428476311925964	-0.0330730920046997	0.451159774755554	0.500341157568054	0.793641369726257	0.328030545873718	-0.108096101587219	-0.0244961982058716	0.474715949682312	0.441834970800476	0.407413512975769	0.0442329797116089	0.423010797521668	0.363048202245789	0.611700366735535	0.903891585851746	0.360531037450867	0.371490350927429	0.825993366613464	-0.294356391138	0.398047264501648	0.44048681210907	0.398467997533875	0.668718856115418	0.430522973058777	0.236581854101257	0.524427652685242	0.27532409348114	-0.0318713080691528	0.874744935155945	0.437457299169617	0.362878042089539	0.360093799291687	0.478465023901062	0.0121235010739135	0.42167812851532	0.46593008164032	0.37742962851532	0.42167812851532	0.736422429175476	0.350677579648132	0.36478903876532	0.47814822301532
cg26718878-7-96647882	0.525166055517273	0.567820560278015	0.0831693945065308	-0.300547263696594	0.321483978674011	0.42746414426239	0.460350322424011	0.742025257726746	0.432569092382507	0.102523345922546	0.988105192724304	0.207901618383484	0.380354641210632	0.317843885717468	0.770250261938171	0.0321423564816284	0.223597885961609	0.538648547399597	0.385227931554871	0.380876787511902	0.482755337743835	0.410376754858093	0.482148918798523	0.370143689977722	0.370716377966003	-0.0462195324954224	0.417119363439636	0.315106338842468	0.556803909521179	0.781156706213074	0.525308873876648	1.27394075925262	-0.444913034692688	0.385036858373718	0.508278940343933	1.07308185068329	1.32213414279755	0.388934001257019	0.471266597326355	0.277756464086609	0.518953846899109	0.741931059057312	0.731537235204773	0.284270587743835	0.893642491125183	0.344478639013367	0.493334660131531	0.495435202306824	0.0750856690426636	0.392183486852722	0.376947891576843	0.492185056066589	1.0222922751828	0.365091726781921	0.743875040258484	0.674790055944519	0.540556298193054	0.179830953832703	0.475738501440124	0.0637186868649292	0.386322545446472	0.377770662389832	0.252602543432312	0.120345342016296	0.764072782812195	-0.0240946187380981	0.451293624487	0.498136988500671	0.396009731420593	0.437865488622742	0.370265713232117	0.949840190404968	0.42167812851532	0.47181358164032	0.37154612851532	0.42167812851532	0.293476605034851	0.833404755507507	0.554226214624695	0.278373600874695
cg26820636-2-237083222	0.433402856420593	0.420570361181335	0.813556195409851	0.407131537206726	-0.230310220422668	0.42245994516571	0.422390123327332	0.631588058630066	0.449378893285828	0.157200146825867	0.720569993627624	0.466867419286804	0.425890442113953	0.458982686620789	1.05668606284149	-0.361681842615051	0.152130686864929	0.435162348302918	0.485963732458191	0.426787588415222	0.385037138647156	0.421667555761414	0.457762719701843	0.397596490881042	1.11949817886932	0.456348268407898	0.427331164342957	0.502132139745789	0.458987710424499	0.404626507116394	0.326579674779968	0.379007560155945	0.398819766210632	0.426724659277039	0.368293741247253	0.247888651586609	0.383346943700867	0.418982802160339	-0.0128766017703247	-0.242562735010071	0.0396656478024292	0.762856859960632	0.436568036108093	0.465753388647156	0.830939292028503	0.346947439916687	0.371277461034851	0.506458003210144	0.781611469945984	0.420453287756043	0.426723692480164	0.49048985696991	0.386794076086121	0.372636527685242	0.476277841161804	0.481634856847839	0.431189099096375	-0.146406245263977	0.414930302343445	0.0964154877682494	0.379034346349792	0.434230463293152	0.336951344335632	0.394502142919617	0.307053583715515	0.414893182165222	0.42180742539032	0.439284789403992	0.442300532323914	1.21152428952606	-0.171263485864563	0.0317359913082885	0.42167812851532	0.22808258164032	0.61527712851532	0.42167812851532	0.278261151995789	0.572508302468445	0.259565761585632	0.621188928835632
cg26855801-2-45176983	0.474473210058289	1.18635471481903	0.108670549047547	0.496048890844421	0.468767133215027	0.418453298803406	0.403137476965027	0.786515412267761	0.399134246923523	0.318077500463562	0.76299634726532	0.4892847729245	0.422371795751648	0.415438040258484	1.01698841647919	0.366723511022644	0.184265040502625	0.463906701940613	0.684716086095886	0.443271942052917	0.487919492284851	0.438900909399109	0.404145073339539	0.373328844518738	0.832166532507019	0.670698622045593	0.428215517980652	0.142591493383484	0.231810064062195	0.410632860754089	0.475067028417664	0.41965191379364	0.445258119848328	0.725176012914734	0.450207094884949	0.585391005224304	1.31077829733856	0.447874155798035	0.670549751867371	-0.109719381372375	0.496266001440125	-0.0456767864016722	0.364078389745789	0.0265577422848511	0.214637645666199	1.09931179355438	0.472554814672546	0.195087356847839	0.134039823583679	0.431803641393738	0.544201046117859	0.400649210607605	0.580718429723816	0.309729881322937	0.427655194799499	0.423277210485535	0.38816645273407	0.246845108373718	0.46157865598114	-0.145994158594055	0.424684699987488	0.421654816930847	0.386796697973328	0.415378496557312	0.76732293735321	0.0777415358029175	0.415135779028015	0.411785143041687	0.418498885961609	0.422399643163757	0.338633867773132	0.104916344945984	0.42167812851532	0.41219308164032	0.43116662851532	0.42167812851532	0.254877478042664	0.45106262851532	0.394970087632507	0.494055191882507
cg26871372-4-41867517	0.430191924657898	0.84897142941864	0.656422263647156	0.435211605444031	-0.432841152185364	0.341090013403015	0.426936191564636	0.0115971268673707	0.441352961523132	0.247266215063171	0.205938061864929	0.452457487524109	0.326715510351257	0.436755754858093	0.157108131078796	-0.373042774377747	0.267388755102234	0.479050416540222	0.571607800695496	0.704452656652527	0.404787206884461	0.336495623998718	0.427808787939148	0.800419559118347	0.816734247106629	0.391608336645203	1.11315623258026	0.457382207983093	0.0758257786618043	0.419883575353699	0.386150743017273	0.513712628393249	0.417432834447937	0.326466727514343	0.377708809484558	0.283757719823914	1.21162901193817	0.414528870397644	0.03095246646698	0.580746333227234	0.419707716039734	-0.152141071802063	0.511262104345398	0.59366445688446	0.700969360265808	1.16640350815399	0.407484529272156	0.421018071447449	0.876330538183289	0.539268355993347	0.326537760717468	0.337395925207214	0.387262144323425	0.957596595922547	0.320291909399109	0.626800925085144	0.429750167333679	0.647852822973328	0.405891370580749	0.519949556005554	1.2163264145871	0.350733531530456	0.950325412572937	0.407435211156921	0.76019465195282	-0.110406749597473	0.525766493627625	-0.484621142358704	0.333632600561218	0.331433357763367	0.252548582372742	0.748090059545593	0.42167812851532	0.61177308164032	0.23158662851532	0.42167812851532	0.330156105034851	0.534864255507507	0.517546714624695	0.323244961874695
cg26904260-11-45714651	0.408032638036804	0.425465142797546	0.914665977026062	0.168583318822937	0.233833561193542	0.724339726781921	0.0915309049435424	0.0870188402462768	0.450204674902039	0.0407779284420776	0.288106775243835	0.505516200903015	1.04356622373016	0.454997468236999	1.0203518444577	0.40837293900116	0.53038046848114	0.479253129919128	0.463486514074402	1.10360737003143	0.363098920263367	0.416825337377625	0.406842501318054	0.746956272497253	0.394812960485535	0.225125050024109	0.390313945959168	0.141827921362	0.46537149204071	1.25987428873261	-0.359722543603821	0.477695341772156	0.405120547826843	0.38747244089325	0.333355522863464	0.85246243320282	0.385346725317078	-0.0605604162234498	0.765620179845886	-0.17814995339386	0.46640342941864	0.0867316415768433	0.587456817724304	0.689887170263367	0.709642073644714	0.370253221532898	0.291519242651062	0.457618784826355	0.368286251562195	0.766630069372253	0.764974474096374	0.85945863858612	0.173381857702332	0.860566309301453	0.418451622778015	0.45640363846405	0.472248880712586	-0.0139324636477661	0.409580083959656	0.50725426938446	0.736604127966003	1.10513324490936	1.07724212595184	0.0655929245358275	1.13081636533173	0.0201099637814332	0.395349207006531	0.461981571020203	0.418289313940125	0.402093071142273	0.508258295751648	0.2718237729245	0.42167812851532	0.58080608164032	0.26255362851532	0.42167812851532	0.781097978042663	0.74312112851532	0.102911587632507	0.0758985238825075
cg27196974-17-80337729	-0.333449266992493	0.44547623776825	0.995482071996765	0.51365941379364	-0.321521343835754	0.436216821752624	0.537812999914245	0.96595993521698	0.542948769872742	-0.327873976587219	1.19578187021454	0.0222182958737183	0.930687318700867	-0.240599436792297	0.437738939428406	-0.355072966028137	0.361870563451843	0.369690224889832	1.14939760904511	1.14676246500214	0.11729101523407	0.433945432348328	0.576398596288757	0.369046367467957	0.513367055456238	0.029687144994812	1.26150004092987	0.303354016332703	-0.274470412988586	0.406277383703308	-0.000990448633117591	0.407122436742859	0.515643642797546	0.408055535863953	0.539697617834167	0.269864528173523	0.440250820287781	-0.373293321252747	0.110957274816589	0.690642141576843	-0.394340475610657	-0.0562482634524537	0.390834912695007	-0.0257867347659302	0.00659816861541745	0.386825316503601	0.462849337621765	-0.189573120202942	0.0825383465328979	0.556638164342957	0.418357569067078	0.477302733556824	0.217452952673035	0.851205404272156	0.426534717748718	0.453890733434753	-0.369393024316711	0.774294631322937	0.511353178930359	-0.280960635644836	1.33190022293671	0.438376339880066	0.339500220922546	0.727531019506531	0.361218460302429	0.896304058752136	0.575594301977234	0.521265665990906	0.427230408910828	1.09372216611298	-0.270491609277649	0.195056867895203	0.42167812851532	0.38113458164032	0.46222512851532	0.42167812851532	0.325806651995789	0.524962802468445	0.565899261585632	-0.121744027164368
cg27258050-10-134623278	0.329691157690125	0.333269662450867	0.0564404966793824	-0.0892831615237426	0.489475080846863	0.554320246435242	0.425047424596863	0.272487359899597	0.451387194555359	0.244994448095398	0.363871294897156	0.217284720556335	1.17175774338348	0.42992998789032	0.301795364111023	0.43338645865448	0.56125998813446	0.446567649572449	0.445267033727722	0.464641889684753	0.00702843991668706	0.720227857030945	0.454257020971374	0.964516792150574	1.17132848013886	0.648735569677429	0.596491465612488	0.41998544101532	-0.294478988305969	0.668287808385925	-0.4513250239505	0.358020861425476	-0.494120932519836	0.34564996054657	0.399976042516785	0.19879095285614	0.304366244970398	0.266529103429871	0.482938699499207	0.10738656625946	0.34237594907196	0.711924161230164	1.09377033737762	0.00869968991668707	0.819511593298035	0.298374741186218	-0.0555652376956175	0.526480304479675	-0.0155922287844848	0.412049589025574	0.576828993749695	0.555703158239441	0.125139377355652	0.880267828954773	0.422688142431335	1.07204815811737	-0.401102599634094	-0.212799943994446	0.395105603612976	-0.324213210962219	0.815089647619324	0.735066764562683	0.377123645605164	0.515858444189148	0.391154884985046	0.696398483434753	0.586169726659851	0.425294090673523	0.397189833593445	1.17293259079559	0.535219815404968	-0.0599187074221802	0.42167812851532	0.25342358164032	0.58993612851532	0.42167812851532	0.245042549675476	0.563353700148132	0.52119015926532	0.32174710251532
cg27315333-2-63285950	0.434181729101257	0.421823233861999	0.0884330680905152	0.45871440988739	0.238910652257996	0.657242817846375	0.379084996007996	0.63554293131073	0.358123765966492	0.442593019506531	0.742080866308289	0.206043291967468	1.08084631479462	0.419643559301453	0.282471935522156	0.406343030065613	0.0991365595455934	0.409951220983581	0.484019605138855	0.409525461095886	0.45100301132782	0.434226428442078	0.418297592382507	0.382107363561707	0.413573051549988	0.420005141088562	0.401728037023621	0.451208012426453	-0.284594416894836	0.409081379797058	0.436628547460632	1.19080743283661	0.478038638891296	0.423153531957703	0.452598613927918	0.219557524267273	0.408742816381531	0.442543674841003	0.0184272709103394	0.602947137670593	0.482494520483093	0.0677117326412965	0.399658908788757	0.66618426132782	0.867798164709167	0.379617312597351	0.465408333715515	0.225461875890808	0.919026342626648	1.14601016043671	0.401847565160828	0.438482729650574	0.191098948766785	0.778127400365906	0.416942713842468	0.445027729528503	0.491139971777039	0.617403627416687	0.413803175024109	0.516232360448914	0.437512219030457	0.410345335973816	0.597984217016296	-0.0207029843997192	0.319496456396179	0.117602054845886	0.421814298070984	0.436488662084656	0.428513405004578	1.16071116220673	-0.246426613183899	0.125718863988953	0.42167812851532	0.39403408164032	0.44932562851532	0.42167812851532	0.300616151995789	0.550153302468445	-0.0137542384143677	0.667714616835632
cg27369096-5-2169769	0.456709169775085	0.564509674535828	0.199254508764343	-0.366898149438782	0.265559092931824	0.828834258520203	0.459055436681824	0.575498371984558	0.47832320664032	0.340788460180359	0.799851306982117	-0.153684267358704	0.900229755468445	0.507417999975281	1.00645237619598	0.437590470739441	0.287250000219421	0.29424866165741	0.727771045812683	0.427887901769714	0.346698452001648	0.784645869115906	0.475279033056336	0.856948804235535	0.518811492223816	0.69657958176239	0.389231477697449	0.434156453100281	0.230782023778992	0.375682820470886	-0.34907701186554	0.330871873510437	-0.501378920434875	0.498493972631531	0.371780054601746	0.149389964941101	0.303598257055359	0.440750115514832	0.247056711584168	-0.330492421655579	-0.474794038843079	-0.0447338266848754	0.570680349462586	0.328815702001648	0.135903605382996	0.307252753271179	0.370502774389343	0.582265316564636	0.0283997833004762	0.563781601110535	0.366827005834656	1.1556371703244	0.285659389440613	0.262130841039734	0.782093154516296	0.612589170202332	0.448526412450867	-0.153486931909485	0.421795615697937	-0.402941198877258	0.584489659704285	0.465809776647644	0.205584657690124	0.690513456274109	0.420817897070007	-0.0232765044802855	1.23237373874481	-0.0238698972415161	1.23726284567841	0.538321602880554	0.552794827489929	-0.0029736953372192	0.42167812851532	0.18510758164032	0.65825212851532	0.42167812851532	0.424859105034851	0.818222255507507	0.422843714624695	-0.125375426125305
cg27522573-16-87622478	0.117942994115906	0.405622498876648	0.0820903331051637	0.370197674902039	-0.305782082727356	0.963932082861023	0.317461261022644	0.587845196325378	0.10533703098114	0.430919284521179	0.834405131322937	0.357388556982117	0.928222579809265	0.410387824316101	0.868044200536804	0.417761295080261	0.454857824560242	0.34491448599823	0.387743870153503	0.388285726110535	0.407342276342468	0.564820693456726	0.408909857397156	0.380489628576355	0.425713316564636	0.700867406103211	0.391896302038269	0.133454277441101	0.474965848119812	0.384932644811707	0.395928812475281	0.391107697851257	0.458264903905945	0.388443796972351	0.474016878942566	0.541237789281921	0.385438081396179	0.439110939855652	0.783994535924988	0.597153402685242	0.467162785497742	0.782078997655945	0.665628173803406	-0.104442473657532	0.276842429723816	0.363848577612	0.160298598730164	0.424296140905456	0.547065607641296	0.411832425451355	0.515275830175476	0.431392994665222	0.564486213781433	0.358353665380554	0.402881978857117	0.439807994543152	0.486643236791687	0.190357892431335	0.393259440038757	0.514353625463562	0.428540484045105	0.779112600988464	0.270941482030945	0.586097280614929	0.339160721410828	0.470591319860535	0.488175563085632	0.443687927099304	0.394435670019226	0.560218427221374	0.491450651830749	0.100968129003601	0.42167812851532	0.46342108164032	0.37993862851532	0.42167812851532	0.480008105034851	0.732778255507507	0.367694714624695	0.357833502874695
cg27585222-2-114737730	-0.501464967431946	0.331916537328796	0.469454371557312	-0.482265286645813	0.327574955724793	0.883328121313171	-0.510533700525208	0.794283234777527	-0.208678930566711	0.175593322973328	0.983595169775085	0.109511595434265	0.905426618261414	-0.464588137231751	0.969453238988953	0.31980733353241	0.72319986301239	-0.459212475549622	0.983745908605652	1.12635776456268	-0.593305685205383	1.10378473190887	-0.491622104150696	1.0032776670285	1.07047735501678	0.328254444555359	1.03776534049042	0.49559231589325	0.38542288657196	0.357645683263855	-0.481519149072571	1.09588273630341	-0.331374057641907	1.0278808354245	-0.310415082605286	0.91716682773407	1.08514511984833	-0.5565130216922	0.689494574377136	0.38056844113739	-0.42382717605011	0.463003036108093	1.00555121225555	0.0136605647946167	-0.119214531824036	0.234456616064148	-0.558482362817688	-0.212299820642395	-0.0515043539065552	1.1267924639035	0.344145868627625	0.99188403311737	0.869022252233582	0.553857703832703	0.315579017309265	1.1039870329953	0.227223275243835	0.477249930883484	-0.483882521509094	-0.47085033608429	1.09596252249725	0.443362639440613	0.324516520483093	0.615644319067078	0.451784759862976	0.688977358312683	0.786110601537781	-0.548270034448547	0.514687708471375	1.00080546567352	0.399907690282898	0.77278516745575	0.42167812851532	0.0821155816403198	0.76124412851532	0.42167812851532	0.733123605034851	0.973781755507507	0.114579214624695	-0.557147554125305
cg27636310-1-46632696	-0.424427494531555	0.366518010229187	0.713343844457703	0.479243186254578	0.475155428625183	0.361384594213562	0.417053772375183	0.0483077076779175	0.385071542333679	0.472721795873718	0.221491642675476	0.478641068334656	0.418321091161804	0.40921133566864	0.218107711889343	0.4387458064328	0.437289335912781	0.424373997350769	0.329422381506042	0.348467237463074	0.465620787695007	0.349083204809265	0.428768368749695	0.319063139928894	0.342054827917175	0.642212917455749	1.13321681339081	0.23614278879364	0.445109359472351	0.346184156164246	0.45010032382782	1.1566872092038	0.470644415258484	0.34189430832489	0.407481390295105	0.14940430063446	1.28953059274872	0.444995451208191	0.791923047277527	0.492674914037781	0.481498296850281	0.779414509008484	0.712895685155945	0.608496037695007	0.384229941076355	0.378066088964539	0.440486110082703	0.413288652257996	0.950456118993836	0.851774936803894	0.427351341528015	0.345267506017761	0.899473725133972	0.211009176733093	0.349844490209656	0.345896505895691	0.495364748144226	0.678308403783874	0.441654951391296	0.570259136816101	0.356703995397644	0.340855112341003	0.215165993383484	0.314046791967468	0.524510232763367	-0.0599661687869263	0.716209074438172	0.428578438451843	0.351129181371765	0.339826938573914	0.308721163183289	0.15589964035614	0.42167812851532	0.63228758164032	0.21107212851532	0.42167812851532	0.766351587675476	0.294724738148132	0.37759119726532	0.46534606451532
cg27650906-20-21372807	0.397341484350281	0.382939989111023	0.908590823339539	0.400044165136413	0.536686407507019	0.382184573095398	0.373616751257019	0.196723686559753	0.448227521215515	-0.0408392252444458	0.258342621557312	0.220484047216492	0.37133507004364	0.418822314550476	0.537594690771179	0.467328785314636	0.312941314794617	0.399880976232605	0.430826360387878	0.37420821634491	0.214068766576843	0.703913183691101	0.390008347631531	0.39234111881073	0.979259806799011	0.104310896337585	0.795478792272644	0.564121767675476	0.472247338354187	0.865957135046082	0.337519302709656	0.359336188085632	0.45613839414032	0.406684287206726	0.425009369176941	1.0155782795163	0.962299571630554	0.423859430090027	0.524151026159363	0.627126892919617	0.366111275732117	0.0902664878903198	0.659525664037781	0.656979016576843	-0.0350200800418091	0.574663067846374	0.422098088964539	0.450012631139831	0.542860097875671	0.82897591568573	0.419220320409851	0.373069484899597	0.151829704015808	0.451984155614929	0.679403469091492	0.651735484777527	0.283401727026062	-0.00108861733428955	0.444291930273132	0.535537115697937	0.37827797427948	0.397687091222839	0.27792997226532	0.453303770849304	0.679110211645203	0.48281081009491	0.385562053320007	0.448937417333679	0.388706160253601	0.377607917455749	-0.284502857934876	0.791626619237976	0.42167812851532	0.50252158164032	0.34083812851532	0.42167812851532	0.262815978042664	0.41536012851532	0.430672587632507	0.450610111882507
